1 0.675922 0.637371 0.052899 0.032917
1 0.588667 0.543029 0.050828 0.02926
1 0.667169 0.543782 0.052334 0.029475
1 0.663968 0.49602 0.050075 0.025172
3 0.878671 0.650818 0.090173 0.023236
1 0.967244 0.644256 0.029367 0.057874
1 0.948513 0.552388 0.049887 0.025172
1 0.482116 0.597784 0.051581 0.034639
1 0.485881 0.568201 0.046687 0.024096
1 0.685335 0.398343 0.046122 0.025602
1 0.542828 0.364888 0.042733 0.022806
1 0.539345 0.408133 0.044051 0.027108
4 0.354575 0.397913 0.034074 0.044966
4 0.689288 0.156411 0.041604 0.031411
3 0.60561 0.274957 0.064383 0.018933
4 0.747082 0.151355 0.028426 0.023881
