1 0.182212 0.609615 0.0375 0.024359
1 0.248678 0.662981 0.038221 0.021474
1 0.291707 0.676603 0.029087 0.04359
4 0.229087 0.701442 0.051442 0.036218
4 0.458534 0.672917 0.041106 0.035577
1 0.41863 0.663622 0.038221 0.028526
1 0.446755 0.576603 0.033894 0.01859
1 0.313101 0.589423 0.027644 0.039744
1 0.522356 0.606731 0.023558 0.040385
1 0.59988 0.60016 0.038221 0.024038
1 0.710216 0.61907 0.039183 0.024679
1 0.57488 0.687019 0.041106 0.030449
1 0.729688 0.44375 0.018029 0.014423
1 0.456851 0.44968 0.03101 0.017308
1 0.50637 0.321955 0.029567 0.014423
1 0.522356 0.266026 0.025962 0.013462
