1 0.357812 0.452724 0.029087 0.018269
5 0.429327 0.448397 0.046635 0.035256
4 0.421875 0.496314 0.025 0.01891
2 0.419952 0.477404 0.065385 0.019551
4 0.517428 0.484455 0.022837 0.020192
5 0.501082 0.514904 0.048317 0.036859
5 0.57524 0.458173 0.045673 0.036859
1 0.58137 0.501282 0.027644 0.017308
4 0.583534 0.520192 0.02476 0.021154
2 0.580168 0.489103 0.061779 0.021795
1 0.636298 0.459615 0.028365 0.015385
4 0.66226 0.508814 0.025481 0.020192
1 0.824519 0.526603 0.027404 0.017308
1 0.755168 0.484776 0.023798 0.020192
2 0.814062 0.508494 0.058413 0.022756
4 0.920072 0.553526 0.022837 0.026923
2 0.89351 0.519872 0.059135 0.022436
1 0.378966 0.333013 0.023317 0.016026
1 0.135096 0.742468 0.038462 0.028526
1 0.088702 0.840865 0.030769 0.029167
1 0.143389 0.812019 0.028125 0.048397
1 0.644471 0.688462 0.031731 0.021795
1 0.702163 0.688141 0.034135 0.021795
1 0.265986 0.640865 0.035337 0.022115
1 0.396394 0.655449 0.031731 0.019872
