3 0.84648 0.22784 0.031062 0.012909
3 0.860787 0.269148 0.038215 0.01463
3 0.880271 0.32358 0.038027 0.01463
3 0.903614 0.375215 0.036145 0.012909
3 0.970162 0.385004 0.029179 0.012694
3 0.945312 0.329066 0.032944 0.009682
2 0.674228 0.262694 0.026167 0.009036
2 0.66378 0.211596 0.025226 0.0071
2 0.681758 0.329174 0.027673 0.007745
2 0.812124 0.356067 0.024849 0.008176
2 0.797816 0.294858 0.022214 0.00753
2 0.30177 0.309058 0.028614 0.008821
2 0.319183 0.245374 0.025791 0.005809
2 0.331796 0.206756 0.041227 0.012048
2 0.321066 0.465361 0.027297 0.008176
1 0.607587 0.550667 0.033321 0.016136
2 0.611822 0.574763 0.029367 0.008821
2 0.969409 0.58154 0.029556 0.007315
2 0.570124 0.720848 0.03445 0.008821
2 0.824736 0.715577 0.020331 0.007745
2 0.921404 0.71719 0.02052 0.0071
2 0.149473 0.399527 0.024473 0.008606
