0 0.046404 0.306046 0.091679 0.045826
0 0.320218 0.251936 0.072666 0.050775
0 0.744258 0.260865 0.112011 0.126721
1 0.076242 0.476657 0.024473 0.013554
1 0.028238 0.57756 0.025979 0.016136
1 0.022214 0.490426 0.020708 0.014845
1 0.156909 0.466007 0.028803 0.015491
1 0.192206 0.477948 0.028614 0.020009
1 0.11587 0.579497 0.028803 0.019148
1 0.166604 0.552388 0.029744 0.020009
1 0.552334 0.550129 0.035768 0.020654
2 0.775602 0.565835 0.035015 0.012048
1 0.827654 0.568524 0.03558 0.018718
1 0.840173 0.469772 0.026732 0.016566
1 0.873023 0.551528 0.033321 0.019578
