0 0.67244 0.274634 0.088102 0.045396
0 0.356175 0.222031 0.067018 0.052926
0 0.125659 0.252797 0.072101 0.038296
1 0.290851 0.443309 0.026355 0.012694
1 0.716585 0.449333 0.032191 0.015275
1 0.80064 0.450516 0.036145 0.017212
1 0.88253 0.694062 0.039533 0.020654
1 0.770331 0.712672 0.036521 0.027324
1 0.516472 0.640383 0.03445 0.02216
1 0.50866 0.593696 0.029367 0.016997
2 0.557041 0.604023 0.016566 0.034208
1 0.638648 0.65383 0.036709 0.024527
3 0.719126 0.649849 0.011672 0.046687
3 0.73061 0.653292 0.011295 0.043244
1 0.301393 0.688791 0.032003 0.02173
1 0.246047 0.649204 0.030497 0.019578
1 0.152767 0.654367 0.029556 0.020869
2 0.192018 0.646192 0.037274 0.012263
2 0.111258 0.639415 0.035392 0.012048
1 0.377165 0.905443 0.030309 0.021299
