1 0.038121 0.483434 0.020896 0.01463
1 0.117282 0.475581 0.020331 0.012694
1 0.151073 0.452668 0.020143 0.011618
1 0.131777 0.518395 0.01506 0.013124
1 0.145896 0.486123 0.021837 0.013554
1 0.094785 0.521407 0.016755 0.010972
1 0.118976 0.564544 0.022967 0.018503
1 0.068242 0.59972 0.022402 0.013985
1 0.106928 0.599182 0.020331 0.015491
1 0.08895 0.47117 0.014119 0.012048
1 0.054123 0.568201 0.018637 0.013339
1 0.932323 0.476011 0.024661 0.013124
1 0.890249 0.477194 0.025602 0.01506
1 0.808076 0.52614 0.029932 0.013985
1 0.720256 0.487091 0.027485 0.013339
1 0.677523 0.482358 0.027485 0.013339
1 0.647496 0.501614 0.027297 0.016136
1 0.609187 0.504626 0.028238 0.015275
1 0.568336 0.51904 0.028991 0.017427
1 0.560994 0.485155 0.025979 0.017212
1 0.607869 0.452668 0.026355 0.013769
1 0.5032 0.474398 0.024849 0.013339
1 0.440889 0.479454 0.024849 0.013554
1 0.435806 0.504088 0.024849 0.012909
1 0.396367 0.463102 0.024661 0.013554
1 0.378389 0.49602 0.024096 0.015706
1 0.303558 0.470955 0.022779 0.015491
1 0.192583 0.482466 0.020331 0.011403
1 0.233057 0.475366 0.019955 0.011403
1 0.271649 0.46762 0.022967 0.012263
1 0.148814 0.627689 0.021649 0.028614
1 0.145802 0.661037 0.026544 0.018718
1 0.210279 0.597892 0.026732 0.016781
1 0.19503 0.664049 0.027861 0.016997
1 0.243505 0.614243 0.027673 0.018072
1 0.236634 0.647913 0.027485 0.015706
1 0.233998 0.682336 0.028991 0.017427
1 0.219126 0.717943 0.029367 0.019363
1 0.288498 0.646622 0.027673 0.017427
1 0.292922 0.683305 0.029367 0.017212
1 0.298099 0.612844 0.025038 0.017427
1 0.374247 0.618761 0.026732 0.017212
3 0.374247 0.668029 0.028238 0.007315
3 0.338385 0.66846 0.025038 0.006454
3 0.328972 0.713425 0.025038 0.006454
3 0.365493 0.718696 0.03445 0.00796
1 0.411803 0.62145 0.028803 0.017427
1 0.415569 0.674484 0.029556 0.018503
1 0.459808 0.67287 0.029179 0.017427
1 0.455384 0.724613 0.028991 0.018072
1 0.49087 0.712349 0.029556 0.019793
1 0.526073 0.682014 0.029556 0.018933
1 0.533321 0.737414 0.029744 0.020439
1 0.582267 0.699871 0.03012 0.020224
1 0.491246 0.633068 0.02805 0.017857
1 0.400979 0.727194 0.028238 0.022375
1 0.63253 0.71321 0.032003 0.021515
1 0.666133 0.710198 0.031438 0.022375
2 0.575207 0.620912 0.03558 0.021515
1 0.735975 0.630056 0.029556 0.017427
1 0.981928 0.640491 0.027485 0.015921
