4 0.219591 0.678045 0.03774 0.028526
4 0.3125 0.678205 0.035577 0.028205
4 0.403245 0.674199 0.033894 0.026603
4 0.485817 0.678846 0.033173 0.028205
4 0.569111 0.674519 0.033413 0.027885
4 0.567909 0.602404 0.033413 0.027885
4 0.685336 0.678205 0.035577 0.028205
4 0.695072 0.726282 0.034856 0.029487
4 0.736058 0.710577 0.034615 0.027564
4 0.729928 0.679808 0.035337 0.026282
4 0.795433 0.670032 0.037019 0.02532
4 0.866827 0.679006 0.036058 0.025321
4 0.666707 0.42468 0.029087 0.01859
4 0.674519 0.45641 0.028846 0.019872
4 0.675962 0.486378 0.030288 0.01891
4 0.758293 0.489103 0.030048 0.021154
4 0.754567 0.461699 0.029808 0.022756
4 0.274038 0.460417 0.033654 0.020192
4 0.261418 0.172436 0.02524 0.016026
1 0.472236 0.229968 0.013221 0.023397
1 0.798558 0.256891 0.030769 0.014423
4 0.072716 0.626602 0.03774 0.029487
4 0.061899 0.700962 0.043029 0.035256
4 0.144712 0.699519 0.037019 0.033654
4 0.150481 0.60609 0.030288 0.032692
