2 0.444654 0.234509 0.030497 0.009466
2 0.604669 0.395762 0.024096 0.068632
2 0.187688 0.40824 0.029367 0.010972
2 0.215644 0.497203 0.032944 0.011188
2 0.204537 0.601226 0.032944 0.010972
2 0.836032 0.447935 0.033509 0.011188
2 0.860034 0.545826 0.033697 0.011188
2 0.237011 0.805938 0.040663 0.009897
2 0.213573 0.94815 0.04311 0.011188
2 0.463855 0.803787 0.044428 0.012048
2 0.464891 0.942448 0.045745 0.013554
2 0.565512 0.806691 0.077184 0.038942
2 0.578031 0.957939 0.083773 0.043244
2 0.940606 0.880809 0.041227 0.017212
1 0.20416 0.27216 0.025414 0.012479
1 0.14599 0.536682 0.028426 0.021299
1 0.135072 0.643933 0.032191 0.018933
1 0.820312 0.517642 0.031815 0.019363
