0 0.26274 0.492949 0.099038 0.077564
0 0.527764 0.434776 0.098798 0.082372
0 0.807332 0.432372 0.110817 0.080769
1 0.035337 0.795513 0.036538 0.013462
1 0.042668 0.784295 0.03726 0.012821
1 0.049639 0.754327 0.035337 0.022756
1 0.048918 0.732692 0.033413 0.016026
3 0.085457 0.76843 0.036779 0.03109
1 0.245192 0.722436 0.0375 0.022436
3 0.291707 0.73766 0.032933 0.017628
2 0.336538 0.72516 0.037981 0.011218
1 0.38738 0.742949 0.035337 0.023718
1 0.434255 0.759615 0.035337 0.024359
3 0.471635 0.725481 0.036538 0.009936
1 0.513822 0.776763 0.036779 0.018269
2 0.433654 0.733974 0.031731 0.022436
1 0.582212 0.711699 0.0375 0.029167
1 0.628966 0.711218 0.036779 0.021795
3 0.68738 0.744551 0.054567 0.023718
