0 0.2875 0.179327 0.092308 0.073397
0 0.641346 0.210577 0.075962 0.060897
0 0.700841 0.225481 0.073317 0.059295
0 0.758293 0.242308 0.066586 0.064103
0 0.720192 0.28157 0.075962 0.065064
0 0.778966 0.300641 0.071394 0.067308
2 0.595192 0.508814 0.049038 0.022115
2 0.585577 0.443109 0.049038 0.024038
1 0.818149 0.52468 0.023317 0.017308
1 0.049038 0.642308 0.046635 0.023718
1 0.161418 0.669391 0.042067 0.024679
1 0.166226 0.740385 0.047356 0.033333
2 0.298438 0.591506 0.080048 0.027244
2 0.296755 0.70016 0.086779 0.027885
1 0.385337 0.610577 0.033654 0.020513
1 0.427284 0.75641 0.033413 0.028846
1 0.55649 0.657212 0.030769 0.021474
1 0.577764 0.763301 0.033894 0.027244
1 0.639423 0.768269 0.030288 0.021154
2 0.624279 0.650641 0.057692 0.023077
2 0.694351 0.677564 0.04351 0.014103
1 0.729928 0.751923 0.029087 0.022436
2 0.759856 0.665705 0.038942 0.013462
2 0.782091 0.751923 0.036779 0.014103
1 0.841106 0.68141 0.024519 0.017949
2 0.858053 0.74407 0.050721 0.015705
2 0.179207 0.624359 0.082452 0.032051
2 0.403005 0.699359 0.04351 0.017949
2 0.571154 0.744712 0.045673 0.011859
2 0.652885 0.745032 0.041827 0.0125
4 0.421755 0.625481 0.036779 0.061218
