1 0.124529 0.69858 0.033697 0.022806
1 0.161709 0.694385 0.018825 0.043244
1 0.128953 0.63608 0.033509 0.024312
1 0.135636 0.578421 0.031815 0.021299
1 0.198325 0.530766 0.031062 0.027539
1 0.192395 0.596816 0.036898 0.027108
1 0.222797 0.703636 0.036333 0.024742
1 0.281721 0.703206 0.037839 0.030336
1 0.33895 0.694923 0.038968 0.027539
1 0.334149 0.62941 0.036898 0.026893
1 0.278144 0.613167 0.037086 0.024957
1 0.333584 0.552926 0.03991 0.024527
1 0.518355 0.662651 0.040474 0.027969
1 0.605233 0.65512 0.039157 0.023666
1 0.588479 0.568954 0.039157 0.025172
1 0.648532 0.563253 0.041039 0.030551
1 0.640249 0.510112 0.038027 0.022806
1 0.576431 0.499247 0.037274 0.020869
1 0.668957 0.635865 0.038592 0.028184
1 0.782756 0.602087 0.036145 0.023881
1 0.764778 0.525925 0.035956 0.026463
1 0.823889 0.589178 0.034827 0.027324
1 0.859187 0.590577 0.02259 0.042169
1 0.900791 0.613597 0.031627 0.023236
1 0.888837 0.521837 0.031062 0.02216
1 0.857869 0.490103 0.024473 0.017642
1 0.845915 0.450086 0.023532 0.018072
1 0.80337 0.503335 0.035956 0.026033
1 0.161803 0.114888 0.028803 0.017642
1 0.144578 0.186962 0.030873 0.018503
1 0.224586 0.198472 0.029744 0.019578
1 0.242752 0.120482 0.028426 0.015921
1 0.294334 0.204174 0.031438 0.017642
1 0.331514 0.17599 0.029367 0.017212
1 0.432417 0.162866 0.031626 0.017212
1 0.423004 0.13296 0.030497 0.015491
1 0.49567 0.120482 0.029744 0.012909
1 0.573042 0.098322 0.018072 0.027969
1 0.550546 0.012478 0.029556 0.01506
1 0.617564 0.108756 0.031062 0.017857
1 0.654367 0.133068 0.030497 0.012694
2 0.635542 0.122849 0.048193 0.010757
1 0.685994 0.051312 0.030874 0.014415
1 0.720068 0.054755 0.03012 0.014415
2 0.618599 0.066911 0.042922 0.008176
1 0.946818 0.33154 0.030685 0.017642
1 0.880083 0.293997 0.032756 0.020439
1 0.83942 0.290448 0.032003 0.020224
1 0.807794 0.219664 0.031626 0.025818
1 0.79151 0.270654 0.032944 0.017212
1 0.80497 0.358111 0.039157 0.032057
1 0.784074 0.327238 0.043298 0.034423
2 0.849021 0.253657 0.025602 0.013339
1 0.691077 0.262909 0.033886 0.019793
1 0.721574 0.356605 0.036898 0.020869
1 0.628577 0.248817 0.033509 0.016566
1 0.62067 0.342943 0.036145 0.021084
1 0.500188 0.352194 0.038027 0.03012
2 0.438535 0.375753 0.038592 0.013124
1 0.324736 0.342836 0.033886 0.020009
1 0.33029 0.296472 0.034074 0.018503
1 0.318336 0.40028 0.034262 0.02216
1 0.260919 0.380164 0.03238 0.019363
1 0.04584 0.405766 0.028426 0.025818
1 0.13846 0.405228 0.032191 0.025172
1 0.204913 0.417276 0.035203 0.02216
1 0.208584 0.367147 0.034262 0.02173
1 0.218374 0.326484 0.035768 0.025602
1 0.141566 0.315082 0.032003 0.016997
1 0.082925 0.154475 0.028803 0.020224
1 0.89006 0.152216 0.029367 0.015275
2 0.877071 0.135004 0.024096 0.012263
1 0.869729 0.117685 0.025979 0.015491
1 0.865211 0.099613 0.021461 0.01506
1 0.02645 0.036145 0.019767 0.012048
