1 0.213573 0.489996 0.033321 0.0213
1 0.108716 0.528184 0.030685 0.019793
1 0.338008 0.536037 0.035956 0.02259
1 0.502353 0.550237 0.037839 0.023021
3 0.671216 0.585843 0.063065 0.024096
3 0.71988 0.562285 0.052334 0.028184
1 0.832078 0.545288 0.034639 0.02173
1 0.909544 0.524742 0.032944 0.020654
1 0.885542 0.445891 0.03125 0.016997
1 0.858246 0.364673 0.03125 0.01506
1 0.793863 0.381992 0.029744 0.015706
1 0.662556 0.489243 0.030309 0.021084
1 0.594974 0.494299 0.026167 0.038081
1 0.807041 0.46633 0.029744 0.016136
1 0.490399 0.405874 0.032756 0.021299
3 0.54904 0.374892 0.048758 0.016136
0 0.381965 0.137263 0.072666 0.037866
0 0.728068 0.175667 0.080008 0.05185
0 0.045651 0.269148 0.091303 0.052926
2 0.288686 0.531949 0.066077 0.023451
