1 0.34808 0.231497 0.028991 0.012909
1 0.339985 0.259574 0.03012 0.013985
1 0.524567 0.317986 0.028426 0.012909
1 0.517602 0.255379 0.025791 0.012048
1 0.815983 0.492362 0.029179 0.016997
1 0.858528 0.448472 0.02805 0.015275
1 0.924699 0.483649 0.024096 0.015921
1 0.899191 0.755701 0.03558 0.027324
1 0.953219 0.750215 0.032191 0.024096
3 0.723927 0.722461 0.11314 0.096816
1 0.773626 0.342513 0.025791 0.013769
1 0.635825 0.28367 0.025791 0.012263
1 0.692112 0.277216 0.025038 0.011403
1 0.750753 0.296364 0.024849 0.011833
1 0.744541 0.264522 0.02259 0.011403
1 0.689477 0.469987 0.032191 0.015275
1 0.917169 0.638447 0.027108 0.020869
1 0.971574 0.64006 0.025979 0.016781
3 0.601374 0.41491 0.05817 0.02173
