0 0.408413 0.255288 0.062981 0.035577
0 0.675721 0.322436 0.069231 0.034615
2 0.890505 0.382051 0.018029 0.029487
2 0.91226 0.325962 0.021635 0.035256
2 0.936899 0.374038 0.022837 0.032051
2 0.945312 0.28093 0.033894 0.011859
2 0.869712 0.260897 0.016827 0.03141
5 0.865745 0.600962 0.044471 0.05641
5 0.788702 0.59984 0.043269 0.055449
5 0.742067 0.716506 0.043269 0.052244
5 0.98125 0.607051 0.037019 0.051282
4 0.809495 0.812019 0.030048 0.020833
4 0.983894 0.857372 0.03125 0.026282
4 0.712019 0.865705 0.03125 0.024359
4 0.800481 0.948237 0.036058 0.028526
4 0.576442 0.844391 0.032692 0.029167
4 0.514183 0.792628 0.033173 0.027564
4 0.478245 0.879647 0.032933 0.030449
4 0.414183 0.921474 0.033173 0.030128
4 0.35012 0.89984 0.033413 0.029808
4 0.089663 0.979006 0.025962 0.041346
5 0.227764 0.703205 0.047356 0.087821
5 0.142548 0.598878 0.038942 0.056731
5 0.135697 0.452083 0.036298 0.04391
5 0.226803 0.452404 0.03149 0.040064
5 0.285457 0.582051 0.036298 0.055769
5 0.53774 0.68766 0.046635 0.079808
5 0.348197 0.56859 0.03101 0.060256
5 0.477524 0.566346 0.035817 0.060897
5 0.554808 0.585737 0.038942 0.054167
5 0.400361 0.687821 0.035817 0.078846
5 0.452644 0.684936 0.044231 0.082692
5 0.613942 0.474359 0.032212 0.041026
5 0.706971 0.466827 0.033173 0.04391
