1 0.27512 0.516667 0.030048 0.014744
2 0.277404 0.499519 0.071635 0.01891
2 0.291947 0.392628 0.066587 0.016667
1 0.392308 0.316506 0.025481 0.0125
2 0.381851 0.313141 0.061298 0.032692
1 0.388702 0.395833 0.025962 0.012179
1 0.388221 0.499519 0.029327 0.02468
1 0.465745 0.355769 0.020913 0.014744
1 0.468149 0.399359 0.026683 0.014103
3 0.475962 0.519391 0.046154 0.0125
1 0.55649 0.338301 0.024519 0.013782
1 0.565024 0.395833 0.020913 0.030128
1 0.596514 0.366186 0.027163 0.014423
1 0.60613 0.40641 0.028125 0.016026
1 0.63125 0.549519 0.03125 0.021474
1 0.640264 0.338301 0.02524 0.017628
1 0.657332 0.383013 0.028606 0.021154
1 0.665144 0.482853 0.018269 0.029167
1 0.678606 0.566346 0.029808 0.019231
1 0.102644 0.677404 0.040385 0.021474
1 0.099519 0.709455 0.039904 0.024038
1 0.199639 0.686699 0.035817 0.022115
1 0.317188 0.689263 0.033894 0.023397
1 0.322115 0.746795 0.0375 0.026282
1 0.321154 0.80657 0.038942 0.034936
1 0.419591 0.716186 0.035817 0.024038
1 0.443269 0.81859 0.039904 0.038462
1 0.465986 0.688622 0.027644 0.042628
1 0.528365 0.700962 0.018269 0.037821
1 0.538942 0.754968 0.034135 0.021474
1 0.696995 0.785417 0.035817 0.027885
1 0.711418 0.68734 0.022356 0.0375
1 0.755769 0.777885 0.034615 0.026923
1 0.79988 0.685898 0.032933 0.021795
1 0.81262 0.789263 0.035817 0.022756
1 0.873077 0.761699 0.034135 0.021474
1 0.91274 0.697756 0.033654 0.025641
1 0.953966 0.78109 0.038702 0.022436
1 0.514543 0.366506 0.016587 0.015064
