1 0.783654 0.380529 0.036538 0.019231
1 0.649038 0.510457 0.033333 0.015144
1 0.643269 0.482692 0.035897 0.018269
1 0.654167 0.399639 0.034615 0.019471
1 0.508654 0.451923 0.028205 0.015385
1 0.431891 0.464663 0.027244 0.014904
1 0.269231 0.586418 0.027564 0.013221
1 0.243269 0.566586 0.023077 0.012981
1 0.250321 0.553726 0.022436 0.013702
1 0.277083 0.54988 0.022756 0.013702
1 0.336058 0.538101 0.026603 0.010337
0 0.087821 0.404207 0.053205 0.05024
0 0.223718 0.346154 0.069872 0.045673
0 0.464583 0.318029 0.078526 0.063942
0 0.702244 0.22524 0.101282 0.074519
1 0.054006 0.590144 0.018269 0.011538
1 0.085737 0.51262 0.018269 0.009856
1 0.023878 0.553486 0.016987 0.009375
1 0.022276 0.520913 0.016987 0.011538
1 0.097115 0.484495 0.015385 0.008894
