1 0.40192 0.395116 0.036898 0.02259
1 0.480328 0.395654 0.038968 0.023236
1 0.536898 0.391028 0.03878 0.018718
1 0.592244 0.361231 0.040286 0.020224
1 0.684582 0.387263 0.040474 0.019363
1 0.837349 0.380486 0.042922 0.018718
1 0.906721 0.437177 0.04198 0.020654
1 0.97035 0.457401 0.04311 0.021084
1 0.346856 0.614996 0.049134 0.028614
1 0.46715 0.613812 0.047252 0.027969
1 0.625188 0.722892 0.05497 0.031842
1 0.755554 0.719772 0.057041 0.033348
1 0.824925 0.704281 0.058735 0.043675
1 0.242658 0.715146 0.050075 0.033133
2 0.14712 0.472031 0.060429 0.04432
