4 0.744446 0.272268 0.032568 0.05185
4 0.705478 0.259251 0.036709 0.054647
4 0.663874 0.263232 0.032568 0.054002
4 0.855045 0.278077 0.037274 0.050559
4 0.925828 0.286575 0.035015 0.052065
4 0.956796 0.298408 0.037086 0.049053
4 0.984187 0.31293 0.029744 0.042384
4 0.620764 0.254303 0.032944 0.052496
4 0.580196 0.253012 0.032003 0.056368
4 0.534921 0.259144 0.030685 0.055293
4 0.493599 0.254303 0.036521 0.055077
4 0.443901 0.252151 0.033509 0.052496
4 0.400226 0.252904 0.03878 0.055293
3 0.792075 0.314867 0.032191 0.041523
