1 0.212019 0.358173 0.037981 0.026603
1 0.197596 0.404808 0.04375 0.026923
1 0.196635 0.447115 0.042788 0.026282
1 0.042428 0.435096 0.041587 0.033013
2 0.020192 0.484936 0.039423 0.026923
1 0.18137 0.525481 0.041587 0.027244
1 0.189784 0.563782 0.042548 0.030769
1 0.153606 0.619712 0.047596 0.030449
1 0.144351 0.671635 0.047837 0.032372
1 0.291106 0.562019 0.044712 0.030449
1 0.378606 0.512019 0.042788 0.029167
1 0.377644 0.603526 0.045673 0.028846
1 0.475601 0.584936 0.04351 0.026923
1 0.516947 0.550481 0.041587 0.026603
1 0.799399 0.639103 0.030048 0.057051
4 0.831851 0.640224 0.035337 0.050321
4 0.89988 0.638301 0.044471 0.033013
1 0.930529 0.629006 0.035096 0.05609
