0 0.29584 0.253335 0.092056 0.054862
3 0.682511 0.37145 0.067583 0.020009
3 0.693524 0.384359 0.076807 0.031196
3 0.70096 0.413081 0.078125 0.031411
3 0.844597 0.369083 0.086032 0.028614
3 0.850151 0.393718 0.082455 0.02969
1 0.03991 0.403399 0.02372 0.015921
1 0.123588 0.41179 0.02805 0.015491
1 0.171593 0.402969 0.029556 0.01506
1 0.242846 0.428141 0.032003 0.018072
1 0.297157 0.450624 0.031438 0.019148
1 0.325772 0.39006 0.034074 0.030551
1 0.395614 0.423623 0.03558 0.018503
1 0.46395 0.369083 0.032568 0.017857
1 0.470821 0.446751 0.036521 0.024742
1 0.580572 0.372203 0.03238 0.015491
1 0.985504 0.413726 0.028991 0.018503
1 0.586596 0.623924 0.041792 0.031411
1 0.258566 0.923623 0.043863 0.036145
1 0.178276 0.987952 0.036521 0.024096
1 0.127824 0.979776 0.036521 0.033563
1 0.387895 0.922009 0.046875 0.033778
1 0.514307 0.947182 0.04631 0.030766
1 0.632154 0.927926 0.045557 0.030981
