1 0.25012 0.808333 0.036779 0.021795
1 0.191106 0.832853 0.037019 0.020833
1 0.153125 0.801282 0.0375 0.017949
3 0.201082 0.805769 0.048317 0.016026
1 0.307212 0.801282 0.0375 0.028846
1 0.408413 0.801923 0.033654 0.023077
1 0.45601 0.834936 0.038942 0.027564
1 0.565625 0.801282 0.039423 0.026923
1 0.673678 0.807692 0.041587 0.026282
1 0.724639 0.843429 0.040144 0.027244
1 0.665385 0.714103 0.037981 0.024359
1 0.127043 0.718109 0.036298 0.021474
1 0.160577 0.73782 0.041346 0.025
1 0.214303 0.742949 0.034375 0.023077
1 0.267428 0.715224 0.039663 0.022115
1 0.316707 0.705769 0.034856 0.020513
1 0.363462 0.709776 0.032692 0.022115
1 0.411779 0.707532 0.0375 0.024038
1 0.46238 0.73093 0.032452 0.022756
1 0.566707 0.705769 0.031971 0.021795
1 0.610577 0.716186 0.033654 0.029808
1 0.846995 0.549038 0.029087 0.017308
1 0.795553 0.519872 0.030048 0.014744
1 0.751562 0.541026 0.029567 0.017949
1 0.718149 0.5875 0.030529 0.016026
1 0.672476 0.592148 0.03149 0.01891
1 0.623558 0.58734 0.030288 0.018269
1 0.583534 0.58734 0.030048 0.016987
1 0.576683 0.520833 0.028846 0.017949
1 0.615986 0.519231 0.032452 0.019231
1 0.536659 0.583814 0.028125 0.016346
1 0.422596 0.59391 0.033173 0.017949
1 0.466346 0.527244 0.028365 0.015385
1 0.470673 0.542788 0.027885 0.016346
1 0.424399 0.533333 0.028125 0.016026
1 0.384615 0.51859 0.033173 0.016667
1 0.327885 0.578846 0.026442 0.017949
1 0.338582 0.530449 0.030529 0.019872
1 0.2 0.577083 0.0375 0.022115
1 0.244351 0.573077 0.033413 0.021154
1 0.283293 0.572276 0.03101 0.017628
1 0.258654 0.504968 0.03125 0.010577
1 0.217067 0.510577 0.030288 0.014103
1 0.01887 0.57484 0.033413 0.016987
1 0.833173 0.414583 0.028365 0.013141
1 0.700962 0.415224 0.026442 0.0125
1 0.66262 0.416026 0.029567 0.012821
1 0.624038 0.41234 0.024519 0.013782
1 0.572115 0.408173 0.025481 0.011859
1 0.490505 0.414904 0.027644 0.013141
1 0.453606 0.416827 0.028846 0.013782
1 0.414423 0.416346 0.025962 0.013462
1 0.376562 0.415545 0.026202 0.013782
1 0.336058 0.414423 0.030288 0.013462
1 0.296154 0.411859 0.025481 0.013462
1 0.26274 0.407051 0.025481 0.011538
1 0.220312 0.407853 0.03101 0.015064
1 0.232212 0.358494 0.030288 0.014423
1 0.089062 0.40657 0.029567 0.013782
1 0.036538 0.411378 0.024038 0.020833
1 0.047596 0.357212 0.024038 0.010577
1 0.103125 0.358013 0.022596 0.012821
1 0.794591 0.349038 0.02476 0.011538
1 0.758293 0.345192 0.02476 0.012179
1 0.730889 0.365064 0.029567 0.012821
1 0.69375 0.365224 0.028365 0.015064
1 0.569471 0.361058 0.026442 0.015064
1 0.617668 0.365224 0.028606 0.011859
1 0.655048 0.365705 0.028365 0.012179
1 0.270553 0.361859 0.029567 0.014103
1 0.306611 0.363141 0.029087 0.012821
1 0.34351 0.364744 0.027885 0.013462
1 0.379928 0.369391 0.029087 0.0125
1 0.417067 0.366987 0.024038 0.012821
1 0.453486 0.36875 0.026683 0.011859
1 0.490625 0.36891 0.026442 0.012179
1 0.3875 0.323077 0.027404 0.011538
1 0.350601 0.322436 0.026683 0.010897
1 0.315144 0.317949 0.027404 0.011538
1 0.279447 0.317308 0.028125 0.011538
1 0.64399 0.320994 0.024519 0.013782
1 0.611178 0.321474 0.026683 0.011538
1 0.492067 0.324199 0.025 0.011859
1 0.459375 0.321955 0.022115 0.009936
1 0.676442 0.278365 0.026442 0.011859
1 0.422236 0.241827 0.024279 0.011218
1 0.39387 0.243429 0.020433 0.009936
1 0.363582 0.244872 0.026202 0.010897
1 0.743389 0.313141 0.013702 0.012179
