1 0.074831 0.527108 0.038592 0.021945
3 0.076242 0.740856 0.059864 0.018718
3 0.059394 0.820891 0.060429 0.020009
3 0.097233 0.655658 0.052146 0.013985
1 0.163404 0.414264 0.03878 0.020439
1 0.212538 0.47827 0.034262 0.020654
1 0.205855 0.50796 0.044239 0.03012
1 0.191736 0.668675 0.043863 0.032272
1 0.192677 0.707831 0.048005 0.040447
3 0.357869 0.503012 0.160015 0.052496
1 0.524567 0.53012 0.049887 0.031842
1 0.530403 0.692879 0.053652 0.033348
1 0.522214 0.867255 0.059488 0.038726
1 0.685994 0.522698 0.050075 0.029905
1 0.747929 0.550452 0.043298 0.049268
1 0.704537 0.648236 0.054782 0.034423
1 0.72741 0.851872 0.058735 0.035069
1 0.861728 0.683627 0.052523 0.038511
1 0.777956 0.638769 0.054029 0.033993
1 0.828784 0.59886 0.053652 0.028614
1 0.831137 0.564221 0.044428 0.028614
1 0.959902 0.626936 0.046687 0.034854
