1 0.169428 0.474935 0.041792 0.025602
1 0.28878 0.435026 0.041416 0.016781
1 0.296216 0.409208 0.040098 0.022806
1 0.374341 0.488059 0.041227 0.020869
1 0.461879 0.484509 0.038592 0.020654
1 0.541133 0.493115 0.038968 0.022806
1 0.540663 0.432229 0.036898 0.021945
1 0.584714 0.495052 0.039157 0.021084
1 0.688535 0.495482 0.037839 0.019363
1 0.742752 0.49957 0.037462 0.021945
1 0.789721 0.50441 0.036145 0.02173
1 0.229292 0.604991 0.039533 0.021515
1 0.152203 0.586274 0.034827 0.046472
1 0.28718 0.739565 0.05064 0.033778
1 0.469221 0.755379 0.046122 0.02926
1 0.527485 0.758713 0.046687 0.031626
1 0.637425 0.654045 0.043675 0.027539
1 0.706043 0.651463 0.038968 0.030551
1 0.764119 0.651571 0.041039 0.024312
1 0.8109 0.643072 0.041604 0.02883
1 0.688818 0.753765 0.048946 0.03636
1 0.789157 0.743546 0.045181 0.02926
1 0.858904 0.671364 0.037839 0.025172
1 0.941547 0.628765 0.03558 0.021299
1 0.834902 0.588425 0.036521 0.022806
1 0.887989 0.57401 0.034262 0.020224
