0 0.386483 0.22784 0.092997 0.057229
0 0.393072 0.174376 0.085467 0.05185
0 0.571724 0.174914 0.078313 0.046472
0 0.654462 0.16889 0.095068 0.051635
0 0.668016 0.213963 0.096574 0.03636
0 0.733528 0.170073 0.087161 0.06562
0 0.757154 0.219019 0.096762 0.04432
1 0.143449 0.404367 0.03012 0.016136
1 0.201713 0.40824 0.029932 0.017857
1 0.247082 0.403399 0.031815 0.01463
1 0.288592 0.404475 0.024849 0.015921
1 0.190041 0.45611 0.030309 0.019793
1 0.232681 0.457724 0.032003 0.017857
1 0.28605 0.458692 0.032191 0.019363
1 0.325866 0.456218 0.032756 0.019578
1 0.356363 0.451162 0.028991 0.018503
1 0.432229 0.453959 0.033509 0.017212
1 0.499153 0.451915 0.035203 0.019148
1 0.509036 0.397268 0.03125 0.016566
1 0.539627 0.385327 0.029179 0.017642
1 0.553652 0.448795 0.034639 0.018072
1 0.6282 0.450194 0.033886 0.018287
1 0.844126 0.401786 0.033133 0.017857
1 0.919428 0.391028 0.027861 0.015706
1 0.935241 0.440727 0.023343 0.016566
1 0.107963 0.590792 0.03445 0.023666
1 0.093938 0.660822 0.036521 0.026033
1 0.17084 0.593589 0.03445 0.025387
1 0.195218 0.664694 0.036145 0.023881
1 0.235881 0.665878 0.036145 0.022806
1 0.314665 0.669966 0.037839 0.023666
1 0.391096 0.673193 0.039345 0.024096
1 0.243317 0.598107 0.028803 0.021084
1 0.324078 0.594449 0.036709 0.021084
1 0.394955 0.602194 0.035392 0.023236
1 0.503859 0.6662 0.039345 0.024312
1 0.543675 0.590899 0.035015 0.02259
1 0.581325 0.591652 0.036145 0.020224
1 0.562688 0.663942 0.037651 0.023236
1 0.619446 0.599613 0.037462 0.023236
1 0.697854 0.661037 0.039533 0.02259
1 0.694089 0.585736 0.037651 0.02216
1 0.746988 0.590577 0.040286 0.024096
1 0.756683 0.66179 0.037462 0.023236
1 0.808264 0.661467 0.039345 0.029045
1 0.794804 0.590899 0.03238 0.020869
1 0.849492 0.659746 0.036709 0.024312
1 0.896649 0.592513 0.034639 0.022806
1 0.913309 0.659961 0.037086 0.024742
1 0.020614 0.795396 0.037839 0.026678
1 0.076525 0.804432 0.037462 0.025387
1 0.131965 0.807659 0.039533 0.031411
0 0.207361 0.802065 0.040851 0.02926
0 0.388366 0.824871 0.040663 0.026678
0 0.453407 0.829066 0.042357 0.029045
0 0.517602 0.825409 0.04198 0.026463
0 0.662839 0.846816 0.041416 0.032272
0 0.297722 0.964501 0.031062 0.021945
