0 0.096995 0.248878 0.10649 0.097115
0 0.364904 0.274199 0.087019 0.061859
0 0.674038 0.175641 0.093269 0.062821
1 0.091346 0.453205 0.033173 0.017949
1 0.026803 0.516026 0.028606 0.021795
1 0.285577 0.520673 0.033173 0.017628
2 0.275841 0.488141 0.098317 0.023718
3 0.508534 0.523878 0.072837 0.055449
1 0.594712 0.464103 0.03125 0.017308
3 0.746514 0.43109 0.063221 0.029487
2 0.190986 0.690385 0.109375 0.029487
2 0.367067 0.684615 0.111058 0.029487
1 0.50625 0.640224 0.033173 0.022756
2 0.492067 0.754327 0.039904 0.013141
1 0.558414 0.782852 0.038942 0.027244
1 0.615865 0.763301 0.039423 0.028526
2 0.615505 0.73734 0.04399 0.011859
1 0.605048 0.690545 0.024038 0.046474
1 0.687861 0.698558 0.03726 0.023397
1 0.683413 0.779327 0.0375 0.025962
1 0.776322 0.779006 0.041587 0.025962
