1 0.332925 0.239028 0.016755 0.009036
1 0.329537 0.257638 0.017884 0.010112
1 0.315983 0.296902 0.01939 0.012048
1 0.302805 0.339393 0.020143 0.011833
1 0.373117 0.185779 0.013554 0.008821
1 0.382154 0.224505 0.01506 0.009682
1 0.405497 0.180293 0.018072 0.009897
1 0.459902 0.172762 0.018825 0.010757
1 0.456608 0.212672 0.020896 0.00796
2 0.450866 0.247526 0.076807 0.044966
2 0.584337 0.237737 0.055346 0.019363
1 0.564853 0.18793 0.022026 0.008821
1 0.65032 0.198257 0.022779 0.011403
1 0.774002 0.184811 0.017884 0.009897
1 0.734187 0.281949 0.025979 0.009682
1 0.374059 0.311532 0.019955 0.012048
1 0.262236 0.430723 0.021837 0.011618
1 0.096574 0.463533 0.017319 0.013124
1 0.024849 0.550022 0.019578 0.013124
1 0.072101 0.533348 0.017319 0.012048
4 0.03445 0.528184 0.018449 0.015921
1 0.010919 0.50441 0.019202 0.011833
4 0.053464 0.603055 0.022967 0.019793
1 0.086502 0.586381 0.011107 0.029475
1 0.225056 0.564974 0.025414 0.015921
1 0.244541 0.493438 0.024473 0.014415
1 0.323701 0.491717 0.023155 0.016136
1 0.323419 0.531089 0.025226 0.016136
1 0.327937 0.582293 0.026732 0.016136
1 0.324831 0.623064 0.02805 0.019363
1 0.413592 0.443309 0.026732 0.015275
1 0.408603 0.512371 0.025414 0.016136
1 0.413215 0.536467 0.027485 0.016136
1 0.436088 0.626936 0.029932 0.020224
1 0.429405 0.680723 0.03012 0.019363
1 0.493976 0.416954 0.021461 0.015921
1 0.525885 0.549699 0.022779 0.017212
1 0.61427 0.41577 0.024096 0.00667
1 0.613893 0.412758 0.026732 0.014845
1 0.706608 0.538619 0.034074 0.018718
1 0.708867 0.400065 0.029556 0.016997
1 0.783509 0.445998 0.03125 0.018503
1 0.887425 0.39716 0.03238 0.019363
1 0.944559 0.513984 0.032944 0.016351
