1 0.06238 0.666186 0.03774 0.021474
1 0.060817 0.745513 0.035096 0.030128
1 0.179688 0.713622 0.035817 0.021474
1 0.317668 0.789103 0.034856 0.021795
1 0.31899 0.714423 0.033654 0.021154
1 0.389423 0.750321 0.033654 0.021154
1 0.407692 0.655449 0.033173 0.023718
1 0.50601 0.663301 0.029808 0.020192
1 0.569231 0.657692 0.030769 0.019231
1 0.6 0.740545 0.032692 0.024038
1 0.634736 0.655288 0.020433 0.0375
1 0.751803 0.738301 0.030529 0.024679
1 0.764904 0.647276 0.03125 0.021474
1 0.859736 0.658173 0.033413 0.021474
1 0.70649 0.487019 0.028846 0.014423
1 0.828726 0.53141 0.029567 0.017949
1 0.639183 0.461699 0.027885 0.013782
1 0.566587 0.489263 0.027885 0.014423
1 0.300361 0.489263 0.030048 0.015064
1 0.294111 0.425641 0.029567 0.017308
1 0.195072 0.488782 0.03149 0.016667
1 0.208774 0.438301 0.030529 0.015064
1 0.015385 0.454327 0.030288 0.015705
1 0.770312 0.323397 0.024279 0.010897
1 0.663462 0.209295 0.022115 0.010256
1 0.565745 0.176442 0.022837 0.0125
1 0.501442 0.1875 0.021635 0.009615
1 0.405649 0.19984 0.023798 0.011218
1 0.398317 0.264423 0.025962 0.017949
1 0.392428 0.324199 0.026202 0.016987
1 0.523918 0.241026 0.023317 0.014103
1 0.529928 0.318269 0.023798 0.011538
