0 0.084526 0.212887 0.076431 0.05099
0 0.321536 0.173623 0.082455 0.053356
0 0.558735 0.209337 0.069654 0.052065
0 0.764213 0.230099 0.067583 0.069062
0 0.886954 0.227948 0.067959 0.052711
1 0.216585 0.391136 0.028426 0.01506
1 0.268261 0.393825 0.026355 0.014845
1 0.332361 0.447182 0.028803 0.018718
1 0.35128 0.474828 0.028991 0.017212
1 0.474209 0.457401 0.027861 0.015491
1 0.600904 0.491394 0.028991 0.016351
1 0.533509 0.486876 0.028614 0.016351
2 0.740964 0.456648 0.067395 0.018718
1 0.841397 0.468051 0.025038 0.013985
1 0.906532 0.459552 0.021273 0.015921
