1 0.264778 0.402431 0.016001 0.010972
1 0.237952 0.379841 0.013554 0.009251
1 0.316171 0.383283 0.016378 0.010542
1 0.326431 0.343911 0.018072 0.011403
1 0.278803 0.359402 0.015437 0.010542
1 0.370294 0.340577 0.016566 0.008606
1 0.402485 0.378227 0.019202 0.013769
1 0.436088 0.277969 0.018637 0.012909
1 0.470821 0.243223 0.018072 0.013124
1 0.468468 0.262694 0.018637 0.012909
1 0.47581 0.277431 0.017884 0.011403
1 0.489552 0.308197 0.016002 0.010972
1 0.478916 0.349935 0.022214 0.014845
1 0.527862 0.334875 0.022214 0.012263
1 0.521084 0.282917 0.021837 0.013769
1 0.524096 0.237629 0.019202 0.010972
1 0.58302 0.353808 0.025979 0.013985
1 0.618505 0.310779 0.025791 0.014845
1 0.622176 0.257745 0.02372 0.012478
1 0.679593 0.301958 0.028238 0.014845
1 0.674887 0.208046 0.024473 0.013769
1 0.757154 0.261833 0.028238 0.0142
1 0.836785 0.167061 0.032003 0.016997
1 0.890154 0.148559 0.032191 0.016997
1 0.958867 0.137801 0.032191 0.016997
1 0.943054 0.231282 0.033697 0.016781
1 0.869729 0.245374 0.033886 0.016997
1 0.134977 0.661252 0.016566 0.013985
1 0.09648 0.655981 0.016755 0.013769
1 0.119258 0.580357 0.012236 0.012263
1 0.152956 0.537435 0.015248 0.01506
1 0.387801 0.601549 0.024473 0.015491
1 0.44343 0.628335 0.02692 0.016566
1 0.400508 0.453744 0.022026 0.013769
1 0.39439 0.508821 0.022214 0.01506
1 0.435806 0.489028 0.023343 0.01463
1 0.484752 0.472461 0.024849 0.017212
1 0.431852 0.443201 0.018072 0.013769
1 0.432417 0.552818 0.024096 0.014415
1 0.484752 0.545396 0.026732 0.018503
1 0.544992 0.539694 0.029368 0.017427
1 0.543957 0.629948 0.030685 0.019363
1 0.496988 0.622741 0.028238 0.018718
1 0.604669 0.532164 0.029744 0.017857
1 0.621612 0.615856 0.03238 0.017857
1 0.699736 0.611446 0.036521 0.021945
1 0.685147 0.520546 0.033697 0.018718
1 0.743882 0.610262 0.038215 0.025172
1 0.749247 0.511618 0.036145 0.020654
1 0.83622 0.499785 0.039533 0.023236
1 0.71988 0.400495 0.032003 0.017857
1 0.592997 0.457831 0.028238 0.016781
1 0.654744 0.45525 0.029744 0.015921
1 0.809488 0.410069 0.03878 0.025387
1 0.863893 0.595848 0.040286 0.02259
1 0.269202 0.633821 0.021084 0.01506
1 0.249435 0.612522 0.018449 0.013769
1 0.215267 0.541631 0.018637 0.015706
1 0.2452 0.47827 0.019014 0.012479
1 0.250282 0.509466 0.020143 0.012909
1 0.478257 0.430508 0.021649 0.016781
1 0.738611 0.19105 0.026167 0.0142
1 0.28558 0.320998 0.013178 0.009036
