2 0.22741 0.208584 0.037274 0.009682
2 0.225245 0.223107 0.037462 0.009466
2 0.356457 0.16534 0.02805 0.00667
1 0.499059 0.068524 0.024473 0.013554
1 0.499906 0.107681 0.024661 0.010972
1 0.494635 0.146622 0.025038 0.012694
1 0.483998 0.18352 0.027485 0.018072
1 0.647779 0.120912 0.02259 0.012478
1 0.637707 0.155228 0.024285 0.011833
1 0.64552 0.195245 0.02372 0.015706
1 0.663686 0.233003 0.025038 0.016351
1 0.88413 0.265383 0.022779 0.012263
1 0.250377 0.348429 0.025602 0.013985
1 0.251506 0.394471 0.028614 0.015275
1 0.526261 0.319707 0.02692 0.017642
1 0.532756 0.392965 0.027485 0.013985
1 0.618505 0.319492 0.02692 0.018072
1 0.61474 0.362306 0.027673 0.016781
1 0.62933 0.422978 0.025602 0.021515
1 0.687782 0.318309 0.025791 0.016566
1 0.678087 0.362522 0.026732 0.017642
1 0.673287 0.410392 0.026544 0.016566
1 0.766284 0.355744 0.025791 0.014845
1 0.751318 0.405336 0.025979 0.016351
1 0.80544 0.405551 0.025038 0.016781
1 0.503389 0.5838 0.030873 0.020869
1 0.579537 0.542384 0.029179 0.017212
1 0.650226 0.53722 0.03012 0.018072
1 0.719409 0.605314 0.028803 0.019148
1 0.833773 0.536575 0.026732 0.018072
1 0.86154 0.581003 0.025791 0.017857
1 0.484469 0.737306 0.025038 0.020224
2 0.358904 0.152324 0.02805 0.006885
2 0.931946 0.414587 0.040851 0.013769
