0 0.347957 0.428205 0.076683 0.051282
0 0.546635 0.347756 0.076442 0.057051
2 0.183774 0.625641 0.047837 0.012179
2 0.245433 0.665385 0.047115 0.011538
2 0.234014 0.703526 0.048317 0.009615
2 0.157572 0.703686 0.048317 0.009936
2 0.146034 0.741506 0.049279 0.011859
2 0.134976 0.786058 0.049279 0.011859
2 0.129207 0.829006 0.052163 0.011218
2 0.119591 0.876442 0.052644 0.0125
2 0.227404 0.739423 0.049038 0.010897
2 0.219712 0.779808 0.050962 0.011539
2 0.214904 0.82532 0.051923 0.010897
2 0.204567 0.871474 0.053365 0.010897
2 0.447837 0.829808 0.054808 0.011539
2 0.34399 0.873077 0.05625 0.012179
1 0.041707 0.723878 0.021394 0.036859
