0 0.313912 0.231497 0.088667 0.071859
0 0.543581 0.268825 0.067206 0.057444
0 0.713008 0.295073 0.058547 0.059165
0 0.835467 0.335521 0.036521 0.047117
0 0.921404 0.347784 0.032944 0.042814
1 0.187124 0.375323 0.035768 0.020869
1 0.206514 0.412113 0.029367 0.020869
1 0.125847 0.54432 0.026544 0.040017
1 0.197289 0.544428 0.016566 0.039802
1 0.378389 0.423838 0.033133 0.017212
4 0.379424 0.467513 0.028426 0.023236
1 0.375753 0.495052 0.035015 0.019363
4 0.376883 0.543137 0.03012 0.02259
1 0.592338 0.482035 0.023532 0.014415
1 0.664721 0.435026 0.021837 0.013769
1 0.669804 0.512801 0.021461 0.013985
2 0.727127 0.455787 0.044616 0.010112
2 0.738328 0.51151 0.045934 0.011833
