0 0.092308 0.342788 0.089423 0.059295
0 0.452885 0.360577 0.071154 0.052564
0 0.625601 0.34984 0.077163 0.056731
0 0.694471 0.342468 0.078365 0.055449
0 0.765264 0.33766 0.081971 0.052244
0 0.962139 0.320032 0.069952 0.054808
1 0.159135 0.618109 0.029808 0.020192
1 0.221274 0.610417 0.028606 0.01891
1 0.282332 0.591827 0.030048 0.016346
1 0.169712 0.532051 0.028365 0.017308
2 0.917909 0.504647 0.05649 0.025962
2 0.934375 0.558013 0.055288 0.015385
1 0.116106 0.807372 0.035577 0.029487
1 0.191587 0.771154 0.030769 0.023077
1 0.169591 0.847756 0.032933 0.037821
