4 0.731551 0.647913 0.03012 0.027324
4 0.740305 0.704174 0.032568 0.030551
4 0.746423 0.759682 0.032756 0.031411
4 0.677993 0.76065 0.032944 0.031196
4 0.670746 0.702775 0.03012 0.029905
4 0.58302 0.671041 0.025979 0.026678
4 0.601374 0.710306 0.036333 0.038081
4 0.599962 0.755379 0.030497 0.031842
1 0.267319 0.738597 0.026355 0.02926
4 0.294804 0.734294 0.034262 0.037435
4 0.179782 0.719987 0.028614 0.030766
4 0.133848 0.71719 0.031626 0.033348
4 0.109752 0.712564 0.03238 0.030981
4 0.125471 0.659316 0.030685 0.029475
4 0.2452 0.690404 0.031062 0.032702
4 0.251318 0.6463 0.028991 0.030551
