1 0.131401 0.456003 0.03991 0.020009
1 0.217809 0.427065 0.040663 0.018933
1 0.667545 0.3892 0.036898 0.018072
1 0.777956 0.371342 0.035203 0.015491
1 0.922628 0.436962 0.034639 0.016781
1 0.924793 0.539372 0.035203 0.022806
1 0.970444 0.556368 0.038404 0.021945
1 0.925452 0.59219 0.03878 0.025172
1 0.884601 0.628442 0.039157 0.024096
1 0.945783 0.636188 0.040663 0.027539
1 0.906532 0.669966 0.044239 0.030981
1 0.806946 0.82401 0.048381 0.036575
1 0.401732 0.187285 0.026732 0.014415
1 0.259789 0.266351 0.033509 0.013339
1 0.19663 0.224075 0.029179 0.012263
1 0.694183 0.16179 0.026167 0.012478
1 0.61427 0.188253 0.024849 0.011188
