3 0.227316 0.236553 0.079631 0.023451
3 0.19936 0.294213 0.072666 0.017427
2 0.365493 0.13253 0.052899 0.008176
2 0.341962 0.238382 0.063441 0.009036
0 0.513742 0.279905 0.08622 0.055508
2 0.493694 0.217298 0.057794 0.007745
2 0.49567 0.235155 0.062123 0.007315
0 0.679688 0.296902 0.093562 0.054647
2 0.647779 0.22827 0.057982 0.009897
2 0.651638 0.245805 0.058923 0.009251
1 0.166792 0.461381 0.035392 0.017857
3 0.26619 0.425667 0.09262 0.024742
1 0.238611 0.506562 0.034074 0.020439
1 0.363517 0.475151 0.036898 0.019148
3 0.891001 0.457186 0.042169 0.020654
1 0.827466 0.475904 0.031815 0.016781
1 0.84102 0.513769 0.030685 0.020224
1 0.953125 0.410499 0.018072 0.013769
1 0.925169 0.650925 0.029932 0.027324
3 0.937782 0.684596 0.051393 0.032272
3 0.957643 0.740964 0.056099 0.026248
1 0.980986 0.694492 0.034639 0.023236
1 0.989928 0.729346 0.020143 0.024957
