1 0.522496 0.381777 0.022779 0.012694
1 0.504236 0.269578 0.019767 0.007745
1 0.631306 0.309596 0.021273 0.010757
1 0.738422 0.395116 0.022779 0.012263
1 0.888272 0.397913 0.019767 0.011403
1 0.326525 0.53991 0.02805 0.016997
2 0.309488 0.443739 0.041039 0.00753
1 0.385542 0.379195 0.024473 0.013124
1 0.398155 0.303787 0.02259 0.010757
2 0.253483 0.310026 0.03445 0.005164
1 0.150132 0.318417 0.019767 0.011188
1 0.124247 0.392212 0.023343 0.012048
3 0.839326 0.688253 0.052523 0.019363
3 0.821348 0.63565 0.045934 0.016997
1 0.402579 0.687823 0.017131 0.012048
3 0.417263 0.664372 0.036333 0.011618
