2 0.427564 0.368389 0.064744 0.033894
1 0.348397 0.424639 0.030128 0.020913
2 0.316346 0.402163 0.051282 0.026923
1 0.242628 0.377043 0.032051 0.023798
2 0.446635 0.443149 0.070833 0.03726
1 0.510096 0.833053 0.043269 0.028125
1 0.584936 0.857812 0.045513 0.025721
1 0.633974 0.88149 0.037821 0.01875
1 0.649038 0.761178 0.032051 0.01899
1 0.678365 0.79387 0.034936 0.020913
1 0.683333 0.77488 0.028846 0.01851
4 0.808974 0.921034 0.030769 0.021394
4 0.857372 0.918389 0.030769 0.023317
1 0.7875 0.819351 0.026923 0.018029
1 0.742949 0.815385 0.025641 0.020192
1 0.688942 0.834976 0.033654 0.018029
1 0.759615 0.867428 0.030769 0.018029
