0 0.073136 0.325947 0.070218 0.04346
0 0.35834 0.251506 0.0657 0.037435
0 0.347986 0.29077 0.067206 0.039372
0 0.551675 0.179647 0.056288 0.032702
0 0.605986 0.17599 0.058735 0.037866
0 0.548569 0.212995 0.057605 0.036575
0 0.604575 0.213748 0.057417 0.03679
0 0.658227 0.217943 0.05817 0.037005
0 0.535392 0.252689 0.060617 0.041523
0 0.597138 0.252474 0.059111 0.040232
0 0.652956 0.25753 0.057794 0.04475
0 0.531909 0.297225 0.064947 0.047547
0 0.596009 0.298408 0.059488 0.046902
0 0.656156 0.303141 0.062688 0.046902
0 0.348174 0.568739 0.086032 0.065189
0 0.34055 0.63608 0.088855 0.067771
0 0.6827 0.661252 0.081137 0.078528
