4 0.022402 0.306906 0.03878 0.02216
4 0.01666 0.345202 0.032944 0.018718
4 0.059959 0.341007 0.033321 0.021084
4 0.046969 0.374677 0.038592 0.027754
4 0.091585 0.371127 0.039721 0.02926
4 0.211408 0.329497 0.048193 0.037651
4 0.396837 0.315404 0.044428 0.037866
4 0.482869 0.295826 0.042922 0.037866
1 0.581796 0.31648 0.049511 0.025818
4 0.588479 0.344342 0.045181 0.027754
2 0.649567 0.308735 0.078125 0.018933
4 0.773155 0.325194 0.045557 0.026893
4 0.103069 0.329927 0.032568 0.024742
3 0.334996 0.292169 0.080384 0.027539
1 0.713291 0.307767 0.050075 0.02259
1 0.766378 0.301635 0.051958 0.026678
1 0.746141 0.240211 0.042357 0.026893
4 0.1282 0.659423 0.05384 0.036575
4 0.055723 0.723214 0.050452 0.042384
4 0.042545 0.778614 0.050075 0.043029
4 0.275226 0.636725 0.048569 0.03636
4 0.270802 0.671687 0.048758 0.036145
4 0.265248 0.706325 0.050075 0.037005
4 0.260448 0.74247 0.05064 0.038296
4 0.324831 0.679217 0.048005 0.037866
4 0.322007 0.719664 0.049887 0.039587
4 0.322289 0.761726 0.053087 0.040663
4 0.322195 0.803249 0.053276 0.042384
4 0.41491 0.584768 0.048569 0.036145
4 0.414345 0.619621 0.048569 0.036145
4 0.41538 0.655013 0.050264 0.03722
4 0.403709 0.690835 0.05177 0.039157
4 0.40945 0.727517 0.051581 0.038511
4 0.407944 0.76463 0.054217 0.041308
4 0.405403 0.804109 0.054405 0.042384
4 0.406626 0.84531 0.055723 0.042599
4 0.406909 0.888662 0.056288 0.045826
4 0.471386 0.592298 0.048193 0.036575
4 0.47788 0.643287 0.05177 0.038726
4 0.476186 0.701162 0.052899 0.041308
4 0.473833 0.758391 0.053087 0.041738
4 0.545369 0.819923 0.055346 0.046902
4 0.472421 0.81648 0.052899 0.041738
4 0.473268 0.885219 0.055346 0.045396
4 0.546687 0.894901 0.059864 0.049268
4 0.551299 0.756239 0.056288 0.04475
4 0.552617 0.701377 0.056288 0.04475
4 0.553087 0.645224 0.053087 0.043029
4 0.557794 0.589716 0.053087 0.043029
4 0.561559 0.539157 0.049699 0.039587
4 0.656721 0.542491 0.053276 0.037651
4 0.633189 0.630379 0.083773 0.060671
4 0.797157 0.615641 0.051017 0.040232
4 0.804593 0.673515 0.050828 0.040232
4 0.89599 0.7017 0.052523 0.035069
4 0.771178 0.876721 0.060053 0.049053
4 0.625376 0.83778 0.070783 0.074871
4 0.243976 0.807336 0.057605 0.047547
4 0.239646 0.876829 0.059864 0.052281
