1 0.440983 0.315404 0.075866 0.047762
2 0.747835 0.26506 0.096197 0.069707
1 0.754706 0.549591 0.074925 0.050129
2 0.086973 0.322612 0.047063 0.025602
2 0.107022 0.280336 0.04311 0.018933
2 0.028803 0.341437 0.047816 0.01463
1 0.126224 0.520331 0.060053 0.038942
1 0.242564 0.59574 0.066453 0.046472
1 0.344409 0.567664 0.073983 0.043244
1 0.85834 0.571966 0.07436 0.042814
1 0.863517 0.638339 0.07756 0.04389
1 0.768637 0.668567 0.083584 0.049699
2 0.770802 0.720417 0.072854 0.032917
2 0.652956 0.616717 0.102221 0.02216
1 0.752165 0.59972 0.074736 0.043244
1 0.969597 0.602195 0.060806 0.046041
1 0.096291 0.637478 0.06683 0.040448
1 0.769672 0.07358 0.048005 0.019793
1 0.936653 0.215146 0.053276 0.026678
2 0.168675 0.359832 0.088102 0.083692
2 0.189853 0.330787 0.104104 0.115534
