0 0.222233 0.139092 0.052146 0.016997
0 0.215173 0.160176 0.057229 0.029045
0 0.203972 0.187392 0.056288 0.032272
0 0.19663 0.214501 0.054405 0.023666
0 0.429782 0.242362 0.061747 0.035929
0 0.426864 0.278077 0.063818 0.038942
0 0.423946 0.320676 0.066642 0.045396
0 0.574454 0.233003 0.061935 0.043029
0 0.915945 0.204497 0.057794 0.03722
0 0.931099 0.237199 0.056852 0.039372
0 0.945783 0.273236 0.056099 0.039157
0 0.959526 0.312177 0.061747 0.046472
1 0.247741 0.496558 0.023343 0.013769
1 0.277579 0.530013 0.023532 0.013554
3 0.454913 0.53722 0.012236 0.005163
1 0.875 0.484832 0.020708 0.014415
1 0.874341 0.535284 0.023532 0.016351
1 0.924134 0.483649 0.02259 0.012048
1 0.956325 0.526893 0.024096 0.012909
1 0.170934 0.65867 0.025226 0.017427
1 0.16651 0.681046 0.024285 0.017427
1 0.240117 0.696536 0.022779 0.017427
1 0.274473 0.684811 0.025979 0.018503
1 0.250753 0.612199 0.022967 0.014415
1 0.280497 0.635004 0.023343 0.014845
1 0.320218 0.63565 0.025979 0.016997
1 0.315889 0.723214 0.026732 0.016997
1 0.348927 0.723752 0.027297 0.016781
1 0.393543 0.693847 0.027297 0.019363
1 0.433923 0.642319 0.024849 0.016136
1 0.82916 0.691588 0.025791 0.017427
1 0.883095 0.649742 0.024096 0.015491
1 0.894861 0.697397 0.024285 0.015706
1 0.949172 0.633176 0.026732 0.017212
1 0.970444 0.696644 0.025979 0.016351
