0 0.238705 0.199441 0.056476 0.067126
0 0.299511 0.17997 0.067018 0.057874
0 0.366905 0.16975 0.069654 0.049053
0 0.285486 0.239458 0.068336 0.061102
0 0.361728 0.227302 0.07323 0.061317
0 0.565606 0.209768 0.066453 0.050775
0 0.63413 0.213425 0.0657 0.051205
0 0.786239 0.114888 0.063818 0.043029
0 0.84375 0.11704 0.062124 0.043029
0 0.893731 0.117362 0.0593 0.044535
0 0.798946 0.158025 0.065136 0.046256
0 0.859375 0.161252 0.064006 0.044966
0 0.912651 0.159208 0.063253 0.040878
0 0.808735 0.204819 0.067018 0.047762
0 0.8718 0.206218 0.064759 0.047547
0 0.930441 0.203636 0.061559 0.047547
1 0.201525 0.499032 0.024661 0.013554
1 0.239364 0.49559 0.026167 0.023021
1 0.205761 0.560456 0.023343 0.016351
1 0.240305 0.555077 0.022779 0.016781
1 0.310806 0.521299 0.025979 0.0142
1 0.290474 0.57046 0.025602 0.019148
1 0.38253 0.523021 0.025226 0.018072
1 0.442583 0.520546 0.025602 0.015275
1 0.443524 0.540985 0.026732 0.015706
1 0.490305 0.483219 0.024661 0.0142
1 0.493223 0.509897 0.024849 0.01463
1 0.496047 0.53324 0.025979 0.018287
1 0.548663 0.50312 0.027297 0.016997
1 0.649567 0.417384 0.023908 0.013769
1 0.65785 0.481605 0.025038 0.015706
1 0.66218 0.513124 0.025414 0.015921
1 0.704254 0.50753 0.024473 0.015921
1 0.745388 0.475688 0.025038 0.017642
1 0.77259 0.452453 0.02259 0.017212
