1 0.809394 0.747418 0.039345 0.023236
1 0.844691 0.716652 0.038027 0.022375
1 0.938912 0.761726 0.04198 0.026033
1 0.898249 0.627259 0.034827 0.024312
1 0.916227 0.593051 0.033886 0.018718
1 0.818995 0.589501 0.03445 0.020224
1 0.795934 0.491609 0.033509 0.017212
1 0.879236 0.493868 0.034074 0.016997
1 0.139213 0.737952 0.031062 0.027539
1 0.354575 0.64006 0.020896 0.038296
1 0.309206 0.653722 0.03445 0.021299
1 0.203031 0.576485 0.035203 0.02173
1 0.297628 0.707616 0.033509 0.023236
1 0.299228 0.763447 0.032191 0.027754
1 0.389684 0.777754 0.024473 0.046902
1 0.533321 0.780443 0.03991 0.024742
3 0.406062 0.695676 0.045557 0.011403
