0 0.218468 0.161467 0.075866 0.067341
0 0.427146 0.131992 0.087726 0.06605
1 0.270237 0.424376 0.029556 0.02173
1 0.587444 0.573042 0.039345 0.023021
1 0.593468 0.630271 0.042733 0.025602
1 0.722233 0.595202 0.037839 0.025172
1 0.726845 0.632315 0.042169 0.023666
1 0.840832 0.623709 0.040474 0.023236
1 0.462255 0.631132 0.038215 0.026893
1 0.315606 0.578206 0.034827 0.03722
1 0.301205 0.629518 0.038027 0.030981
1 0.265531 0.473214 0.030309 0.017427
1 0.165098 0.459015 0.027485 0.016997
1 0.217903 0.623817 0.02805 0.020439
1 0.228539 0.578421 0.029367 0.020439
1 0.092244 0.563576 0.025226 0.016566
