1 0.151282 0.345793 0.012821 0.015144
2 0.203205 0.406851 0.044231 0.014183
2 0.230449 0.297716 0.034615 0.014183
2 0.402724 0.266346 0.038141 0.015865
2 0.394712 0.36887 0.04391 0.015625
2 0.530128 0.224159 0.034615 0.01274
2 0.541346 0.323558 0.041667 0.014904
2 0.686218 0.207572 0.042308 0.018029
1 0.693109 0.251562 0.021474 0.01899
1 0.320353 0.667308 0.040705 0.018269
1 0.28141 0.818149 0.047436 0.02476
1 0.500641 0.772837 0.046795 0.020192
1 0.488462 0.685577 0.044231 0.021635
1 0.648558 0.708534 0.049679 0.020433
1 0.633494 0.595793 0.045833 0.018029
1 0.802404 0.764423 0.059295 0.028365
3 0.920994 0.589303 0.093269 0.042548
3 0.962981 0.689303 0.074038 0.044952
1 0.052885 0.834255 0.046795 0.023317
