0 0.686699 0.199519 0.081731 0.025481
0 0.631731 0.225721 0.080128 0.026442
0 0.622436 0.248438 0.080769 0.025721
0 0.698077 0.244231 0.079487 0.025962
0 0.703045 0.220433 0.073397 0.025481
0 0.776923 0.242067 0.087821 0.025962
0 0.759135 0.194591 0.079167 0.025721
0 0.777083 0.215024 0.083654 0.028125
0 0.81875 0.449038 0.117628 0.044712
0 0.289583 0.414784 0.104167 0.042548
0 0.036699 0.284255 0.072756 0.03101
4 0.099519 0.651442 0.0375 0.015385
4 0.176763 0.707212 0.038141 0.015865
4 0.038141 0.672837 0.040385 0.013462
4 0.016506 0.713462 0.032372 0.016827
4 0.361538 0.707692 0.030769 0.022596
4 0.547917 0.733534 0.035577 0.019471
4 0.55032 0.691586 0.035897 0.013942
4 0.62516 0.671154 0.034936 0.017788
4 0.788622 0.720433 0.036859 0.015385
4 0.91218 0.733534 0.044231 0.019952
