0 0.357022 0.278507 0.072854 0.046687
0 0.149285 0.320245 0.057229 0.035069
1 0.046028 0.495912 0.020143 0.013769
1 0.087444 0.455895 0.017131 0.012478
1 0.134883 0.453421 0.01939 0.011403
1 0.219785 0.462887 0.02052 0.016566
1 0.330949 0.468696 0.021837 0.012694
1 0.378953 0.465577 0.022967 0.012909
1 0.3766 0.5 0.022402 0.012048
1 0.476657 0.45654 0.02259 0.013339
1 0.481457 0.497526 0.023908 0.013985
1 0.554405 0.454604 0.02259 0.012479
1 0.620388 0.450732 0.023532 0.013339
4 0.52372 0.474182 0.017696 0.003873
1 0.850998 0.478485 0.022779 0.012909
1 0.88686 0.478055 0.021837 0.013339
1 0.922063 0.479991 0.022214 0.011188
1 0.953878 0.467836 0.022214 0.012694
1 0.991999 0.483434 0.016002 0.012909
1 0.980422 0.54389 0.021084 0.012909
1 0.935335 0.530874 0.023532 0.013554
1 0.898626 0.519471 0.023908 0.013124
1 0.860599 0.517857 0.024661 0.016351
3 0.976562 0.447719 0.03445 0.009897
1 0.830008 0.436747 0.021837 0.012048
0 0.657097 0.214824 0.066077 0.034639
0 0.664439 0.247956 0.068712 0.043675
0 0.95689 0.277539 0.073795 0.048623
1 0.045557 0.610262 0.018825 0.013124
1 0.923475 0.647913 0.018637 0.029905
1 0.043957 0.813361 0.015248 0.020869
