4 0.238611 0.205572 0.04311 0.032487
1 0.83782 0.178464 0.031062 0.026463
1 0.787274 0.220417 0.03878 0.029475
1 0.738234 0.198257 0.037462 0.024312
1 0.88686 0.152861 0.039533 0.031626
1 0.614928 0.160069 0.029179 0.022375
1 0.653144 0.166201 0.029556 0.020869
1 0.619635 0.104023 0.029179 0.020869
3 0.582455 0.160607 0.023343 0.0071
1 0.513084 0.189436 0.021273 0.046687
1 0.300075 0.193632 0.036145 0.021945
1 0.245482 0.177496 0.038027 0.025387
4 0.732681 0.173946 0.031627 0.025172
4 0.734846 0.22117 0.039721 0.026678
2 0.087632 0.34262 0.051393 0.013985
1 0.128294 0.356713 0.029932 0.020224
1 0.166792 0.412543 0.029744 0.020869
2 0.245576 0.337672 0.053652 0.014845
1 0.297157 0.33821 0.037462 0.023236
1 0.300358 0.404367 0.036333 0.02259
1 0.347703 0.426312 0.027485 0.021299
1 0.400132 0.432767 0.038215 0.023881
1 0.493976 0.401786 0.03991 0.025602
1 0.485222 0.320245 0.040474 0.026033
1 0.55177 0.335413 0.041416 0.032272
1 0.544616 0.376721 0.035392 0.022375
1 0.541227 0.406734 0.039157 0.024742
1 0.598362 0.329281 0.027673 0.018718
1 0.599115 0.417707 0.037086 0.02173
1 0.635166 0.373386 0.029368 0.02173
1 0.628388 0.446644 0.028238 0.022375
1 0.684488 0.318954 0.039533 0.027324
1 0.679029 0.407272 0.036898 0.024957
1 0.753012 0.450839 0.027108 0.020869
1 0.843656 0.327668 0.036333 0.023666
1 0.83895 0.355099 0.036333 0.023451
1 0.837067 0.382207 0.035956 0.023451
1 0.844409 0.40824 0.036709 0.02173
1 0.837726 0.436209 0.035768 0.02173
1 0.833773 0.462134 0.035392 0.022375
1 0.891284 0.355529 0.034074 0.02173
1 0.953125 0.386941 0.03238 0.023021
1 0.880554 0.434488 0.032568 0.02259
1 0.912462 0.454819 0.03238 0.022805
1 0.944654 0.442341 0.028238 0.022375
