2 0.183641 0.199333 0.063818 0.015706
2 0.3766 0.163081 0.031062 0.008176
2 0.372929 0.125861 0.030873 0.008176
2 0.416133 0.133821 0.031062 0.008176
2 0.456608 0.132745 0.031062 0.008176
2 0.376224 0.20256 0.031815 0.008821
2 0.41491 0.042814 0.032756 0.008176
2 0.51186 0.046149 0.07003 0.017857
2 0.606739 0.057982 0.067771 0.016136
2 0.629424 0.113597 0.08302 0.015491
2 0.705855 0.052603 0.066077 0.013985
4 0.492752 0.394901 0.014495 0.004518
4 0.361728 0.405981 0.012613 0.005163
4 0.23494 0.424268 0.01619 0.003442
4 0.25433 0.512263 0.014684 0.003012
4 0.16378 0.6108 0.013554 0.003873
4 0.169898 0.697289 0.013366 0.003873
4 0.288027 0.683305 0.012048 0.003442
4 0.277956 0.601872 0.013742 0.004518
4 0.394014 0.590362 0.013931 0.004303
4 0.388742 0.672655 0.013931 0.004518
4 0.499529 0.654905 0.012613 0.003873
4 0.500565 0.57401 0.012801 0.003873
4 0.63526 0.564544 0.012989 0.003873
4 0.631306 0.473752 0.012613 0.005164
4 0.505459 0.485478 0.013554 0.004518
