1 0.618129 0.264953 0.027673 0.011403
1 0.332831 0.29744 0.025226 0.010972
1 0.220633 0.395762 0.024849 0.013124
1 0.1218 0.472246 0.028991 0.01463
1 0.198795 0.45923 0.027485 0.020439
1 0.275979 0.472246 0.033133 0.017212
1 0.394108 0.446751 0.032191 0.017857
1 0.496611 0.446644 0.033886 0.018503
1 0.582549 0.458046 0.033697 0.019793
1 0.661427 0.457831 0.036709 0.021084
1 0.738046 0.459015 0.039721 0.017857
1 0.815324 0.458584 0.039533 0.020439
1 0.891472 0.459122 0.040474 0.020224
1 0.789439 0.38296 0.035203 0.015491
1 0.69663 0.370805 0.03445 0.014845
1 0.7468 0.265598 0.030873 0.013985
1 0.039627 0.693739 0.031062 0.026463
1 0.122647 0.623924 0.032944 0.024096
1 0.113987 0.702022 0.035203 0.027539
1 0.176111 0.732788 0.033697 0.024096
1 0.272967 0.650818 0.036521 0.021515
1 0.251318 0.758713 0.03878 0.033348
1 0.331419 0.679647 0.038592 0.027108
1 0.401261 0.677281 0.037839 0.023666
1 0.341585 0.730314 0.038968 0.029475
1 0.430158 0.747633 0.040663 0.027108
1 0.487575 0.649096 0.038404 0.024096
1 0.535956 0.740964 0.042922 0.027539
1 0.645896 0.739888 0.045181 0.027539
1 0.731081 0.745052 0.046875 0.027969
1 0.849868 0.762478 0.048381 0.028399
1 0.963008 0.753335 0.050264 0.029905
1 0.059582 0.620912 0.029556 0.020654
