0 0.085655 0.183843 0.10881 0.068201
0 0.130271 0.212672 0.147967 0.132315
0 0.485128 0.176635 0.086973 0.041738
0 0.713102 0.219234 0.099021 0.052496
1 0.032662 0.426743 0.035203 0.019148
1 0.014213 0.52614 0.027673 0.020869
1 0.21122 0.512478 0.03991 0.025387
1 0.315889 0.51463 0.042545 0.027969
1 0.453972 0.452345 0.038215 0.02173
1 0.573042 0.538511 0.042169 0.023666
1 0.73654 0.475151 0.04198 0.020869
1 0.807888 0.428464 0.038592 0.02216
1 0.829349 0.507315 0.042733 0.023236
1 0.882342 0.44105 0.039157 0.018933
1 0.591585 0.698365 0.051393 0.031411
1 0.70256 0.664264 0.050452 0.031196
1 0.707737 0.740211 0.054029 0.041523
1 0.826148 0.707831 0.053276 0.033563
1 0.96602 0.702453 0.05177 0.031411
2 0.947666 0.670611 0.03991 0.017212
1 0.902485 0.682659 0.048193 0.028399
