0 0.449038 0.395994 0.085577 0.043269
2 0.466587 0.335417 0.013462 0.04391
0 0.038942 0.460256 0.077404 0.013462
0 0.050721 0.445513 0.100962 0.05
4 0.203245 0.707372 0.035337 0.024359
4 0.182212 0.80625 0.037981 0.024679
4 0.205048 0.857372 0.037981 0.024359
4 0.10601 0.844071 0.038942 0.026603
4 0.258894 0.778365 0.037019 0.022756
4 0.274519 0.70657 0.033654 0.021474
4 0.154567 0.687821 0.034615 0.023718
4 0.140865 0.745833 0.036538 0.023718
1 0.097236 0.805288 0.025721 0.045833
1 0.234255 0.84375 0.043029 0.031731
1 0.166466 0.736218 0.036298 0.017308
1 0.299159 0.691987 0.034375 0.017308
1 0.291587 0.758494 0.033654 0.020192
4 0.319471 0.864583 0.036538 0.026603
1 0.351442 0.836218 0.039904 0.026923
4 0.438221 0.740224 0.030288 0.024038
4 0.439303 0.844391 0.033413 0.02532
1 0.459736 0.807532 0.039663 0.031731
1 0.469712 0.703846 0.034135 0.019231
