2 0.17884 0.09176 0.035015 0.011403
2 0.182888 0.116932 0.035956 0.012694
2 0.179782 0.134789 0.035768 0.011403
2 0.175075 0.152431 0.035768 0.011403
2 0.170369 0.168675 0.035768 0.011618
2 0.170181 0.197182 0.035768 0.013124
2 0.167451 0.215361 0.034827 0.013339
2 0.161992 0.234509 0.034827 0.013339
2 0.148626 0.245052 0.033697 0.012048
2 0.14712 0.266244 0.027673 0.010972
1 0.300546 0.008498 0.021273 0.012263
1 0.327843 0.019901 0.022402 0.011403
1 0.302146 0.037651 0.02259 0.012909
1 0.294898 0.051958 0.022402 0.012694
1 0.296216 0.0696 0.022402 0.012694
1 0.280309 0.168137 0.024096 0.016136
1 0.260825 0.228378 0.026167 0.013985
1 0.425264 0.13296 0.028238 0.016351
1 0.443806 0.106605 0.027673 0.013985
1 0.563253 0.04034 0.03012 0.016136
1 0.590079 0.019578 0.027297 0.012048
1 0.610128 0.138339 0.03012 0.016351
1 0.597703 0.114781 0.028991 0.014415
1 0.750565 0.05142 0.027485 0.01463
1 0.201431 0.067233 0.022214 0.011833
1 0.207078 0.088748 0.021461 0.014415
2 0.280026 0.085628 0.037839 0.013339
2 0.273626 0.094342 0.037839 0.013554
2 0.271273 0.11435 0.038404 0.013985
2 0.267131 0.131454 0.038404 0.013769
2 0.263837 0.149527 0.038592 0.0142
2 0.2532 0.188253 0.03991 0.01506
2 0.252447 0.205895 0.040286 0.01506
2 0.410768 0.033993 0.037651 0.009466
2 0.403803 0.047547 0.046687 0.012048
2 0.400132 0.086704 0.046875 0.012048
2 0.409639 0.06605 0.037651 0.009466
2 0.413404 0.104776 0.035392 0.009036
2 0.414345 0.153184 0.048569 0.010757
2 0.411803 0.176743 0.048381 0.011833
2 0.413027 0.201162 0.049322 0.013769
2 0.414345 0.224613 0.049322 0.013769
2 0.554029 0.023774 0.043675 0.010542
2 0.557323 0.058197 0.050264 0.009682
2 0.572195 0.081648 0.05064 0.009682
2 0.567206 0.156842 0.051958 0.010327
2 0.568995 0.131992 0.051393 0.010972
2 0.5609 0.109617 0.050264 0.011403
2 0.568242 0.18083 0.052523 0.010542
2 0.573136 0.204712 0.052523 0.008391
2 0.709055 0.027216 0.048757 0.010112
2 0.711502 0.047655 0.049134 0.008391
2 0.71715 0.066265 0.049134 0.008176
2 0.723174 0.083262 0.049134 0.008176
2 0.726186 0.105744 0.05064 0.009251
2 0.729575 0.133713 0.051393 0.010542
2 0.734375 0.155013 0.051205 0.010542
2 0.737575 0.181261 0.051205 0.010542
2 0.736822 0.206863 0.051205 0.010542
2 0.883471 0.009251 0.029744 0.007745
2 0.891566 0.024742 0.035015 0.009036
2 0.893166 0.048085 0.035203 0.008821
2 0.029367 0.285929 0.032003 0.0142
2 0.098362 0.089178 0.029179 0.016566
2 0.095538 0.104023 0.028803 0.015275
2 0.091303 0.118653 0.030874 0.015275
2 0.094032 0.138016 0.029932 0.013124
2 0.088479 0.15028 0.030497 0.012694
2 0.081231 0.164479 0.030309 0.012694
2 0.069559 0.175452 0.030309 0.012694
2 0.063065 0.190404 0.030497 0.013769
2 0.056947 0.208477 0.031815 0.012909
2 0.05064 0.224075 0.031627 0.012694
2 0.047816 0.244944 0.03125 0.013124
