1 0.135216 0.349519 0.034856 0.014423
1 0.71274 0.808333 0.047115 0.032051
1 0.689183 0.739583 0.046635 0.027885
1 0.847236 0.821474 0.045913 0.028205
1 0.284135 0.772115 0.047115 0.028205
1 0.274519 0.720513 0.045673 0.026282
1 0.263702 0.823558 0.050481 0.030449
1 0.384495 0.701442 0.041587 0.024679
1 0.433894 0.68093 0.041827 0.022756
1 0.428245 0.758494 0.044471 0.026603
1 0.428966 0.807532 0.046394 0.03109
1 0.562981 0.728045 0.042308 0.026603
1 0.058534 0.722756 0.048798 0.026282
1 0.129688 0.798558 0.03101 0.047115
