1 0.046969 0.17685 0.028426 0.020224
1 0.099586 0.162758 0.032756 0.024742
3 0.157003 0.175129 0.05497 0.023236
1 0.351092 0.210306 0.036521 0.026893
1 0.602692 0.206648 0.040098 0.025172
1 0.581231 0.114243 0.038968 0.026678
1 0.727316 0.146299 0.037839 0.024957
2 0.848739 0.210736 0.049511 0.015275
1 0.847327 0.160929 0.034262 0.024957
2 0.848362 0.130056 0.035956 0.013985
1 0.853633 0.112629 0.03445 0.026033
1 0.947854 0.162758 0.035015 0.027324
1 0.851751 0.365318 0.035956 0.023666
1 0.866529 0.429002 0.018449 0.039587
1 0.749435 0.406627 0.038404 0.020224
1 0.614834 0.327991 0.041039 0.028614
2 0.582172 0.369514 0.061182 0.013985
2 0.456419 0.36349 0.061559 0.016997
1 0.385354 0.344019 0.037274 0.022375
1 0.375565 0.421149 0.034639 0.02173
3 0.325301 0.399527 0.044428 0.018072
1 0.145802 0.417169 0.029556 0.020224
1 0.212161 0.346708 0.034262 0.031627
1 0.211973 0.441265 0.031626 0.020654
1 0.106551 0.447504 0.030873 0.018503
