0 0.426017 0.264522 0.080572 0.05185
2 0.853163 0.538619 0.04744 0.087565
2 0.760448 0.546256 0.042357 0.035714
2 0.928558 0.407057 0.063441 0.018933
2 0.467809 0.635219 0.085467 0.015275
2 0.431005 0.667061 0.086032 0.014415
0 0.181194 0.182767 0.068336 0.03722
0 0.166792 0.214393 0.063253 0.032917
0 0.154367 0.246343 0.062123 0.03012
0 0.105422 0.236553 0.062123 0.035069
0 0.087632 0.27614 0.067959 0.041954
0 0.067677 0.312177 0.073607 0.038296
0 0.131871 0.308842 0.062688 0.032917
0 0.141943 0.277861 0.064759 0.033348
0 0.624247 0.097461 0.057605 0.030981
0 0.628483 0.126721 0.056288 0.02926
0 0.633283 0.152754 0.060617 0.027539
0 0.640249 0.184273 0.065136 0.038081
0 0.703031 0.182767 0.072477 0.032057
0 0.692395 0.151033 0.068901 0.02969
0 0.686935 0.125538 0.065136 0.023881
0 0.67884 0.103163 0.057605 0.031196
