1 0.066346 0.703686 0.046154 0.025962
1 0.234976 0.770032 0.024279 0.052244
1 0.396995 0.782212 0.027644 0.054808
1 0.557933 0.752083 0.0375 0.023397
1 0.399159 0.69391 0.027163 0.045513
1 0.888942 0.770994 0.031731 0.021474
1 0.949519 0.763301 0.039423 0.022115
1 0.945913 0.725801 0.0375 0.020833
1 0.858654 0.676923 0.037019 0.021154
1 0.937861 0.595673 0.035817 0.022115
1 0.909135 0.55641 0.034135 0.017308
1 0.899519 0.533654 0.034135 0.015385
1 0.796995 0.591346 0.026202 0.034615
1 0.630048 0.560737 0.036058 0.021474
1 0.576082 0.598397 0.034375 0.01859
1 0.490986 0.564583 0.030529 0.020192
1 0.507212 0.520513 0.025 0.035897
1 0.484135 0.472596 0.020192 0.033654
1 0.415385 0.485897 0.018269 0.032692
1 0.387861 0.544231 0.01851 0.035256
1 0.405649 0.586538 0.035817 0.019231
1 0.082572 0.598077 0.04351 0.023718
1 0.109856 0.559135 0.032212 0.022115
1 0.133534 0.531571 0.039183 0.01891
1 0.118149 0.471635 0.038702 0.016987
1 0.213942 0.48157 0.036058 0.024038
1 0.202043 0.528686 0.021875 0.039423
1 0.188341 0.58718 0.02476 0.041026
1 0.321995 0.491346 0.036779 0.025
1 0.321034 0.52468 0.026202 0.017308
1 0.303365 0.595192 0.033173 0.022436
1 0.320072 0.559776 0.026683 0.020192
1 0.81226 0.379647 0.028846 0.013141
1 0.760817 0.28109 0.027885 0.012179
1 0.622476 0.358814 0.029567 0.015064
1 0.617909 0.315865 0.01851 0.021474
1 0.614784 0.28109 0.015144 0.023718
1 0.589904 0.251923 0.014904 0.021154
1 0.617308 0.224199 0.016827 0.020833
1 0.461178 0.372917 0.015625 0.027244
1 0.463942 0.341667 0.015865 0.025641
1 0.45625 0.307692 0.016827 0.023077
1 0.45601 0.27484 0.013462 0.020833
1 0.38137 0.380128 0.016106 0.027564
1 0.369832 0.33734 0.015144 0.024038
1 0.38738 0.305929 0.016587 0.024679
1 0.384255 0.271314 0.015144 0.022115
1 0.369111 0.244551 0.014183 0.019872
1 0.267308 0.194712 0.014423 0.020833
1 0.272115 0.162019 0.014423 0.019551
1 0.207212 0.33157 0.018269 0.028526
1 0.286779 0.387019 0.028846 0.015064
1 0.282452 0.329327 0.030288 0.019551
1 0.186058 0.288782 0.033173 0.016667
