1 0.342338 0.184703 0.027297 0.015706
1 0.253953 0.21364 0.026732 0.01463
1 0.224774 0.146622 0.025602 0.016566
1 0.273532 0.094342 0.024096 0.016136
1 0.399002 0.090039 0.025414 0.013985
1 0.395708 0.144363 0.027108 0.017642
1 0.495858 0.204604 0.028238 0.013769
2 0.477504 0.191157 0.026167 0.00753
2 0.533321 0.142857 0.029744 0.008176
2 0.567206 0.101119 0.008283 0.027969
1 0.558547 0.155228 0.034639 0.015706
2 0.595068 0.155336 0.03238 0.006454
2 0.596762 0.189974 0.03238 0.006454
2 0.648438 0.149527 0.02805 0.006454
2 0.650885 0.182767 0.032191 0.00667
1 0.69823 0.153507 0.029368 0.013554
2 0.695689 0.142965 0.031815 0.0071
2 0.718279 0.094019 0.043486 0.011188
2 0.820783 0.172762 0.032003 0.009466
2 0.900979 0.182767 0.044428 0.00753
2 0.910297 0.206325 0.043863 0.008606
1 0.927993 0.149096 0.017884 0.024096
