1 0.239552 0.505056 0.022026 0.013554
1 0.230422 0.534961 0.024473 0.013985
1 0.227786 0.580895 0.017696 0.027108
1 0.28718 0.6108 0.026544 0.018503
1 0.283133 0.651893 0.023343 0.016351
1 0.364458 0.424053 0.024849 0.012048
1 0.370858 0.471601 0.024096 0.012909
1 0.354386 0.651786 0.028426 0.017857
1 0.451242 0.458369 0.02372 0.012263
1 0.441642 0.492793 0.025602 0.014845
1 0.428746 0.529152 0.025414 0.013124
1 0.441924 0.566265 0.025414 0.0142
1 0.4343 0.609294 0.027108 0.01506
1 0.4343 0.655658 0.03012 0.019148
1 0.509695 0.438683 0.022402 0.007745
1 0.510166 0.463533 0.022214 0.011833
1 0.511013 0.495374 0.023532 0.012694
1 0.514872 0.531626 0.026355 0.013339
1 0.520425 0.569815 0.02805 0.015706
1 0.545181 0.568094 0.015437 0.031627
1 0.51666 0.611231 0.028803 0.018072
1 0.519672 0.65781 0.028803 0.017857
1 0.567018 0.435886 0.024096 0.012048
1 0.608528 0.471601 0.026167 0.015491
1 0.607304 0.51108 0.025979 0.013554
1 0.6234 0.547009 0.028426 0.019578
1 0.621612 0.584015 0.028238 0.016997
1 0.693336 0.547978 0.026355 0.017212
1 0.690606 0.587349 0.028426 0.016351
1 0.741811 0.51861 0.017884 0.029475
1 0.741058 0.554862 0.027673 0.018072
1 0.745482 0.628442 0.029368 0.019363
1 0.852504 0.473537 0.023155 0.015491
2 0.887331 0.463963 0.026544 0.009251
2 0.847703 0.542707 0.035768 0.013554
1 0.868882 0.560886 0.026167 0.015921
1 0.915474 0.456648 0.023343 0.012694
1 0.943806 0.542707 0.024285 0.019578
1 0.959149 0.468051 0.024849 0.015275
