1 0.582737 0.310564 0.025414 0.015275
1 0.716679 0.318201 0.024096 0.01463
1 0.722703 0.34531 0.025979 0.013339
1 0.208396 0.43309 0.024096 0.013769
1 0.22788 0.529905 0.02692 0.01463
1 0.297628 0.429647 0.024473 0.01463
1 0.295369 0.447827 0.024096 0.012263
1 0.3093 0.462134 0.026355 0.013769
1 0.33462 0.41975 0.023908 0.01463
2 0.345821 0.489458 0.036521 0.009036
2 0.389496 0.487091 0.036521 0.009036
1 0.347327 0.534961 0.028238 0.015275
1 0.391378 0.532487 0.028238 0.015491
2 0.441453 0.438361 0.045181 0.008391
2 0.436182 0.501936 0.046687 0.008176
1 0.451242 0.461919 0.026732 0.0142
1 0.448042 0.526893 0.028991 0.017212
1 0.595727 0.444923 0.028426 0.015491
2 0.584337 0.458369 0.054593 0.010112
1 0.662745 0.441695 0.029179 0.016781
1 0.72148 0.443309 0.028803 0.016566
2 0.71395 0.458046 0.055535 0.010327
1 0.783133 0.442664 0.028614 0.016136
1 0.140813 0.598752 0.026355 0.015921
1 0.175828 0.628657 0.027861 0.015921
1 0.177146 0.689221 0.027861 0.020009
1 0.180158 0.662328 0.026355 0.016997
1 0.243882 0.652539 0.029556 0.017642
1 0.245764 0.707078 0.029179 0.019148
3 0.371423 0.656949 0.062876 0.031196
3 0.439947 0.648236 0.065512 0.043029
3 0.508377 0.652646 0.067583 0.045396
1 0.602127 0.71676 0.032944 0.019578
1 0.668769 0.598537 0.032568 0.017642
1 0.676205 0.670288 0.032756 0.019148
1 0.715267 0.671794 0.03445 0.020869
1 0.756306 0.71762 0.035203 0.02173
1 0.788027 0.710198 0.034262 0.024527
1 0.869917 0.71278 0.028991 0.022375
1 0.954819 0.711812 0.03238 0.019148
1 0.989364 0.620805 0.021273 0.02173
1 0.944183 0.621988 0.032191 0.018503
1 0.923193 0.585951 0.020708 0.034639
1 0.865964 0.671149 0.03125 0.016566
1 0.325207 0.674053 0.029179 0.019363
1 0.32596 0.614888 0.027297 0.018072
1 0.27852 0.711596 0.027673 0.016566
1 0.278614 0.64404 0.028238 0.016136
1 0.670369 0.30809 0.023343 0.012478
1 0.673099 0.326054 0.025414 0.012263
1 0.677334 0.350688 0.025979 0.012479
1 0.768919 0.303787 0.023155 0.013339
1 0.771178 0.338855 0.024661 0.012478
1 0.980045 0.590577 0.03125 0.018933
1 0.777203 0.677388 0.033697 0.02259
1 0.140719 0.617362 0.027297 0.015275
1 0.128577 0.694492 0.026355 0.023666
1 0.949548 0.655443 0.034639 0.025172
