0 0.655685 0.168782 0.082078 0.048408
0 0.351657 0.215684 0.07756 0.043675
0 0.062971 0.278507 0.069089 0.043244
0 0.958302 0.224075 0.081137 0.049269
2 0.219032 0.604023 0.02805 0.0071
2 0.206325 0.633606 0.028238 0.007315
2 0.217997 0.572827 0.028238 0.00753
2 0.344503 0.542491 0.03125 0.009251
2 0.338573 0.572182 0.031815 0.009251
2 0.33462 0.602625 0.032191 0.009466
2 0.329443 0.634144 0.032756 0.008821
1 0.520331 0.485478 0.03238 0.019148
1 0.439759 0.572612 0.033886 0.018718
1 0.52645 0.577775 0.03445 0.020869
1 0.609093 0.533348 0.034827 0.024527
1 0.59102 0.466975 0.020143 0.035069
4 0.828596 0.458262 0.05817 0.040017
4 0.744541 0.483756 0.030497 0.052711
4 0.848456 0.577775 0.059488 0.047547
1 0.860787 0.497203 0.033321 0.018933
1 0.985881 0.619514 0.027108 0.02259
1 0.443901 0.471708 0.03125 0.020869
