0 0.386538 0.139103 0.062019 0.036538
0 0.381971 0.168109 0.063942 0.040705
5 0.095072 0.453846 0.040625 0.038462
5 0.172476 0.438622 0.032933 0.040064
5 0.207692 0.447596 0.026442 0.040064
5 0.233293 0.434615 0.03149 0.042308
5 0.300601 0.438622 0.023317 0.042628
5 0.326322 0.423397 0.028606 0.044872
5 0.361899 0.413622 0.029087 0.042628
5 0.39399 0.420353 0.027885 0.044551
5 0.427043 0.409776 0.03101 0.04391
5 0.457091 0.394551 0.032452 0.042949
5 0.489423 0.398077 0.031731 0.044231
5 0.57524 0.385417 0.035096 0.04391
5 0.614063 0.391987 0.035817 0.04359
5 0.683534 0.378365 0.03774 0.041987
5 0.723317 0.361058 0.043269 0.042628
5 0.852644 0.358814 0.044231 0.04391
5 0.933053 0.357051 0.043029 0.042308
5 0.966586 0.36859 0.037981 0.040385
