0 0.397716 0.297115 0.073798 0.064744
0 0.723918 0.39375 0.073798 0.075321
1 0.820913 0.257212 0.019712 0.010577
1 0.844351 0.307532 0.020913 0.011859
1 0.867548 0.379487 0.023077 0.014744
1 0.898438 0.427404 0.024279 0.0125
1 0.909976 0.347917 0.023798 0.009936
1 0.122596 0.538462 0.029808 0.016667
1 0.158774 0.489904 0.03101 0.015064
1 0.232572 0.550641 0.03149 0.020513
1 0.301803 0.498237 0.029567 0.016987
1 0.292909 0.580449 0.030529 0.021154
1 0.327885 0.58109 0.031731 0.019872
1 0.36262 0.552724 0.016587 0.031731
4 0.378245 0.632051 0.019471 0.030128
1 0.466947 0.58125 0.028125 0.01891
1 0.510577 0.601923 0.028846 0.016026
1 0.514183 0.527083 0.025962 0.015705
1 0.5625 0.570032 0.027885 0.016346
1 0.615144 0.576763 0.029808 0.020833
1 0.665264 0.569231 0.028606 0.01859
1 0.129688 0.75625 0.038221 0.024038
4 0.068389 0.770673 0.035337 0.026603
1 0.256851 0.750962 0.038702 0.026282
1 0.358413 0.75657 0.034135 0.022756
1 0.423918 0.743109 0.031971 0.022756
1 0.575361 0.754487 0.033894 0.021795
1 0.630048 0.742949 0.033654 0.021795
1 0.832091 0.804968 0.042548 0.050962
1 0.919351 0.847436 0.044952 0.048077
