4 0.022596 0.451282 0.030769 0.014744
4 0.216106 0.491346 0.026923 0.016667
4 0.23101 0.43109 0.024519 0.012179
4 0.253365 0.38782 0.020192 0.011538
4 0.310096 0.354006 0.021635 0.0125
4 0.305409 0.377724 0.022356 0.011218
4 0.297476 0.417628 0.022837 0.011538
4 0.290865 0.457212 0.023077 0.014423
4 0.282452 0.497276 0.024519 0.014423
4 0.272596 0.525801 0.026442 0.016346
4 0.326683 0.485897 0.024519 0.012821
4 0.341346 0.416346 0.022596 0.012179
4 0.357212 0.365865 0.021154 0.011218
4 0.396274 0.400481 0.020433 0.0125
4 0.380529 0.495192 0.024519 0.015385
1 0.389543 0.46843 0.028125 0.011859
4 0.436538 0.501442 0.024519 0.014423
4 0.45012 0.404968 0.019471 0.011218
4 0.569832 0.499679 0.023798 0.015385
1 0.565625 0.479006 0.0125 0.025321
4 0.590865 0.43109 0.022115 0.013462
4 0.623077 0.505609 0.024038 0.015064
4 0.689543 0.497276 0.02524 0.013141
4 0.659495 0.415224 0.023317 0.0125
4 0.726442 0.430769 0.025 0.015385
4 0.748918 0.486538 0.02524 0.017308
4 0.826562 0.504487 0.026202 0.014103
4 0.876562 0.340865 0.022356 0.009936
4 0.91274 0.439103 0.025 0.014744
4 0.940986 0.511058 0.026202 0.015705
1 0.988221 0.505288 0.023077 0.014423
4 0.959856 0.455288 0.025962 0.009936
1 0.954567 0.430609 0.026442 0.009936
4 0.933053 0.386699 0.022356 0.011218
4 0.017428 0.619551 0.033413 0.017308
1 0.025481 0.605128 0.034135 0.015385
4 0.113341 0.66282 0.036298 0.01282
4 0.219712 0.673077 0.030769 0.021795
4 0.292548 0.647115 0.03125 0.017308
4 0.349038 0.638301 0.028846 0.016987
4 0.414784 0.664904 0.027644 0.020192
4 0.338702 0.751442 0.032692 0.021474
4 0.421514 0.780288 0.03101 0.022756
4 0.091707 0.770192 0.03726 0.021154
4 0.211899 0.75625 0.034375 0.022115
4 0.272716 0.765705 0.032452 0.022436
4 0.511178 0.703205 0.028606 0.025
4 0.577885 0.713141 0.026923 0.023077
4 0.620072 0.802083 0.03149 0.026603
4 0.629688 0.701763 0.030048 0.020192
