3 0.10994 0.388447 0.067018 0.023451
3 0.084431 0.460843 0.070218 0.025818
1 0.193901 0.386726 0.036145 0.018718
1 0.295934 0.373171 0.036521 0.016566
1 0.282756 0.421687 0.039533 0.020224
1 0.268449 0.504088 0.040663 0.022375
2 0.338761 0.502259 0.051393 0.010112
2 0.344503 0.467728 0.050452 0.009897
2 0.267508 0.472569 0.045181 0.015706
3 0.794428 0.482681 0.067395 0.03722
1 0.940888 0.471708 0.036145 0.020009
2 0.02372 0.643287 0.047063 0.015921
2 0.01506 0.697074 0.029367 0.021945
2 0.080855 0.743653 0.075866 0.017857
1 0.102692 0.769578 0.050264 0.037005
1 0.195971 0.765168 0.057229 0.065189
1 0.211973 0.69062 0.050075 0.027539
1 0.425922 0.721386 0.051017 0.031842
1 0.498588 0.737952 0.052146 0.030981
1 0.60448 0.756347 0.05384 0.034208
1 0.714797 0.791954 0.049699 0.031842
1 0.880554 0.764738 0.051017 0.033348
3 0.956137 0.706325 0.086596 0.049914
