0 0.403803 0.242793 0.082455 0.052711
0 0.769296 0.284854 0.079631 0.051205
0 0.068148 0.242577 0.086973 0.049268
1 0.161803 0.408455 0.028803 0.013554
1 0.144202 0.463855 0.028614 0.018072
1 0.191265 0.418244 0.027861 0.013769
1 0.178276 0.466975 0.03012 0.015275
1 0.328784 0.418567 0.028803 0.014415
1 0.362669 0.473429 0.031815 0.019578
1 0.39712 0.418782 0.028426 0.013554
1 0.430629 0.415985 0.02805 0.015275
1 0.464985 0.431691 0.03125 0.019578
1 0.463573 0.476119 0.028803 0.016351
1 0.495576 0.402754 0.028803 0.016781
2 0.508001 0.452238 0.04311 0.008606
1 0.560053 0.41577 0.027861 0.014845
1 0.593185 0.424053 0.028238 0.01506
1 0.656909 0.471708 0.029932 0.016136
1 0.672534 0.432014 0.029179 0.015491
1 0.689759 0.471601 0.028238 0.017212
1 0.746141 0.418567 0.025038 0.014845
1 0.795746 0.471923 0.029367 0.015706
1 0.818242 0.425667 0.027297 0.014845
1 0.922534 0.416416 0.022779 0.013554
1 0.941171 0.446966 0.024285 0.013985
2 0.727692 0.49204 0.033697 0.018503
2 0.722986 0.455895 0.030685 0.01506
2 0.720821 0.42244 0.028614 0.015275
2 0.131871 0.602087 0.033697 0.023881
4 0.054688 0.940297 0.048381 0.041954
1 0.188253 0.920826 0.036521 0.023666
1 0.227786 0.917599 0.035768 0.024957
1 0.267413 0.919858 0.034827 0.024742
1 0.304217 0.926635 0.036898 0.024527
1 0.361163 0.952238 0.035956 0.024096
