1 0.490385 0.714423 0.036058 0.025641
1 0.496154 0.55 0.033654 0.021795
1 0.600601 0.530128 0.028125 0.019231
1 0.680048 0.541506 0.032692 0.020192
1 0.745793 0.51282 0.031971 0.019872
1 0.415024 0.596955 0.005529 0.020833
1 0.378726 0.527724 0.027644 0.019551
1 0.428005 0.311859 0.029087 0.014103
1 0.478365 0.315224 0.026923 0.018269
1 0.481611 0.27484 0.028606 0.013141
1 0.576082 0.288141 0.027163 0.014103
1 0.62524 0.322756 0.028846 0.014744
1 0.629327 0.285096 0.028846 0.015705
3 0.714904 0.657852 0.1 0.109936
