0 0.423852 0.29389 0.064194 0.045611
0 0.633095 0.154583 0.056852 0.043244
0 0.638272 0.193524 0.058923 0.039802
0 0.645614 0.231497 0.063065 0.040017
0 0.581137 0.264845 0.065889 0.036145
0 0.581231 0.305508 0.066453 0.049484
0 0.691547 0.161575 0.060806 0.038726
0 0.698513 0.198688 0.05817 0.039372
0 0.706325 0.237737 0.060241 0.045181
0 0.71442 0.278077 0.064006 0.045826
0 0.652767 0.270546 0.062688 0.041523
0 0.655215 0.314544 0.066453 0.04432
0 0.726186 0.323903 0.052146 0.044535
1 0.309864 0.443309 0.02259 0.011833
2 0.534827 0.567233 0.047063 0.00667
2 0.531721 0.663188 0.049511 0.00667
2 0.406344 0.535176 0.076619 0.02216
0 0.1298 0.298408 0.06683 0.04346
