4 0.301675 0.161145 0.028803 0.031411
1 0.367093 0.146945 0.038027 0.024096
2 0.356457 0.116502 0.075113 0.025172
1 0.456325 0.141459 0.036145 0.020439
2 0.453784 0.11833 0.07436 0.023666
4 0.521178 0.161898 0.03445 0.034208
1 0.61907 0.176205 0.034827 0.020654
2 0.619352 0.159961 0.065136 0.017857
3 0.687971 0.192986 0.055158 0.023236
4 0.721856 0.166954 0.030685 0.033563
4 0.675264 0.224398 0.031627 0.026678
1 0.802052 0.172332 0.032191 0.023666
2 0.779556 0.141028 0.068901 0.026463
2 0.864928 0.146084 0.06683 0.02926
4 0.990117 0.237844 0.019767 0.031627
4 0.927993 0.186855 0.034074 0.048408
3 0.089608 0.31691 0.056852 0.022375
4 0.077466 0.371235 0.031062 0.032057
4 0.086032 0.413941 0.025979 0.030981
3 0.167733 0.379948 0.040663 0.021084
4 0.254424 0.300022 0.032944 0.034639
4 0.236916 0.349398 0.031815 0.032272
4 0.246894 0.417276 0.039345 0.041093
4 0.260166 0.44417 0.028991 0.020869
3 0.343373 0.411898 0.031626 0.018287
4 0.311465 0.370052 0.031062 0.032702
4 0.333396 0.369729 0.012801 0.032917
3 0.405873 0.450194 0.025979 0.016997
3 0.417639 0.403292 0.038592 0.019148
3 0.634507 0.420826 0.040098 0.011618
4 0.654462 0.395009 0.031062 0.031842
4 0.634224 0.395331 0.012425 0.032917
4 0.677711 0.358111 0.03125 0.032487
4 0.662086 0.321106 0.027861 0.034639
4 0.640437 0.320891 0.015437 0.034208
4 0.711032 0.420073 0.020331 0.020869
4 0.752824 0.409531 0.028238 0.023021
3 0.705384 0.440297 0.029368 0.011403
4 0.767508 0.378442 0.03012 0.032702
1 0.793392 0.422225 0.032568 0.02216
3 0.838667 0.402324 0.036898 0.012048
4 0.852316 0.380056 0.029179 0.031627
1 0.867846 0.416201 0.026355 0.019578
4 0.840644 0.448472 0.029932 0.031626
3 0.841303 0.345417 0.029744 0.011833
3 0.850621 0.326054 0.039345 0.014415
