1 0.366246 0.535714 0.029179 0.016781
1 0.076525 0.480207 0.026544 0.013769
1 0.737105 0.388339 0.023532 0.011188
1 0.713008 0.313253 0.021273 0.010327
2 0.837632 0.314436 0.031815 0.00667
2 0.023908 0.490964 0.047816 0.009466
2 0.029838 0.279798 0.038215 0.009682
2 0.952372 0.445783 0.034639 0.007745
2 0.146461 0.241287 0.035768 0.046256
2 0.09855 0.358003 0.046122 0.04475
2 0.124059 0.295181 0.041039 0.045611
2 0.062594 0.225473 0.040851 0.010757
1 0.946536 0.318309 0.018825 0.011403
1 0.980045 0.388339 0.019578 0.012478
