1 0.765745 0.284295 0.026683 0.014103
2 0.961418 0.226442 0.054087 0.015705
2 0.936899 0.165385 0.055048 0.014744
2 0.860457 0.477564 0.034375 0.010256
1 0.125721 0.522276 0.034135 0.025321
1 0.193269 0.523718 0.032212 0.021795
1 0.273438 0.522596 0.034375 0.020192
1 0.31226 0.514103 0.033173 0.03718
1 0.4125 0.511538 0.032692 0.025
1 0.483173 0.515545 0.029808 0.017628
1 0.48137 0.440545 0.029567 0.018269
1 0.546875 0.517308 0.030769 0.019872
1 0.062981 0.689744 0.038942 0.026282
1 0.073558 0.64968 0.038942 0.016667
1 0.301562 0.741026 0.03774 0.023718
1 0.23113 0.815545 0.039663 0.033013
1 0.137019 0.807692 0.039904 0.027564
4 0.385216 0.744231 0.033413 0.028846
1 0.470673 0.686058 0.034135 0.022756
1 0.663702 0.79343 0.039904 0.0375
1 0.744952 0.801122 0.037981 0.024038
1 0.831731 0.804327 0.041346 0.02532
1 0.923077 0.803846 0.040865 0.030769
