1 0.318712 0.196751 0.025979 0.010972
1 0.350056 0.260219 0.027673 0.016136
1 0.455666 0.250753 0.031062 0.011833
1 0.549322 0.25355 0.03012 0.013985
1 0.595256 0.259682 0.028991 0.017642
1 0.634789 0.209768 0.025226 0.011618
1 0.636107 0.263769 0.03012 0.012909
1 0.725339 0.269471 0.029744 0.011833
1 0.709149 0.212134 0.025602 0.010327
1 0.403144 0.259359 0.02805 0.013985
1 0.31137 0.255164 0.027861 0.011188
1 0.16491 0.364888 0.032003 0.017212
1 0.128012 0.451054 0.033509 0.017857
1 0.209902 0.458692 0.036145 0.018072
1 0.302993 0.363812 0.033697 0.020224
1 0.275791 0.472784 0.037274 0.019148
1 0.3782 0.378227 0.032756 0.015921
1 0.466867 0.459552 0.038027 0.022806
1 0.542075 0.463425 0.035203 0.021515
1 0.624153 0.463425 0.035956 0.019363
1 0.740305 0.465039 0.034827 0.020009
1 0.046593 0.613275 0.038968 0.027754
1 0.090361 0.620912 0.03878 0.027969
1 0.142602 0.622956 0.038968 0.02259
1 0.19776 0.623709 0.04198 0.027108
1 0.271555 0.642427 0.040474 0.027539
1 0.352033 0.642642 0.044428 0.028399
1 0.495011 0.645224 0.040474 0.024096
1 0.561559 0.655013 0.041792 0.033348
1 0.639025 0.654475 0.040098 0.026678
1 0.724774 0.66932 0.042169 0.025387
1 0.794051 0.653722 0.042169 0.027754
1 0.858716 0.645654 0.040474 0.024527
1 0.166133 0.757207 0.043486 0.027324
1 0.209431 0.787866 0.047628 0.037435
1 0.333114 0.760972 0.046122 0.030551
1 0.402956 0.763124 0.044616 0.027969
1 0.490587 0.764415 0.044051 0.031411
1 0.604292 0.776786 0.043675 0.031196
1 0.724115 0.772483 0.044992 0.034639
1 0.822477 0.762694 0.045557 0.02883
1 0.894861 0.768503 0.044992 0.026678
1 0.969691 0.794428 0.042545 0.026893
1 0.783886 0.220525 0.02372 0.010327
1 0.625565 0.162328 0.023343 0.010972
1 0.55817 0.148774 0.019955 0.0071
1 0.432417 0.168567 0.024096 0.012263
1 0.247741 0.184058 0.024473 0.011833
1 0.811559 0.27883 0.026732 0.012478
