0 0.072854 0.204604 0.076807 0.062823
0 0.373776 0.127259 0.089797 0.058305
0 0.709055 0.104346 0.096574 0.072719
4 0.125471 0.425667 0.022402 0.027324
4 0.120011 0.467836 0.024285 0.029045
2 0.153709 0.519793 0.007342 0.033133
2 0.153897 0.565942 0.008471 0.032057
2 0.143543 0.613812 0.008471 0.033563
4 0.321442 0.490856 0.025791 0.028184
4 0.340361 0.493761 0.014307 0.033133
4 0.311747 0.514953 0.025602 0.021299
4 0.329537 0.585306 0.029556 0.030336
4 0.3141 0.612199 0.027673 0.023881
4 0.393449 0.486446 0.025226 0.02883
4 0.41105 0.488274 0.010354 0.033348
1 0.416698 0.566803 0.007718 0.029475
2 0.432982 0.591652 0.016943 0.0142
2 0.482869 0.608864 0.025602 0.012478
