1 0.139495 0.375753 0.033509 0.018718
1 0.114928 0.445245 0.039345 0.02173
1 0.175828 0.445676 0.042545 0.020869
1 0.245953 0.441588 0.038592 0.020009
1 0.307794 0.433305 0.042922 0.022375
3 0.42084 0.384036 0.089044 0.025818
3 0.548193 0.40824 0.058735 0.024312
1 0.196536 0.375645 0.037651 0.016351
1 0.257624 0.368761 0.040474 0.016781
1 0.332925 0.324656 0.038215 0.01463
1 0.648343 0.168675 0.031627 0.012048
1 0.749059 0.155443 0.033133 0.011403
1 0.786239 0.231067 0.033321 0.016781
1 0.962444 0.443954 0.035956 0.019578
1 0.950207 0.406304 0.033321 0.019578
1 0.98061 0.366932 0.036145 0.016136
