1 0.227221 0.354346 0.023343 0.012479
1 0.276732 0.354346 0.025979 0.015921
1 0.288215 0.311639 0.021837 0.010542
1 0.225715 0.278077 0.02372 0.011833
1 0.365776 0.338963 0.023343 0.012263
1 0.388648 0.226119 0.020896 0.009466
1 0.392696 0.244514 0.021084 0.009682
1 0.507248 0.247956 0.02052 0.008821
1 0.520049 0.271192 0.020143 0.009251
1 0.585561 0.373817 0.022026 0.011403
1 0.57323 0.346493 0.021461 0.013124
1 0.573042 0.326484 0.021461 0.011403
1 0.593279 0.28679 0.02052 0.009466
1 0.600245 0.308412 0.022026 0.010972
1 0.603916 0.324763 0.022967 0.012263
1 0.606081 0.340146 0.022779 0.010327
1 0.610881 0.354346 0.02259 0.012048
1 0.615211 0.27216 0.022214 0.009897
1 0.6202 0.286575 0.022026 0.010327
1 0.627259 0.321213 0.021837 0.009466
1 0.632812 0.339931 0.022779 0.011188
1 0.636013 0.356067 0.021273 0.0142
1 0.570689 0.249032 0.012989 0.016136
1 0.660109 0.251721 0.018637 0.010757
1 0.662274 0.267965 0.019202 0.010972
1 0.715079 0.285176 0.019014 0.012694
1 0.737764 0.328959 0.021837 0.010327
1 0.902862 0.671041 0.022967 0.017642
1 0.897496 0.651248 0.023532 0.017642
1 0.893355 0.631132 0.023155 0.017857
1 0.886013 0.613274 0.023155 0.018287
1 0.883095 0.594987 0.02259 0.015275
1 0.952184 0.66932 0.02259 0.017212
1 0.874718 0.574548 0.020896 0.016566
