3 0.087067 0.335951 0.036333 0.012263
3 0.097044 0.396084 0.031062 0.0142
3 0.20256 0.406519 0.044428 0.011833
3 0.197854 0.369944 0.044428 0.011833
3 0.203502 0.439974 0.044428 0.011188
3 0.248588 0.440727 0.04311 0.010112
3 0.301581 0.441158 0.04744 0.012694
3 0.15625 0.398236 0.018825 0.045181
3 0.292922 0.418029 0.029367 0.031411
1 0.103069 0.456648 0.034074 0.02259
1 0.09808 0.153292 0.037274 0.029045
1 0.16971 0.153722 0.034827 0.026463
3 0.80817 0.390168 0.062877 0.023881
4 0.805535 0.435779 0.065136 0.056153
