0 0.211779 0.176923 0.100481 0.064744
0 0.43125 0.168269 0.086538 0.067308
0 0.745793 0.089423 0.078606 0.061538
1 0.463101 0.360256 0.030529 0.015385
1 0.526082 0.32468 0.029567 0.016667
4 0.584495 0.384936 0.027644 0.019872
4 0.65649 0.378686 0.027404 0.018269
4 0.774038 0.378045 0.028846 0.01891
4 0.777163 0.396955 0.028846 0.01891
4 0.835817 0.396474 0.030289 0.01859
1 0.945673 0.407212 0.028846 0.019551
4 0.988341 0.388622 0.022837 0.015705
1 0.753245 0.572596 0.036298 0.022756
1 0.429567 0.593269 0.036058 0.023077
1 0.490505 0.627404 0.036779 0.022756
2 0.489303 0.577083 0.05601 0.009936
1 0.58101 0.565224 0.034135 0.021474
1 0.636058 0.62468 0.038942 0.022436
1 0.688702 0.631731 0.037019 0.021154
4 0.821875 0.635897 0.038462 0.026923
1 0.889423 0.559936 0.035096 0.023077
4 0.906611 0.644712 0.034856 0.022756
1 0.755048 0.667949 0.037981 0.021795
2 0.848798 0.713942 0.059135 0.0125
