0 0.08349 0.235047 0.099209 0.050559
0 0.452184 0.175775 0.104669 0.049484
0 0.730516 0.158993 0.094315 0.047762
1 0.042733 0.439221 0.034639 0.016997
1 0.097421 0.50753 0.036709 0.042599
1 0.1843 0.458584 0.033886 0.015706
1 0.255083 0.435241 0.032756 0.018072
3 0.360034 0.473107 0.091679 0.023236
1 0.456325 0.469127 0.040663 0.023881
3 0.484752 0.368761 0.042545 0.012048
1 0.551581 0.376076 0.036145 0.022375
1 0.563724 0.414157 0.040474 0.026248
1 0.561935 0.45654 0.042169 0.026678
1 0.637425 0.475581 0.040663 0.028184
1 0.655026 0.361446 0.035203 0.016781
1 0.774661 0.371773 0.035015 0.019793
1 0.803087 0.46278 0.041416 0.024957
1 0.909356 0.517534 0.041604 0.024312
1 0.873494 0.438361 0.040286 0.021299
1 0.929029 0.435133 0.037274 0.017427
1 0.960279 0.490211 0.042169 0.024742
1 0.979763 0.531304 0.040474 0.024742
1 0.044428 0.694277 0.044428 0.02883
1 0.13366 0.689759 0.048569 0.033132
3 0.112011 0.749139 0.059488 0.019793
1 0.186276 0.753012 0.048005 0.031411
1 0.282944 0.760542 0.050452 0.035714
1 0.38846 0.71719 0.051393 0.031627
1 0.4968 0.705895 0.049699 0.02969
1 0.462349 0.78991 0.055723 0.042384
1 0.624341 0.762909 0.051017 0.040017
1 0.655874 0.656734 0.045934 0.033348
1 0.734187 0.646622 0.051205 0.028184
1 0.727786 0.766351 0.055346 0.055077
1 0.815418 0.664479 0.05177 0.031627
1 0.823513 0.729776 0.056664 0.033993
1 0.838479 0.796364 0.055346 0.03636
1 0.874435 0.68309 0.045557 0.028399
1 0.911427 0.786037 0.055535 0.034208
1 0.928182 0.660176 0.048758 0.028614
1 0.981739 0.785392 0.036145 0.032917
