1 0.350433 0.162328 0.031815 0.014415
1 0.351562 0.200301 0.030685 0.013339
1 0.354669 0.219019 0.036521 0.012478
1 0.478445 0.172762 0.033697 0.013769
1 0.522496 0.192018 0.034827 0.010972
1 0.73541 0.217405 0.037462 0.013554
1 0.626412 0.45568 0.048381 0.027108
1 0.954254 0.414694 0.041792 0.02216
1 0.969503 0.459768 0.042545 0.024957
1 0.057605 0.815082 0.059111 0.041523
2 0.146178 0.773989 0.070595 0.029475
1 0.217432 0.824548 0.060994 0.042384
2 0.152861 0.710198 0.060994 0.021515
2 0.280215 0.774849 0.041227 0.034208
1 0.393543 0.704497 0.05817 0.042814
1 0.386578 0.817556 0.064947 0.052926
1 0.46602 0.655013 0.057794 0.032917
1 0.464608 0.735047 0.061747 0.034639
2 0.472609 0.796687 0.067959 0.023666
1 0.532568 0.641889 0.056476 0.032917
1 0.538309 0.720633 0.060806 0.038081
1 0.641284 0.709552 0.057794 0.035284
1 0.646555 0.78012 0.056288 0.035714
1 0.801299 0.817986 0.064947 0.047332
2 0.741623 0.745697 0.11427 0.027108
1 0.798287 0.691265 0.058547 0.035284
1 0.768543 0.609079 0.056664 0.031842
2 0.762236 0.586489 0.05384 0.01463
1 0.499812 0.112844 0.031626 0.014845
1 0.675828 0.152646 0.03238 0.011403
1 0.818995 0.226011 0.026544 0.023881
1 0.806664 0.185886 0.03238 0.008176
1 0.889025 0.160392 0.033697 0.012263
1 0.956043 0.239888 0.033321 0.01463
