4 0.160737 0.333774 0.029167 0.01274
4 0.161058 0.360457 0.030449 0.013702
4 0.147917 0.421154 0.034295 0.014423
4 0.094391 0.426322 0.032372 0.015625
4 0.118109 0.46262 0.036218 0.015625
1 0.3875 0.280769 0.030769 0.010096
1 0.390224 0.294471 0.032372 0.011058
1 0.391026 0.309736 0.032051 0.011298
1 0.392788 0.321394 0.034295 0.010096
1 0.390224 0.33137 0.032372 0.009856
1 0.382853 0.341226 0.033654 0.011298
1 0.451923 0.430889 0.037821 0.011779
5 0.454808 0.455409 0.064103 0.027644
1 0.461538 0.354928 0.034615 0.008413
4 0.534776 0.390745 0.034295 0.013702
4 0.542628 0.430769 0.035897 0.013462
4 0.592148 0.44976 0.035577 0.015385
2 0.596154 0.413101 0.057051 0.014183
4 0.632051 0.378486 0.039744 0.015144
4 0.603045 0.295553 0.03109 0.009375
4 0.600962 0.260938 0.028205 0.010337
4 0.747276 0.4125 0.038141 0.014423
4 0.766506 0.429087 0.042628 0.015385
4 0.805449 0.392909 0.037821 0.01226
1 0.846635 0.359135 0.041346 0.012981
2 0.864744 0.376803 0.060256 0.015625
2 0.823558 0.325361 0.052244 0.014663
1 0.978526 0.332572 0.041026 0.01274
