4 0.546781 0.699978 0.017884 0.016997
4 0.883471 0.268718 0.032756 0.053356
4 0.923663 0.270009 0.035203 0.050344
4 0.965362 0.274634 0.037651 0.055723
2 0.486258 0.405658 0.024473 0.009251
2 0.452184 0.418029 0.027108 0.008606
2 0.487669 0.386833 0.023532 0.006024
2 0.552428 0.426205 0.022402 0.006454
1 0.581608 0.431368 0.016002 0.008606
2 0.579631 0.410176 0.023343 0.005379
2 0.579254 0.393933 0.016943 0.010327
2 0.651167 0.409423 0.024473 0.004733
4 0.512519 0.570245 0.017508 0.011403
4 0.554593 0.53636 0.015813 0.013339
4 0.549416 0.571536 0.016755 0.009251
4 0.587349 0.570783 0.018072 0.012048
