1 0.192668 0.382532 0.033894 0.016346
1 0.204808 0.315224 0.030288 0.016987
1 0.221875 0.270833 0.029808 0.012821
1 0.227284 0.218109 0.021394 0.010577
1 0.250601 0.173397 0.020913 0.009615
1 0.296514 0.280929 0.028125 0.016346
1 0.289423 0.233013 0.025481 0.011538
1 0.30649 0.186538 0.025481 0.012179
1 0.335817 0.383333 0.01875 0.026923
1 0.345192 0.304006 0.020673 0.02468
1 0.431851 0.314583 0.013221 0.023397
1 0.362019 0.197917 0.023558 0.011218
1 0.950962 0.833974 0.035577 0.025
1 0.92524 0.763462 0.041346 0.023077
1 0.815865 0.780609 0.030288 0.046474
1 0.747236 0.749199 0.040625 0.021474
1 0.672476 0.73157 0.038221 0.018269
1 0.709976 0.781891 0.02524 0.044551
1 0.719591 0.838141 0.030529 0.048718
1 0.496274 0.729327 0.03726 0.023397
1 0.478606 0.841026 0.041346 0.030769
1 0.400481 0.776282 0.025 0.044872
1 0.284014 0.855769 0.043029 0.026923
1 0.303486 0.798237 0.026683 0.046474
1 0.311418 0.746474 0.039663 0.025641
1 0.219591 0.746795 0.042548 0.025
1 0.8625 0.60593 0.036538 0.025962
1 0.76887 0.625321 0.035817 0.021795
1 0.831731 0.541506 0.033173 0.016987
1 0.063101 0.611378 0.039183 0.019551
1 0.073918 0.519391 0.035337 0.016346
1 0.403966 0.527404 0.03101 0.016987
1 0.513101 0.52532 0.032933 0.023077
1 0.582813 0.501763 0.03149 0.020833
1 0.513822 0.597756 0.034375 0.022436
1 0.601562 0.542468 0.032452 0.019551
1 0.664183 0.529327 0.033654 0.016987
1 0.695793 0.58718 0.035336 0.020513
1 0.698197 0.39407 0.019952 0.025962
1 0.645673 0.405128 0.019712 0.026923
1 0.59351 0.277724 0.025481 0.013141
1 0.528966 0.246474 0.025721 0.012179
1 0.728486 0.291186 0.027644 0.011859
1 0.663582 0.28141 0.027164 0.012821
1 0.55625 0.392308 0.03125 0.014744
1 0.666226 0.3125 0.029567 0.014744
