1 0.207812 0.693109 0.026202 0.014423
1 0.241947 0.699199 0.02476 0.015705
1 0.269832 0.703526 0.02476 0.017949
1 0.311538 0.695353 0.025 0.014423
1 0.346635 0.704006 0.024038 0.015705
1 0.378846 0.703526 0.023558 0.015385
1 0.416106 0.670513 0.023077 0.016026
1 0.421394 0.63718 0.022115 0.014103
1 0.379928 0.63157 0.022837 0.014423
1 0.344952 0.664103 0.024038 0.015385
1 0.313462 0.666026 0.025 0.014744
3 0.314784 0.621474 0.028606 0.010897
1 0.284856 0.614423 0.014423 0.026923
1 0.251322 0.615865 0.023317 0.015064
1 0.276082 0.662019 0.02476 0.015064
1 0.245072 0.657692 0.02524 0.014744
1 0.213582 0.654167 0.02524 0.014744
1 0.21863 0.627244 0.023798 0.014103
1 0.167668 0.531891 0.022837 0.0125
1 0.113341 0.507853 0.022356 0.018269
1 0.045553 0.5 0.022837 0.012821
1 0.128846 0.451282 0.023558 0.014103
1 0.175481 0.471635 0.020673 0.011859
1 0.181971 0.414904 0.022115 0.011218
1 0.133774 0.415064 0.021394 0.012821
1 0.174639 0.35593 0.019952 0.011859
1 0.187981 0.295353 0.020673 0.009936
1 0.152524 0.279968 0.019952 0.009295
1 0.116707 0.251442 0.019471 0.010577
1 0.103606 0.298878 0.013942 0.018269
1 0.035457 0.264744 0.019471 0.011538
1 0.020072 0.309295 0.017067 0.013462
1 0.015986 0.346154 0.020433 0.012179
1 0.080889 0.322596 0.021394 0.010577
1 0.729327 0.519231 0.021635 0.01282
1 0.726202 0.459455 0.021154 0.0125
1 0.715144 0.39407 0.019231 0.013141
1 0.65601 0.328846 0.010096 0.01859
1 0.648558 0.38141 0.019231 0.012179
1 0.617909 0.409776 0.019952 0.010577
1 0.629447 0.471314 0.020433 0.014423
1 0.676562 0.465064 0.013221 0.022436
1 0.655048 0.479808 0.020673 0.012821
1 0.638101 0.532212 0.021875 0.013782
1 0.589062 0.530288 0.016587 0.024038
1 0.56875 0.509776 0.011058 0.022756
1 0.549399 0.504968 0.013221 0.024679
1 0.613462 0.383974 0.021154 0.016026
1 0.607332 0.358173 0.015144 0.010577
1 0.621755 0.327244 0.01899 0.010256
1 0.534255 0.407692 0.019952 0.012179
1 0.469351 0.445032 0.019952 0.011859
1 0.461178 0.42484 0.01226 0.021474
1 0.470433 0.362981 0.011058 0.019551
1 0.420793 0.332372 0.01899 0.010897
1 0.396755 0.358013 0.014183 0.012821
1 0.372115 0.326442 0.018269 0.011218
1 0.366827 0.296635 0.018269 0.008654
1 0.332692 0.366987 0.018269 0.009615
1 0.303125 0.399359 0.020192 0.012821
1 0.294952 0.457372 0.021154 0.012821
1 0.238101 0.534615 0.022356 0.012179
1 0.235457 0.470032 0.014183 0.021474
1 0.254687 0.423397 0.021875 0.012821
1 0.25637 0.396635 0.020433 0.011859
1 0.258293 0.379327 0.019952 0.013782
5 0.409255 0.370032 0.023317 0.034936
1 0.464543 0.28734 0.01851 0.011218
1 0.565385 0.39984 0.019231 0.011218
5 0.652043 0.4125 0.023317 0.037179
5 0.695192 0.37516 0.024519 0.033654
5 0.729688 0.530128 0.017067 0.003846
5 0.607692 0.36875 0.015865 0.003526
