1 0.254706 0.533993 0.015437 0.026248
1 0.39166 0.50441 0.023532 0.011403
1 0.455102 0.512156 0.023155 0.013124
1 0.455384 0.50398 0.021837 0.005379
1 0.455572 0.528399 0.022967 0.012909
1 0.446913 0.543997 0.02372 0.012263
1 0.447572 0.556368 0.024285 0.012909
1 0.511295 0.506562 0.022214 0.012263
1 0.518072 0.526355 0.02372 0.013554
1 0.520425 0.543029 0.022402 0.007315
1 0.521743 0.552926 0.023155 0.01463
1 0.573042 0.504088 0.022214 0.011188
1 0.573607 0.513984 0.021837 0.012909
1 0.578596 0.526248 0.022402 0.0142
1 0.578313 0.550344 0.022967 0.015491
1 0.631965 0.529583 0.021461 0.014845
1 0.63093 0.51818 0.021649 0.008821
1 0.6282 0.507745 0.021837 0.011188
1 0.641284 0.552603 0.022026 0.013554
1 0.694277 0.52883 0.021461 0.010757
1 0.69503 0.538726 0.021837 0.010757
1 0.698042 0.549806 0.021461 0.011403
4 0.670651 0.515598 0.017884 0.014415
3 0.484563 0.649527 0.027485 0.007745
3 0.290286 0.672547 0.033886 0.010757
3 0.289627 0.721063 0.036333 0.010542
3 0.362199 0.726764 0.040663 0.013339
4 0.265248 0.651463 0.025226 0.017212
4 0.262707 0.668029 0.025791 0.018072
4 0.228539 0.652324 0.026732 0.018072
4 0.226092 0.690297 0.026732 0.019148
4 0.221103 0.726226 0.028426 0.021299
4 0.248776 0.729238 0.02805 0.020439
4 0.255083 0.704497 0.023343 0.014845
4 0.27099 0.632207 0.025038 0.019148
4 0.338291 0.651571 0.033133 0.027324
4 0.332455 0.712672 0.025602 0.017857
4 0.327184 0.731928 0.027485 0.021084
4 0.367564 0.698257 0.025791 0.019578
4 0.405215 0.694815 0.022779 0.018287
4 0.399473 0.733219 0.024473 0.020224
4 0.437406 0.692986 0.023908 0.027108
4 0.434394 0.733326 0.023155 0.027324
4 0.443336 0.628012 0.02259 0.018503
4 0.40465 0.65383 0.023155 0.018503
4 0.492093 0.69105 0.023343 0.018503
4 0.521178 0.691803 0.022779 0.019148
4 0.548569 0.658563 0.02259 0.020224
4 0.576337 0.684273 0.022402 0.019578
4 0.550734 0.696751 0.022402 0.019578
4 0.552523 0.7358 0.023343 0.020224
4 0.58509 0.734294 0.023343 0.020224
4 0.572572 0.661682 0.021273 0.016136
4 0.457549 0.69858 0.015625 0.028399
4 0.698513 0.689867 0.021273 0.018287
4 0.699925 0.668567 0.022214 0.023881
4 0.73221 0.68793 0.022779 0.018287
4 0.731269 0.718696 0.022779 0.017857
4 0.69663 0.732466 0.022779 0.017857
4 0.727504 0.64361 0.021273 0.016566
4 0.886672 0.534316 0.021084 0.015706
4 0.874624 0.560026 0.020331 0.015921
4 0.89759 0.562177 0.020331 0.01506
4 0.919804 0.537113 0.018072 0.016136
4 0.932041 0.564544 0.017319 0.012909
4 0.94936 0.564974 0.019578 0.012909
4 0.915474 0.564652 0.019578 0.013554
4 0.924228 0.715792 0.023155 0.020224
4 0.975339 0.712349 0.022967 0.021515
4 0.937406 0.714501 0.016755 0.020224
