2 0.723558 0.5 0.083173 0.017949
2 0.707933 0.447756 0.075 0.014103
4 0.653606 0.492308 0.019231 0.009615
4 0.739784 0.521474 0.020433 0.009615
4 0.722596 0.465705 0.018269 0.008974
1 0.040625 0.660417 0.026923 0.011218
4 0.188822 0.764583 0.022837 0.024679
4 0.170673 0.790385 0.022115 0.025641
4 0.152404 0.817147 0.024038 0.025321
1 0.408053 0.766506 0.028606 0.015064
4 0.530409 0.780288 0.02524 0.017628
2 0.502163 0.747115 0.051442 0.016026
4 0.629928 0.809295 0.027163 0.019231
1 0.692668 0.816987 0.032933 0.016026
1 0.672236 0.697436 0.028606 0.013462
2 0.690385 0.615224 0.032212 0.009295
2 0.709976 0.71282 0.034856 0.011538
2 0.827524 0.779006 0.039183 0.011859
2 0.453726 0.760417 0.034375 0.013782
1 0.055769 0.782372 0.033173 0.014744
