0 0.781156 0.19105 0.080384 0.064544
3 0.173569 0.449548 0.063253 0.016566
3 0.195971 0.390921 0.040663 0.01463
3 0.168675 0.367577 0.036898 0.018718
1 0.122741 0.654798 0.033133 0.019578
1 0.172157 0.656304 0.033697 0.020439
2 0.24407 0.608864 0.059676 0.019793
1 0.241623 0.672225 0.032568 0.020439
2 0.341397 0.680508 0.034074 0.021084
1 0.370294 0.598214 0.03238 0.019578
2 0.359563 0.581648 0.06363 0.019148
3 0.457172 0.678249 0.090173 0.02216
1 0.527203 0.677926 0.035956 0.021945
1 0.574454 0.640275 0.033697 0.020654
