0 0.317668 0.407532 0.076683 0.052885
0 0.502163 0.413141 0.06875 0.049359
2 0.314904 0.681891 0.054327 0.0125
2 0.310697 0.724199 0.05649 0.013141
1 0.41274 0.68109 0.029808 0.016667
1 0.563702 0.620673 0.025481 0.018269
1 0.636659 0.624038 0.028606 0.015385
1 0.579567 0.7125 0.028365 0.017308
1 0.635937 0.716346 0.029567 0.017949
1 0.705288 0.717628 0.030769 0.023718
3 0.755168 0.670994 0.042067 0.013141
3 0.757572 0.688462 0.042067 0.01282
1 0.975841 0.702083 0.026202 0.020833
3 0.871034 0.410577 0.093029 0.028846
2 0.072115 0.87532 0.051923 0.014103
2 0.140505 0.876282 0.052163 0.014103
2 0.209135 0.877404 0.051923 0.013782
2 0.280769 0.878205 0.051923 0.012179
2 0.35 0.876923 0.051923 0.012179
1 0.425361 0.900641 0.031971 0.022436
1 0.472236 0.920353 0.034856 0.028526
1 0.481731 0.86859 0.034615 0.025
1 0.527764 0.902885 0.03149 0.020513
1 0.569952 0.916346 0.035096 0.025
1 0.640986 0.83782 0.033413 0.021795
1 0.646034 0.895513 0.033894 0.021795
