1 0.370294 0.178249 0.034639 0.02216
2 0.344127 0.160607 0.096762 0.013124
1 0.141096 0.446859 0.039721 0.021515
1 0.207643 0.442879 0.042922 0.02259
1 0.265248 0.495697 0.042169 0.024096
1 0.485599 0.386726 0.041604 0.021299
1 0.663027 0.433197 0.03991 0.018718
1 0.756118 0.468158 0.04311 0.022805
1 0.819089 0.481713 0.037651 0.021515
1 0.927899 0.489673 0.03991 0.024957
1 0.03398 0.648666 0.037462 0.033993
1 0.026638 0.692126 0.043486 0.035714
1 0.028709 0.786898 0.040851 0.041954
1 0.169804 0.790878 0.056099 0.032272
1 0.282944 0.812608 0.05384 0.019363
1 0.407191 0.744514 0.052334 0.035929
1 0.471103 0.767857 0.054405 0.040447
1 0.638272 0.803141 0.053276 0.034423
1 0.639872 0.764845 0.052711 0.02926
1 0.641096 0.733111 0.053276 0.032057
1 0.697289 0.7429 0.049699 0.030981
1 0.691924 0.647483 0.049511 0.027324
1 0.755177 0.653399 0.047251 0.028399
1 0.77052 0.697074 0.048193 0.031411
1 0.771649 0.738597 0.051581 0.033132
1 0.777673 0.784423 0.050075 0.033563
1 0.837255 0.786682 0.051017 0.032917
1 0.857587 0.748064 0.049887 0.035284
