1 0.12613 0.654152 0.036145 0.024312
1 0.127353 0.572182 0.032191 0.020869
1 0.174322 0.581863 0.033509 0.023881
1 0.222797 0.577345 0.03445 0.02173
1 0.35834 0.572289 0.037086 0.022375
1 0.448795 0.534854 0.036521 0.026678
1 0.526073 0.513769 0.038215 0.027108
1 0.623212 0.563361 0.038592 0.02259
1 0.709714 0.565942 0.03878 0.026463
1 0.76026 0.560348 0.037839 0.025602
1 0.723927 0.627367 0.037839 0.025387
1 0.875 0.557014 0.036898 0.026678
1 0.945124 0.516781 0.032944 0.023666
1 0.921404 0.475581 0.035203 0.02259
1 0.855422 0.47741 0.038027 0.024527
1 0.768449 0.479238 0.03878 0.026463
1 0.696066 0.509897 0.035956 0.024957
1 0.548287 0.660714 0.038592 0.025387
1 0.533227 0.566695 0.036709 0.021084
1 0.457172 0.625753 0.040474 0.031196
1 0.372176 0.682014 0.03878 0.025387
1 0.286521 0.686102 0.037651 0.023666
1 0.299981 0.612844 0.036333 0.025602
1 0.956984 0.571321 0.032191 0.023021
1 0.114552 0.457401 0.033321 0.019363
1 0.119635 0.407487 0.030685 0.021945
1 0.112764 0.34219 0.031626 0.018287
1 0.200207 0.367147 0.030685 0.018718
1 0.199078 0.387586 0.029556 0.016997
1 0.240493 0.396407 0.032944 0.020439
1 0.250753 0.35994 0.033133 0.017212
1 0.92997 0.344987 0.030873 0.017427
1 0.853727 0.300022 0.033886 0.019148
1 0.919145 0.2642 0.029556 0.018933
1 0.772496 0.256239 0.032944 0.018072
1 0.768637 0.313038 0.036145 0.023666
1 0.725809 0.360585 0.035203 0.024096
1 0.647026 0.374462 0.037274 0.027324
1 0.64439 0.320998 0.035392 0.020224
1 0.710938 0.314651 0.03445 0.020009
1 0.686088 0.236876 0.031438 0.015491
1 0.548475 0.34219 0.036333 0.024742
1 0.50593 0.399096 0.034827 0.021515
1 0.423193 0.389738 0.036521 0.026033
1 0.417169 0.358541 0.035015 0.019148
1 0.469597 0.350258 0.036333 0.022375
1 0.501788 0.310564 0.034074 0.019578
1 0.310335 0.307659 0.030685 0.019363
1 0.302711 0.419966 0.033886 0.022375
1 0.346762 0.394471 0.033886 0.02173
1 0.296875 0.356282 0.03125 0.021084
1 0.36041 0.354669 0.034827 0.025172
4 0.412651 0.271945 0.041792 0.033133
1 0.243411 0.198257 0.03125 0.016136
1 0.251318 0.165448 0.031627 0.019363
1 0.259695 0.124139 0.029556 0.01463
1 0.258095 0.096386 0.028238 0.013769
1 0.165569 0.225366 0.030309 0.015706
1 0.160392 0.09574 0.027108 0.016781
1 0.248682 0.07756 0.028238 0.013554
1 0.250471 0.037113 0.029179 0.013554
1 0.728916 0.085843 0.028614 0.012909
1 0.70256 0.027431 0.029367 0.017427
1 0.644296 0.073688 0.024661 0.014845
1 0.560617 0.077345 0.030873 0.020009
1 0.554782 0.033993 0.027861 0.01506
1 0.55337 0.010112 0.028426 0.015491
1 0.483716 0.063576 0.029932 0.015275
1 0.481269 0.034746 0.02805 0.013985
1 0.475151 0.010542 0.027485 0.015921
1 0.398249 0.005379 0.029556 0.010757
1 0.405591 0.07046 0.029932 0.016136
1 0.472892 0.153722 0.018449 0.029475
1 0.48654 0.115856 0.031438 0.019148
1 0.337632 0.16136 0.029932 0.017642
1 0.334243 0.119621 0.029932 0.012478
1 0.3093 0.093696 0.01506 0.023451
4 0.280403 0.571213 0.041227 0.040447
4 0.599304 0.481067 0.057041 0.045611
1 0.014778 0.347569 0.017131 0.034208
1 0.160109 0.011403 0.026167 0.011188
1 0.142978 0.034316 0.026544 0.012694
1 0.155874 0.052173 0.024473 0.018287
1 0.167451 0.124462 0.028803 0.013985
4 0.029085 0.251183 0.035203 0.03722
4 0.038968 0.187823 0.040286 0.033563
1 0.22355 0.015598 0.028426 0.012694
