0 0.116999 0.236768 0.076995 0.05142
0 0.231739 0.206648 0.082078 0.053571
0 0.768355 0.218589 0.074736 0.064544
2 0.216491 0.460521 0.044051 0.009251
2 0.333114 0.451269 0.044992 0.00796
2 0.398814 0.446966 0.034074 0.010112
2 0.401073 0.404045 0.032944 0.009466
2 0.403897 0.364028 0.031062 0.008606
2 0.52692 0.363705 0.047816 0.009251
2 0.508848 0.404798 0.044051 0.011833
2 0.499623 0.440835 0.035015 0.010757
1 0.562218 0.422762 0.031815 0.035714
2 0.592056 0.374462 0.035768 0.010542
2 0.593374 0.345095 0.032756 0.010757
2 0.703125 0.399634 0.031626 0.010972
2 0.702278 0.441373 0.034074 0.011833
2 0.75866 0.44503 0.033886 0.011833
2 0.758377 0.410822 0.034074 0.011833
2 0.757248 0.354238 0.034074 0.011833
2 0.816171 0.369083 0.034074 0.011833
2 0.814006 0.445891 0.033886 0.011833
1 0.90352 0.464178 0.032944 0.032917
