0 0.072837 0.247917 0.069231 0.045192
0 0.102764 0.459615 0.075721 0.055128
0 0.484014 0.408814 0.06226 0.049679
0 0.628606 0.491987 0.058654 0.016667
0 0.627404 0.474519 0.066827 0.056731
0 0.714663 0.369872 0.0625 0.051923
1 0.965385 0.636859 0.024519 0.016026
1 0.90649 0.638462 0.025481 0.014744
1 0.796154 0.631731 0.024519 0.014103
1 0.735697 0.630288 0.023798 0.014423
1 0.552764 0.784455 0.02476 0.016346
1 0.554928 0.839423 0.025721 0.017308
1 0.585697 0.844872 0.026202 0.022436
1 0.614664 0.841827 0.025962 0.017628
1 0.609736 0.792628 0.02476 0.017949
1 0.644111 0.782852 0.026683 0.016346
1 0.696514 0.75641 0.027164 0.017949
1 0.809375 0.746955 0.026923 0.019551
1 0.933413 0.848878 0.026442 0.020192
1 0.964183 0.858494 0.029327 0.017628
1 0.650481 0.841987 0.026923 0.019872
1 0.704447 0.840385 0.026683 0.017308
1 0.829688 0.83766 0.028125 0.020833
