1 0.644296 0.555615 0.103351 0.078959
1 0.855798 0.316157 0.07116 0.045826
1 0.940041 0.247418 0.063441 0.031842
1 0.966867 0.325624 0.066265 0.041954
1 0.811182 0.182444 0.079819 0.035284
1 0.135166 0.722784 0.066265 0.053141
1 0.230892 0.755056 0.095444 0.073795
1 0.231645 0.587565 0.090926 0.068417
1 0.14872 0.649204 0.061747 0.049699
1 0.147873 0.567771 0.068712 0.059811
1 0.818054 0.60725 0.108245 0.061317
1 0.932511 0.575947 0.080384 0.051205
1 0.826619 0.7429 0.099021 0.05852
1 0.816359 0.677926 0.100339 0.055077
