1 0.303558 0.168782 0.031062 0.017427
1 0.302052 0.194062 0.031062 0.017212
2 0.295934 0.080465 0.048569 0.0142
2 0.290569 0.096816 0.049511 0.01463
2 0.288027 0.11833 0.049699 0.013339
2 0.285297 0.141244 0.049511 0.013124
2 0.210561 0.03324 0.040474 0.015706
2 0.205666 0.056476 0.041604 0.015275
2 0.197383 0.080357 0.038592 0.013985
2 0.191736 0.101872 0.038592 0.013985
2 0.188347 0.11833 0.038592 0.0142
2 0.181382 0.138016 0.040098 0.013985
2 0.177428 0.157702 0.040098 0.0142
2 0.178558 0.185026 0.040474 0.0142
2 0.173663 0.205787 0.040474 0.013985
2 0.171687 0.226979 0.040286 0.0142
1 0.447854 0.026786 0.03125 0.017427
1 0.443524 0.043567 0.03125 0.016997
2 0.47581 0.046687 0.04311 0.010757
2 0.42084 0.023343 0.041604 0.012263
2 0.422816 0.065297 0.042169 0.011833
1 0.451337 0.070783 0.032191 0.015921
1 0.456984 0.006454 0.031438 0.011188
1 0.394578 0.137801 0.034639 0.019148
2 0.416792 0.10639 0.057605 0.015275
2 0.570407 0.017965 0.050452 0.010972
2 0.571066 0.042707 0.051017 0.008821
2 0.575678 0.061532 0.052711 0.007745
2 0.585843 0.079819 0.044428 0.007745
2 0.585561 0.10284 0.053652 0.009036
2 0.589514 0.124462 0.053652 0.008821
2 0.590173 0.150172 0.05384 0.009036
2 0.593185 0.169643 0.055346 0.009251
2 0.727598 0.028077 0.052711 0.008391
2 0.730986 0.053679 0.051581 0.00753
2 0.72948 0.082724 0.051958 0.010112
2 0.726657 0.095955 0.053464 0.009036
2 0.743505 0.118115 0.053652 0.009036
2 0.747929 0.1392 0.054593 0.008606
2 0.754142 0.159746 0.056476 0.009682
1 0.807417 0.158993 0.035768 0.013769
1 0.812782 0.123064 0.032568 0.015491
2 0.970633 0.048946 0.035015 0.009251
2 0.983246 0.086381 0.033509 0.010112
2 0.031627 0.074656 0.033886 0.016781
2 0.026167 0.094342 0.035015 0.016566
2 0.021743 0.112952 0.034827 0.015491
2 0.016849 0.128873 0.033697 0.01506
2 0.014872 0.149419 0.029744 0.014415
2 0.014495 0.175237 0.028991 0.014415
