1 0.438441 0.482143 0.028991 0.016351
1 0.47148 0.451484 0.030685 0.019578
1 0.476468 0.490318 0.03012 0.015921
2 0.431758 0.494083 0.026544 0.00667
4 0.480139 0.517534 0.034827 0.028184
1 0.224115 0.509682 0.01939 0.032702
1 0.199078 0.715899 0.031062 0.02173
1 0.254706 0.685779 0.027108 0.024742
1 0.276261 0.640921 0.031438 0.030981
1 0.555723 0.615964 0.032003 0.022806
1 0.640154 0.595633 0.03445 0.021299
1 0.640719 0.635004 0.031062 0.021299
1 0.638837 0.686639 0.027673 0.019578
1 0.605422 0.684918 0.015813 0.03679
4 0.602692 0.726764 0.040851 0.036145
1 0.652673 0.732681 0.033133 0.020869
1 0.712255 0.706433 0.034827 0.02259
1 0.738893 0.638769 0.031627 0.019793
1 0.79311 0.613167 0.028991 0.020224
1 0.790004 0.651355 0.024285 0.039372
1 0.798287 0.700194 0.034074 0.023451
1 0.833867 0.583692 0.032568 0.021084
1 0.879706 0.605744 0.031626 0.017857
2 0.834243 0.60994 0.037839 0.011188
2 0.843562 0.680508 0.043675 0.011618
2 0.893637 0.673516 0.045934 0.012263
2 0.544051 0.681476 0.053087 0.009682
1 0.124247 0.499032 0.018825 0.02216
