1 0.548287 0.825624 0.030309 0.020439
1 0.486069 0.758498 0.027485 0.017427
1 0.518637 0.722892 0.014307 0.033133
1 0.522684 0.682874 0.014495 0.031842
1 0.52965 0.632853 0.025038 0.016136
1 0.496235 0.599505 0.025602 0.015275
3 0.432041 0.67685 0.043675 0.018072
1 0.38366 0.583369 0.024473 0.014845
1 0.439759 0.821429 0.029367 0.022375
1 0.612481 0.705034 0.029179 0.016781
3 0.598456 0.629841 0.041039 0.0071
1 0.67997 0.567233 0.026355 0.013985
1 0.666698 0.599828 0.027673 0.01506
3 0.686276 0.720417 0.040474 0.008391
3 0.611728 0.822182 0.056288 0.010112
1 0.158697 0.688576 0.01619 0.013554
1 0.219503 0.638124 0.021837 0.013769
2 0.078125 0.723214 0.036898 0.034208
2 0.039439 0.718158 0.029932 0.033563
2 0.068053 0.648558 0.025038 0.008821
2 0.102598 0.641351 0.032003 0.02969
2 0.149849 0.585198 0.028614 0.015491
2 0.168486 0.523666 0.025602 0.017212
2 0.111916 0.508391 0.023532 0.007315
1 0.199831 0.765813 0.025038 0.018718
2 0.26506 0.741394 0.027108 0.024527
2 0.302428 0.742685 0.027673 0.025387
2 0.33509 0.74559 0.027861 0.025172
2 0.371988 0.746988 0.030497 0.024957
2 0.340361 0.657595 0.026732 0.020869
2 0.310617 0.658563 0.025602 0.020654
2 0.280026 0.656949 0.025038 0.021299
2 0.381118 0.667384 0.027297 0.006454
2 0.331325 0.597784 0.025226 0.019148
2 0.293016 0.598214 0.024661 0.018718
2 0.316265 0.530013 0.023343 0.016136
2 0.350998 0.526678 0.023908 0.017212
