4 0.29351 0.224519 0.021154 0.016346
4 0.269832 0.259615 0.023798 0.016026
4 0.254207 0.314583 0.02524 0.016987
4 0.238221 0.369231 0.026923 0.019231
4 0.330168 0.376923 0.024279 0.017308
2 0.325601 0.356891 0.051202 0.01891
4 0.341106 0.315224 0.022115 0.013141
4 0.344231 0.270032 0.021154 0.013782
4 0.416827 0.40609 0.023558 0.019231
1 0.43774 0.426442 0.026923 0.018269
4 0.441346 0.379487 0.021635 0.014744
4 0.479688 0.390385 0.023317 0.022436
4 0.559255 0.369551 0.021394 0.016667
1 0.602644 0.383333 0.025481 0.012821
4 0.651923 0.268109 0.020673 0.014423
4 0.732812 0.369391 0.021875 0.013782
4 0.792067 0.450801 0.022115 0.015064
4 0.84976 0.38766 0.01875 0.021474
4 0.913702 0.401923 0.014423 0.013462
4 0.958293 0.415385 0.022837 0.016026
4 0.986659 0.476122 0.023798 0.015064
4 0.138462 0.594391 0.030769 0.022115
4 0.292428 0.579647 0.028125 0.024679
3 0.259615 0.587019 0.047115 0.061218
4 0.116587 0.713141 0.034135 0.026282
4 0.148438 0.750801 0.035817 0.028526
4 0.271635 0.686378 0.032212 0.025962
4 0.331731 0.653045 0.029808 0.021474
4 0.346635 0.685577 0.028846 0.023077
4 0.323438 0.751282 0.031971 0.025641
4 0.41851 0.760737 0.027885 0.023397
1 0.398798 0.664744 0.03125 0.019231
4 0.394111 0.598397 0.018029 0.027564
1 0.415745 0.609295 0.017067 0.035256
4 0.540745 0.568269 0.023798 0.022436
1 0.552524 0.618109 0.030529 0.031731
4 0.523077 0.709615 0.026442 0.026282
4 0.521755 0.779006 0.019471 0.034936
1 0.522476 0.8125 0.032452 0.023077
1 0.460337 0.78141 0.025481 0.04359
1 0.400962 0.787981 0.035096 0.022756
4 0.601202 0.76907 0.026442 0.030449
4 0.647837 0.757372 0.025962 0.03141
4 0.649038 0.823237 0.028365 0.03109
4 0.694471 0.833173 0.028365 0.019551
4 0.738702 0.835737 0.029808 0.022756
4 0.790865 0.814744 0.025962 0.025641
1 0.789784 0.835417 0.028125 0.020833
1 0.804688 0.724199 0.030048 0.036859
1 0.794591 0.643269 0.027644 0.023718
1 0.890986 0.787981 0.032452 0.025962
4 0.926202 0.795192 0.028846 0.026923
3 0.169111 0.597436 0.077163 0.062821
2 0.78149 0.720032 0.037019 0.015705
