1 0.08189 0.181476 0.029744 0.023881
1 0.114081 0.157272 0.028991 0.021084
1 0.194654 0.123064 0.034639 0.026678
2 0.416227 0.093911 0.147967 0.035499
1 0.588008 0.079066 0.038592 0.044105
1 0.046216 0.423408 0.017508 0.021084
1 0.469032 0.37457 0.021649 0.046472
3 0.7484 0.308305 0.070971 0.04475
3 0.185335 0.345955 0.054405 0.025818
2 0.814194 0.370912 0.055346 0.01506
1 0.83029 0.390275 0.040098 0.025818
4 0.73334 0.439114 0.045745 0.055508
4 0.31363 0.428571 0.041039 0.042599
4 0.958678 0.38651 0.028426 0.040232
4 0.95962 0.31917 0.036709 0.044105
4 0.673758 0.152324 0.03012 0.055508
