0 0.133189 0.325839 0.081137 0.046256
0 0.454631 0.283025 0.077184 0.075947
0 0.712538 0.222139 0.115587 0.159423
1 0.337538 0.528614 0.03012 0.024096
1 0.452278 0.528507 0.029179 0.017857
1 0.53991 0.512478 0.03012 0.019793
1 0.644108 0.541523 0.031815 0.017642
2 0.805441 0.560133 0.050264 0.015275
1 0.954631 0.502797 0.027861 0.018072
1 0.101751 0.450839 0.023908 0.013124
1 0.06523 0.53324 0.02692 0.015706
1 0.02965 0.475366 0.022779 0.015706
1 0.088573 0.699763 0.029179 0.020439
1 0.146178 0.718696 0.031062 0.020009
1 0.188535 0.724613 0.026544 0.019793
2 0.151732 0.781519 0.054217 0.024312
2 0.282097 0.820891 0.037839 0.023881
1 0.338761 0.821213 0.036709 0.030551
1 0.42677 0.824118 0.036521 0.024312
2 0.409168 0.801205 0.044616 0.022375
2 0.532568 0.858326 0.043298 0.018718
2 0.530968 0.74247 0.040851 0.017642
1 0.746894 0.725688 0.034827 0.027969
2 0.857869 0.734294 0.042169 0.018933
2 0.875188 0.849182 0.042169 0.017642
