0 0.43113 0.258814 0.079087 0.058013
0 0.776442 0.314103 0.097115 0.088462
1 0.0625 0.832532 0.031731 0.020833
1 0.130168 0.80657 0.039183 0.030449
2 0.404688 0.495994 0.036779 0.013782
1 0.453005 0.497436 0.03101 0.020513
2 0.728245 0.544231 0.035336 0.015385
1 0.23137 0.570994 0.032933 0.018269
1 0.322716 0.516506 0.03149 0.018269
1 0.528005 0.546635 0.030529 0.018269
1 0.656971 0.563622 0.030288 0.025962
1 0.832332 0.564744 0.02524 0.021154
1 0.867308 0.511058 0.030769 0.018269
1 0.440144 0.69407 0.028365 0.020833
1 0.503125 0.713782 0.033173 0.029487
1 0.43774 0.818109 0.035096 0.022756
1 0.494712 0.7875 0.036058 0.026282
1 0.53726 0.807372 0.032212 0.023077
1 0.546034 0.852244 0.03726 0.032692
5 0.648918 0.833173 0.039183 0.038782
1 0.709615 0.802083 0.035096 0.030449
5 0.879688 0.55641 0.038702 0.028846
1 0.232692 0.757692 0.036538 0.030128
1 0.233774 0.802564 0.038702 0.027564
5 0.30012 0.810737 0.043029 0.040064
1 0.305769 0.781731 0.037019 0.027564
3 0.369351 0.825 0.03726 0.015385
5 0.621514 0.715865 0.033894 0.034295
1 0.620312 0.688301 0.029567 0.01891
1 0.705649 0.744551 0.035337 0.022436
1 0.789543 0.715064 0.034375 0.023077
1 0.554207 0.754006 0.031971 0.020833
4 0.600361 0.839583 0.029087 0.025321
4 0.804567 0.828365 0.031731 0.03109
4 0.878125 0.829006 0.033173 0.03109
4 0.871755 0.75 0.032933 0.03141
4 0.921394 0.721955 0.028846 0.025321
4 0.946755 0.839583 0.032933 0.025321
1 0.733534 0.563141 0.029087 0.017949
0 0.030048 0.254808 0.059135 0.064103
