0 0.39919 0.376936 0.056664 0.038296
0 0.669992 0.395331 0.059111 0.03679
2 0.578502 0.581218 0.081325 0.021299
2 0.580761 0.688791 0.081325 0.021299
2 0.679123 0.579389 0.038968 0.015921
2 0.758283 0.578636 0.03878 0.016136
2 0.777673 0.655228 0.03878 0.016136
2 0.688912 0.666738 0.038968 0.015921
2 0.226939 0.591007 0.025791 0.05852
2 0.31683 0.557336 0.047063 0.017857
2 0.29904 0.669213 0.048005 0.017427
2 0.197948 0.715362 0.064194 0.022375
2 0.389401 0.717943 0.055535 0.018933
1 0.242188 0.54744 0.019014 0.010112
1 0.415098 0.692341 0.023343 0.0142
2 0.791886 0.736876 0.04198 0.016781
