0 0.365745 0.394231 0.065625 0.049359
0 0.699519 0.34375 0.070192 0.049679
1 0.247115 0.680609 0.025 0.020833
1 0.269111 0.773237 0.02476 0.015064
1 0.472716 0.76891 0.020433 0.017308
4 0.58738 0.613462 0.021875 0.021154
1 0.587861 0.666346 0.024279 0.016667
1 0.923678 0.730128 0.027163 0.017308
1 0.916466 0.75609 0.026202 0.021154
1 0.919832 0.78109 0.029087 0.017308
1 0.966346 0.620833 0.025962 0.015385
1 0.971034 0.638462 0.026202 0.011538
2 0.969111 0.646635 0.026683 0.006731
2 0.966586 0.675481 0.059615 0.015705
1 0.975 0.714263 0.026442 0.01891
2 0.921755 0.695673 0.032452 0.041346
