1 0.047063 0.572827 0.018825 0.013985
1 0.063065 0.623709 0.02259 0.01463
1 0.027767 0.636295 0.023908 0.018287
1 0.033603 0.674591 0.022779 0.019578
1 0.537839 0.641028 0.03238 0.026463
2 0.54151 0.589824 0.064571 0.016566
1 0.589326 0.550667 0.028803 0.015275
2 0.645896 0.641889 0.049699 0.027754
2 0.640813 0.589931 0.048193 0.027539
1 0.64279 0.550452 0.031062 0.016997
1 0.761295 0.529367 0.03125 0.017857
2 0.763178 0.540232 0.034639 0.009897
2 0.77052 0.577883 0.040286 0.011188
2 0.809488 0.575194 0.040286 0.015275
2 0.799793 0.527431 0.039345 0.012694
1 0.821818 0.630486 0.032944 0.027324
1 0.856551 0.622633 0.033509 0.025387
