1 0.408227 0.355744 0.022026 0.017427
1 0.535956 0.248171 0.022967 0.010972
1 0.615964 0.300129 0.027861 0.017212
1 0.726374 0.23537 0.028426 0.016351
1 0.875471 0.225796 0.029932 0.011403
1 0.892319 0.262156 0.030873 0.012694
1 0.962255 0.277754 0.026544 0.01463
2 0.537086 0.265598 0.034639 0.010542
1 0.495953 0.289157 0.023155 0.013339
1 0.451901 0.234187 0.019767 0.012263
1 0.342056 0.339178 0.019202 0.009682
1 0.347703 0.304324 0.017696 0.014415
1 0.29904 0.292384 0.018637 0.010327
1 0.29038 0.332616 0.019014 0.011188
1 0.280403 0.383821 0.018637 0.013339
1 0.267413 0.458692 0.021273 0.0142
1 0.262707 0.521299 0.021649 0.01463
1 0.300828 0.548193 0.02259 0.01463
1 0.358434 0.533993 0.027861 0.018503
1 0.459902 0.470525 0.03238 0.026678
1 0.841585 0.522698 0.039345 0.021299
1 0.167263 0.610155 0.021273 0.012909
1 0.160392 0.653614 0.02259 0.01506
3 0.194371 0.64759 0.043486 0.015921
1 0.288215 0.670504 0.023343 0.017857
1 0.364928 0.672225 0.025791 0.017427
1 0.469315 0.677818 0.032003 0.023021
1 0.561465 0.68083 0.034827 0.02259
1 0.5609 0.627797 0.032568 0.019793
1 0.938253 0.435564 0.038027 0.018718
