1 0.525226 0.804432 0.025602 0.020224
1 0.609657 0.8125 0.02692 0.016566
1 0.611352 0.778399 0.02692 0.016781
1 0.299134 0.795073 0.022967 0.016136
1 0.337914 0.803787 0.024473 0.017212
1 0.395896 0.802065 0.024849 0.018072
1 0.40032 0.749355 0.023155 0.01506
1 0.349492 0.734509 0.022402 0.01506
2 0.671122 0.524096 0.043298 0.010327
2 0.850904 0.574226 0.028614 0.012478
2 0.767602 0.56562 0.025791 0.012479
2 0.569936 0.557552 0.022026 0.010542
2 0.736069 0.635327 0.02259 0.009036
2 0.858998 0.614028 0.03125 0.015491
2 0.664062 0.647483 0.026167 0.014845
