0 0.289744 0.242788 0.085256 0.033654
0 0.283494 0.271154 0.088782 0.031731
0 0.367949 0.252524 0.078846 0.03726
0 0.44375 0.264904 0.074679 0.037019
0 0.73718 0.305168 0.082692 0.03101
4 0.176122 0.459135 0.032372 0.0125
4 0.166506 0.497596 0.034295 0.012019
4 0.278686 0.481611 0.031731 0.013702
4 0.394231 0.516466 0.029487 0.01274
4 0.48734 0.498918 0.027885 0.01226
4 0.490224 0.515745 0.027885 0.01226
4 0.492788 0.530409 0.028526 0.011779
4 0.555449 0.512139 0.028846 0.010337
4 0.61843 0.517428 0.029167 0.010817
4 0.701923 0.510817 0.03141 0.012019
4 0.707372 0.522115 0.032051 0.010577
4 0.715385 0.534736 0.030769 0.014663
4 0.764103 0.508173 0.028205 0.011538
4 0.78125 0.540144 0.029167 0.013942
4 0.836218 0.533774 0.030769 0.011298
1 0.840865 0.547115 0.033654 0.012019
1 0.396154 0.525 0.033333 0.008173
1 0.376442 0.490625 0.032372 0.011058
1 0.42484 0.491947 0.032372 0.010337
1 0.162179 0.508173 0.038462 0.0125
1 0.202564 0.433534 0.035256 0.013221
2 0.284776 0.441346 0.079808 0.021635
4 0.708654 0.485577 0.028205 0.011058
1 0.332051 0.628125 0.035256 0.013462
1 0.287179 0.673438 0.048077 0.016587
4 0.298077 0.628486 0.033974 0.016106
4 0.295833 0.667788 0.036538 0.016827
4 0.195192 0.671755 0.038462 0.017548
4 0.17532 0.716707 0.041026 0.01851
4 0.158494 0.753606 0.040705 0.022115
4 0.053846 0.716466 0.046795 0.021394
4 0.290545 0.728486 0.038782 0.01899
1 0.311859 0.755409 0.044872 0.01851
1 0.391346 0.709856 0.041667 0.016827
4 0.396314 0.725841 0.034295 0.014663
4 0.399038 0.652404 0.033974 0.014423
4 0.477724 0.642428 0.031731 0.014663
4 0.482532 0.73137 0.035577 0.016106
1 0.501282 0.768269 0.041667 0.015385
1 0.57468 0.768269 0.041026 0.015385
4 0.563462 0.744351 0.034615 0.018029
1 0.651442 0.655769 0.038141 0.018269
4 0.655769 0.675962 0.032692 0.016346
1 0.849359 0.75024 0.041026 0.014904
4 0.808173 0.736178 0.036859 0.016106
4 0.78718 0.660938 0.033974 0.014663
1 0.832372 0.669471 0.024359 0.025
1 0.937821 0.666466 0.03141 0.027163
4 0.916346 0.625962 0.03141 0.013462
1 0.913942 0.613221 0.036859 0.011538
4 0.9375 0.71863 0.033974 0.016106
4 0.98734 0.660216 0.024679 0.014663
5 0.957372 0.751683 0.070513 0.037019
5 0.940545 0.687139 0.059295 0.042548
1 0.475641 0.668269 0.040385 0.017788
