1 0.180911 0.751936 0.024096 0.019363
1 0.332643 0.715577 0.022967 0.016351
3 0.288686 0.755056 0.031438 0.013124
3 0.1859 0.705787 0.018261 0.011403
4 0.6282 0.733649 0.025602 0.024957
4 0.584996 0.739243 0.024661 0.026248
4 0.578313 0.709015 0.02372 0.026463
3 0.61634 0.669105 0.027485 0.011618
3 0.662556 0.668137 0.034074 0.013554
4 0.69663 0.658025 0.021649 0.016566
4 0.717338 0.660392 0.023532 0.023451
2 0.716209 0.69148 0.051017 0.016351
4 0.677334 0.703959 0.024473 0.024957
3 0.621329 0.756347 0.040098 0.008821
3 0.580572 0.765598 0.037651 0.014415
3 0.529367 0.703421 0.034262 0.014845
3 0.526544 0.669428 0.029744 0.009251
3 0.568148 0.671041 0.035015 0.010757
3 0.612481 0.700409 0.02692 0.010112
2 0.784168 0.688683 0.054029 0.019793
1 0.770425 0.659101 0.025038 0.016566
4 0.868882 0.71321 0.02692 0.024957
4 0.850245 0.71364 0.020896 0.024527
1 0.659356 0.579174 0.023908 0.013769
1 0.602692 0.577883 0.023155 0.013339
1 0.535956 0.57756 0.022214 0.013554
2 0.580008 0.545503 0.055346 0.017427
2 0.641001 0.534746 0.044051 0.013124
2 0.52645 0.52926 0.038592 0.012048
2 0.480233 0.532057 0.038404 0.010327
1 0.583302 0.358649 0.017508 0.009466
4 0.027861 0.546149 0.022214 0.018718
4 0.046404 0.634036 0.023532 0.021084
4 0.073701 0.634897 0.021273 0.021084
3 0.209243 0.718911 0.021649 0.013985
4 0.25866 0.725473 0.02372 0.026248
3 0.257154 0.691373 0.027861 0.010112
3 0.314194 0.714178 0.009789 0.027754
2 0.331514 0.696751 0.018072 0.00667
3 0.438065 0.669535 0.028238 0.011188
3 0.40352 0.693201 0.030309 0.009466
3 0.43637 0.705357 0.028238 0.011403
3 0.398626 0.712457 0.031438 0.011833
3 0.39599 0.733003 0.031438 0.011618
4 0.432605 0.763339 0.021837 0.018503
3 0.394484 0.750861 0.029179 0.010757
1 0.748682 0.765383 0.026732 0.016566
1 0.820312 0.765275 0.027673 0.017642
4 0.223268 0.751721 0.019202 0.024527
