1 0.367188 0.621474 0.04351 0.023077
4 0.323918 0.621635 0.038221 0.025321
4 0.434615 0.719551 0.040385 0.032692
1 0.479207 0.657372 0.044471 0.03141
1 0.484375 0.482853 0.038462 0.02468
1 0.592668 0.642788 0.042067 0.027885
1 0.592668 0.67468 0.04399 0.032051
3 0.671034 0.74407 0.077644 0.032372
1 0.819712 0.70657 0.048077 0.031731
1 0.810336 0.672596 0.041346 0.034936
1 0.96899 0.665705 0.033654 0.053205
1 0.978966 0.777404 0.041587 0.033654
4 0.434856 0.719071 0.038462 0.032372
1 0.75012 0.507212 0.041106 0.020192
