2 0.104763 0.281304 0.046875 0.009251
2 0.17564 0.281089 0.046687 0.008821
2 0.24134 0.308197 0.034262 0.048838
1 0.641566 0.291523 0.022967 0.01463
1 0.220256 0.469234 0.026355 0.013769
1 0.248306 0.472354 0.026732 0.012694
1 0.273343 0.471923 0.023343 0.013985
1 0.247929 0.498817 0.027108 0.016566
1 0.303181 0.468911 0.026544 0.014845
1 0.277203 0.500861 0.026544 0.0142
1 0.305723 0.488167 0.026732 0.01463
1 0.335279 0.466652 0.016566 0.025387
1 0.344221 0.488597 0.025414 0.015491
1 0.248306 0.533348 0.027108 0.016781
1 0.284544 0.53238 0.027673 0.016566
1 0.370576 0.520869 0.02805 0.015491
1 0.321442 0.521299 0.026544 0.015491
1 0.374435 0.503335 0.026355 0.014845
1 0.375847 0.48096 0.026167 0.014845
1 0.280873 0.427388 0.021837 0.013124
1 0.305346 0.426958 0.025226 0.013985
1 0.411803 0.502904 0.026544 0.015275
1 0.409074 0.534746 0.029367 0.018718
1 0.463197 0.424376 0.024661 0.014415
1 0.461879 0.455142 0.025038 0.016136
1 0.495576 0.457939 0.024285 0.013124
1 0.491058 0.474075 0.025038 0.014845
1 0.470915 0.505164 0.026544 0.018933
1 0.525414 0.445998 0.02372 0.013339
1 0.523438 0.462134 0.024661 0.0142
1 0.527297 0.492255 0.025602 0.0142
1 0.498588 0.507853 0.023908 0.014415
1 0.488893 0.538942 0.026355 0.0142
1 0.519108 0.538511 0.026167 0.015921
1 0.559959 0.430293 0.022402 0.012909
1 0.621423 0.537005 0.026355 0.01506
1 0.670275 0.484079 0.023908 0.01506
1 0.65192 0.432659 0.025226 0.015491
1 0.684206 0.537758 0.026167 0.015275
1 0.762331 0.542599 0.026544 0.01463
1 0.75866 0.510542 0.025602 0.01506
1 0.685053 0.59886 0.027861 0.015706
1 0.752824 0.464931 0.024096 0.016781
1 0.478351 0.637478 0.028238 0.017642
1 0.519955 0.638877 0.028991 0.018287
1 0.571348 0.657917 0.028991 0.015491
1 0.52692 0.678249 0.028614 0.018287
3 0.486069 0.672009 0.04744 0.010542
1 0.506683 0.71676 0.029556 0.016997
1 0.537086 0.699226 0.029744 0.017642
1 0.57276 0.713318 0.029179 0.020869
1 0.606457 0.630486 0.025791 0.017427
1 0.696913 0.642104 0.015437 0.032057
1 0.723268 0.632207 0.029368 0.016136
1 0.75866 0.638554 0.028991 0.016781
1 0.764684 0.673946 0.027108 0.016997
1 0.731363 0.671041 0.030497 0.016781
1 0.71009 0.713318 0.027108 0.017857
1 0.731269 0.70611 0.016755 0.034423
1 0.793486 0.70966 0.026732 0.017427
1 0.831702 0.70568 0.026732 0.018072
1 0.796687 0.670073 0.028238 0.017427
