2 0.26073 0.236553 0.047063 0.015275
1 0.282097 0.2017 0.032191 0.014415
3 0.272684 0.148451 0.060053 0.021084
1 0.360128 0.121343 0.027108 0.011618
1 0.356834 0.192448 0.031815 0.015706
1 0.505742 0.133068 0.025414 0.011833
1 0.596668 0.095848 0.025038 0.010972
1 0.675452 0.157164 0.03012 0.014845
1 0.685147 0.201915 0.031062 0.014415
1 0.736069 0.218804 0.027108 0.013339
1 0.689759 0.259036 0.028614 0.021084
1 0.815418 0.305615 0.028803 0.016997
1 0.844503 0.30497 0.025979 0.023021
1 0.831325 0.258176 0.025226 0.019363
1 0.18477 0.462349 0.042357 0.024957
1 0.256118 0.456003 0.036333 0.020439
1 0.265907 0.388016 0.035203 0.02259
1 0.347044 0.343266 0.033697 0.020869
1 0.336032 0.397913 0.035768 0.021299
1 0.330478 0.445138 0.038968 0.022805
1 0.325678 0.493008 0.041039 0.024742
2 0.370011 0.445891 0.038215 0.020869
1 0.400602 0.420611 0.022967 0.037866
1 0.472044 0.406627 0.037839 0.022375
1 0.461032 0.454604 0.039157 0.024527
1 0.470727 0.360908 0.035956 0.02259
1 0.550169 0.438898 0.024285 0.039157
1 0.544051 0.487414 0.022214 0.041093
2 0.558923 0.487522 0.013178 0.046041
2 0.592526 0.450839 0.048005 0.014415
1 0.606739 0.504733 0.036521 0.021515
1 0.67084 0.49957 0.018261 0.037005
1 0.734469 0.469019 0.035956 0.021945
1 0.717526 0.419643 0.034827 0.017857
1 0.703313 0.378012 0.034639 0.017212
1 0.796875 0.425452 0.030874 0.020009
1 0.815888 0.510004 0.03238 0.020869
1 0.848268 0.415663 0.028238 0.020224
1 0.860504 0.47386 0.03238 0.018718
1 0.87227 0.512156 0.033321 0.019148
1 0.922722 0.514415 0.034827 0.021084
1 0.909544 0.475366 0.030685 0.017857
1 0.898814 0.433412 0.027297 0.018718
1 0.891754 0.395654 0.025979 0.016781
1 0.043863 0.668567 0.045934 0.026893
1 0.112387 0.67599 0.036521 0.025818
1 0.180346 0.68083 0.044051 0.028614
1 0.265813 0.680293 0.046687 0.02883
1 0.329537 0.619836 0.040851 0.025387
2 0.381024 0.617362 0.045557 0.013124
1 0.451525 0.613705 0.042357 0.026893
1 0.468091 0.646407 0.04198 0.028184
1 0.546499 0.633391 0.040286 0.022806
1 0.542357 0.600473 0.038404 0.025387
1 0.63093 0.684273 0.038592 0.026893
1 0.693712 0.688898 0.039157 0.024096
1 0.762895 0.687715 0.035203 0.025172
1 0.813912 0.6804 0.037839 0.024312
1 0.84215 0.629303 0.037839 0.027539
2 0.855704 0.588855 0.014119 0.042599
