2 0.390625 0.270439 0.01619 0.006454
2 0.294992 0.27614 0.013554 0.006239
2 0.560712 0.320568 0.01939 0.007315
2 0.589985 0.651893 0.037274 0.011188
2 0.58462 0.673838 0.037462 0.009466
2 0.638178 0.618008 0.009413 0.02173
2 0.700866 0.654905 0.029368 0.006454
2 0.6907 0.632315 0.026732 0.004733
2 0.682605 0.614243 0.024849 0.003442
2 0.509695 0.671902 0.023908 0.006024
2 0.509319 0.662866 0.023532 0.006024
2 0.518449 0.616609 0.019955 0.003873
2 0.555911 0.691695 0.017696 0.004303
2 0.58029 0.578206 0.022402 0.004518
1 0.632248 0.838318 0.013742 0.018287
1 0.606834 0.956756 0.02692 0.016351
4 0.12227 0.392965 0.048381 0.03722
