0 0.394111 0.455609 0.057933 0.034295
0 0.548918 0.471635 0.056971 0.039423
0 0.70012 0.476763 0.06274 0.027885
0 0.903606 0.471154 0.067308 0.033974
1 0.288221 0.560256 0.022596 0.009615
3 0.289183 0.597917 0.112981 0.025962
1 0.457692 0.59375 0.021635 0.0125
1 0.517308 0.611218 0.022115 0.010897
1 0.598798 0.609615 0.022596 0.008333
1 0.678966 0.616667 0.022837 0.008333
1 0.593149 0.571955 0.020433 0.011218
1 0.182452 0.75641 0.030288 0.016667
1 0.28125 0.754487 0.029327 0.015385
1 0.344351 0.736218 0.026683 0.016026
1 0.408534 0.761538 0.028125 0.012821
1 0.390986 0.732051 0.027644 0.016667
1 0.49351 0.738301 0.026923 0.014423
1 0.498918 0.767788 0.027644 0.016346
1 0.581971 0.733654 0.026442 0.015385
1 0.925841 0.618269 0.025721 0.010256
3 0.871154 0.684135 0.032692 0.011218
3 0.899639 0.73141 0.046875 0.026282
3 0.920553 0.689583 0.039183 0.02532
3 0.934615 0.711058 0.040385 0.016346
3 0.914663 0.765224 0.040865 0.029167
3 0.977524 0.727724 0.043029 0.03109
3 0.958654 0.694712 0.035577 0.023397
