1 0.162086 0.325732 0.036898 0.018503
1 0.223833 0.357788 0.040663 0.021945
1 0.22901 0.291738 0.036709 0.018503
1 0.282097 0.359617 0.04198 0.0213
1 0.4407 0.418244 0.044804 0.024527
1 0.497835 0.369083 0.042357 0.026033
4 0.133377 0.372849 0.067959 0.042599
4 0.198983 0.380056 0.080196 0.045396
2 0.353069 0.353593 0.056288 0.017857
1 0.555817 0.15028 0.032191 0.011833
1 0.551675 0.164372 0.034074 0.012909
1 0.657285 0.156519 0.032191 0.014845
1 0.609281 0.130486 0.031062 0.010972
1 0.463667 0.141136 0.03238 0.012909
1 0.463667 0.17599 0.033886 0.0142
1 0.400979 0.164157 0.02259 0.025818
1 0.45369 0.107466 0.030497 0.010972
1 0.291039 0.176312 0.021837 0.026893
1 0.532944 0.079927 0.029367 0.010112
1 0.549228 0.069277 0.027673 0.009466
1 0.738799 0.165448 0.033321 0.012478
4 0.520896 0.396622 0.07756 0.049269
1 0.939477 0.435564 0.041227 0.02216
1 0.983057 0.441373 0.033509 0.021299
