1 0.528966 0.122756 0.039663 0.023077
2 0.732572 0.133974 0.044952 0.013462
3 0.386899 0.489744 0.07476 0.029487
3 0.464183 0.503846 0.040865 0.026923
1 0.126683 0.708494 0.041346 0.047115
1 0.121514 0.783654 0.044471 0.044872
2 0.181851 0.758974 0.052163 0.019231
1 0.267067 0.669872 0.043269 0.035897
1 0.383534 0.670032 0.02476 0.055449
1 0.382572 0.72532 0.04351 0.035897
1 0.384495 0.787981 0.045913 0.0375
1 0.449639 0.779327 0.044471 0.031731
2 0.448798 0.75593 0.046154 0.014423
1 0.45024 0.709295 0.042308 0.030128
1 0.529808 0.788301 0.047115 0.045192
2 0.595553 0.76234 0.043029 0.032372
1 0.642788 0.751602 0.049038 0.03718
1 0.677764 0.764423 0.013702 0.009615
1 0.741226 0.766987 0.01274 0.010897
1 0.805288 0.766346 0.011058 0.009615
1 0.32476 0.780449 0.044712 0.035897
