1 0.43317 0.314006 0.027108 0.02259
2 0.137331 0.519256 0.034827 0.012694
1 0.146837 0.537651 0.027108 0.015921
1 0.287745 0.445891 0.025414 0.015275
1 0.337444 0.458154 0.026544 0.013124
2 0.378953 0.435994 0.031627 0.010112
1 0.406438 0.43793 0.024473 0.011833
2 0.362293 0.542276 0.030309 0.010542
1 0.395896 0.545934 0.027861 0.017857
1 0.447854 0.55454 0.028991 0.018718
1 0.518919 0.522268 0.026544 0.014845
1 0.522026 0.451915 0.025602 0.015275
4 0.557511 0.450086 0.027673 0.019363
1 0.556758 0.472569 0.026167 0.016136
1 0.557511 0.497956 0.027673 0.016997
1 0.579254 0.537543 0.027861 0.014845
2 0.607304 0.48182 0.027485 0.009682
1 0.644767 0.489888 0.024096 0.017642
1 0.718468 0.541093 0.026167 0.017212
1 0.703219 0.468266 0.025791 0.015275
1 0.226092 0.521622 0.021837 0.021299
1 0.327937 0.508929 0.024849 0.013124
2 0.213385 0.443309 0.025791 0.009682
1 0.185617 0.454174 0.022214 0.015491
1 0.246988 0.435456 0.024096 0.012479
