0 0.17564 0.265706 0.058358 0.038296
0 0.162839 0.304755 0.066265 0.038942
0 0.292169 0.336274 0.065136 0.041738
0 0.342056 0.331648 0.04744 0.045396
0 0.395237 0.328313 0.063065 0.04389
0 0.409639 0.291201 0.059488 0.03679
0 0.412839 0.262478 0.057229 0.032272
0 0.416322 0.241717 0.049511 0.041523
0 0.673758 0.127044 0.050075 0.020009
0 0.677617 0.145977 0.052899 0.024742
0 0.683735 0.174484 0.057605 0.035714
0 0.687782 0.204927 0.055535 0.027324
2 0.753671 0.089501 0.042733 0.013769
0 0.976468 0.330895 0.047063 0.04475
0 0.968091 0.29077 0.063818 0.035929
0 0.954537 0.254303 0.067206 0.037005
1 0.219691 0.513985 0.021461 0.012048
1 0.241717 0.523343 0.021837 0.012694
1 0.210279 0.556046 0.021461 0.014845
1 0.891849 0.499247 0.023908 0.012694
1 0.936182 0.531949 0.025602 0.012694
1 0.017319 0.647806 0.020708 0.012909
2 0.664627 0.656519 0.029179 0.008821
1 0.882624 0.66491 0.025414 0.015706
1 0.886013 0.688038 0.02692 0.015921
1 0.946442 0.613274 0.024285 0.015706
1 0.984751 0.632638 0.027485 0.016136
1 0.972609 0.694385 0.025414 0.016997
