1 0.323889 0.739996 0.025414 0.016566
4 0.315041 0.791738 0.046122 0.027539
3 0.451054 0.820353 0.050828 0.015921
3 0.532285 0.813683 0.049887 0.015491
1 0.602316 0.781734 0.028803 0.017857
1 0.652108 0.778184 0.028991 0.019363
1 0.703878 0.775602 0.030497 0.026248
1 0.743505 0.770439 0.029179 0.017642
1 0.797534 0.793244 0.028426 0.023236
1 0.777203 0.695676 0.027297 0.016997
4 0.683735 0.693847 0.045934 0.037435
1 0.680441 0.667169 0.02692 0.016351
4 0.593374 0.696321 0.045557 0.038081
4 0.605704 0.812715 0.048381 0.043244
4 0.654273 0.809703 0.049887 0.043244
4 0.702372 0.808627 0.049699 0.043244
4 0.749812 0.806046 0.051581 0.044105
4 0.840362 0.798408 0.048569 0.04389
1 0.895802 0.689652 0.02805 0.019148
1 0.943524 0.721923 0.028614 0.018287
1 0.8782 0.62102 0.025979 0.016136
1 0.934959 0.607681 0.02692 0.015706
1 0.10128 0.739243 0.022967 0.021515
1 0.00866 0.742147 0.017319 0.016566
1 0.111916 0.366502 0.02052 0.019148
1 0.128671 0.394578 0.021649 0.019363
2 0.192865 0.296687 0.037462 0.030551
1 0.368788 0.424161 0.020331 0.012263
1 0.433076 0.361123 0.01939 0.009251
1 0.49134 0.34574 0.019578 0.009897
1 0.491717 0.419535 0.020708 0.012048
1 0.558641 0.381885 0.022026 0.012048
1 0.609375 0.283563 0.019202 0.008176
1 0.686559 0.37059 0.021084 0.010112
1 0.924887 0.334122 0.020708 0.009036
1 0.94503 0.378873 0.021461 0.010327
1 0.84488 0.391136 0.021837 0.012048
1 0.820407 0.332401 0.019202 0.011188
1 0.511672 0.56207 0.023343 0.014415
1 0.585938 0.560564 0.025038 0.014845
1 0.735693 0.517642 0.025602 0.0142
1 0.783227 0.520546 0.02692 0.016997
1 0.851939 0.513554 0.024661 0.013769
1 0.98541 0.517427 0.023532 0.012048
1 0.951242 0.515383 0.022967 0.013554
1 0.92724 0.531089 0.023908 0.014845
1 0.914345 0.496342 0.02372 0.012048
3 0.0625 0.754733 0.021084 0.011188
4 0.177334 0.407702 0.060994 0.047762
