0 0.471034 0.342468 0.075721 0.049679
0 0.473918 0.301122 0.06899 0.042628
0 0.405649 0.304808 0.070913 0.035897
0 0.328966 0.34407 0.08101 0.049038
0 0.398918 0.34375 0.076683 0.048397
1 0.552885 0.585737 0.028365 0.019551
1 0.519231 0.740865 0.030769 0.022115
1 0.495793 0.641346 0.027163 0.017949
4 0.879207 0.760897 0.015144 0.039103
1 0.434014 0.791827 0.031971 0.025962
1 0.329567 0.802404 0.029808 0.022115
1 0.241587 0.769551 0.032212 0.022436
1 0.229447 0.735897 0.030048 0.01859
1 0.323918 0.706891 0.03101 0.022115
2 0.298317 0.683974 0.066827 0.025641
1 0.333413 0.645513 0.028365 0.016026
1 0.398077 0.634455 0.026923 0.018269
1 0.418029 0.695994 0.030288 0.022115
1 0.44976 0.614423 0.026442 0.016026
2 0.450721 0.591506 0.042308 0.01891
0 0.770192 0.332372 0.080769 0.053205
0 0.761178 0.289904 0.077644 0.038141
