0 0.460697 0.38718 0.059856 0.051923
0 0.773438 0.391667 0.063221 0.048077
0 0.829808 0.788301 0.075481 0.074039
0 0.59387 0.796795 0.070433 0.073718
0 0.415264 0.759295 0.071394 0.071795
0 0.898438 0.285096 0.063702 0.045833
0 0.90649 0.319712 0.061058 0.029167
0 0.914062 0.348878 0.063221 0.03109
0 0.920192 0.38125 0.062981 0.0375
0 0.048197 0.408494 0.077163 0.054808
4 0.102524 0.567308 0.022356 0.011538
4 0.100962 0.603045 0.024038 0.011218
4 0.085337 0.657372 0.020673 0.016026
4 0.047236 0.655929 0.022837 0.016987
4 0.03762 0.671795 0.01851 0.016667
4 0.051202 0.696635 0.024038 0.018269
4 0.083894 0.696474 0.019712 0.014744
4 0.015144 0.704327 0.023558 0.019551
