4 0.9 0.26266 0.027885 0.018269
4 0.939423 0.251763 0.028846 0.016346
4 0.957091 0.146154 0.027644 0.020513
1 0.088582 0.587019 0.024279 0.019551
1 0.063702 0.635256 0.027885 0.017308
4 0.22488 0.585737 0.022837 0.01891
4 0.221514 0.604968 0.024279 0.020192
4 0.218269 0.625481 0.024519 0.020833
4 0.241827 0.626763 0.023077 0.022115
4 0.24387 0.60625 0.023317 0.020192
4 0.267428 0.60657 0.023317 0.020833
4 0.269832 0.583654 0.02524 0.020513
4 0.246154 0.584455 0.022115 0.020192
3 0.344952 0.550962 0.022115 0.007692
3 0.351322 0.532372 0.020433 0.00641
4 0.461779 0.594551 0.026923 0.017949
4 0.507812 0.578686 0.025721 0.021474
1 0.63125 0.517628 0.029327 0.017949
1 0.666466 0.505288 0.03149 0.020833
4 0.734014 0.551763 0.028606 0.020192
4 0.732212 0.477404 0.026923 0.021474
3 0.737861 0.530769 0.075721 0.021154
2 0.645793 0.578846 0.045913 0.01282
3 0.647716 0.529968 0.063702 0.015064
3 0.559375 0.546635 0.061058 0.02468
3 0.369832 0.548397 0.024279 0.007692
3 0.333173 0.590064 0.023558 0.007051
