0 0.307041 0.12543 0.091491 0.051205
0 0.703972 0.191265 0.108998 0.049484
0 0.788592 0.190082 0.106928 0.044105
1 0.277203 0.461166 0.035203 0.02173
1 0.593656 0.484509 0.023155 0.04346
1 0.665663 0.348214 0.037651 0.020439
1 0.739364 0.369729 0.034827 0.02173
1 0.853822 0.475688 0.030685 0.042169
1 0.475339 0.352302 0.034639 0.017427
1 0.103069 0.455142 0.034074 0.017427
1 0.410862 0.651355 0.041604 0.026463
1 0.292357 0.718374 0.045934 0.036575
2 0.187218 0.641997 0.045369 0.010757
1 0.169145 0.660284 0.038215 0.024957
1 0.696348 0.625645 0.050075 0.030551
1 0.752259 0.633176 0.029368 0.053356
1 0.92677 0.674914 0.045181 0.028399
2 0.779273 0.686747 0.026544 0.080465
