0 0.253953 0.21633 0.094127 0.060886
0 0.42564 0.19858 0.090361 0.051635
3 0.263272 0.42997 0.040098 0.011403
1 0.392225 0.424806 0.037086 0.019578
1 0.075019 0.634144 0.046122 0.027324
3 0.115964 0.751076 0.047063 0.060671
1 0.19343 0.731175 0.044992 0.028184
1 0.277767 0.794428 0.052146 0.038081
1 0.355328 0.696644 0.048758 0.030551
1 0.416886 0.695353 0.049134 0.02969
3 0.699642 0.710628 0.080007 0.050775
3 0.799322 0.666416 0.04744 0.026893
3 0.860693 0.692126 0.081702 0.107143
3 0.957455 0.687285 0.057605 0.042814
0 0.970538 0.237091 0.058923 0.053356
