2 0.490776 0.480529 0.022967 0.015275
2 0.492564 0.542169 0.024285 0.016781
1 0.509413 0.612629 0.02259 0.014845
1 0.547816 0.601764 0.022214 0.013769
1 0.597138 0.595417 0.022967 0.013124
1 0.590644 0.577883 0.021649 0.012478
1 0.546122 0.545073 0.020708 0.013554
1 0.463573 0.540017 0.012613 0.022375
1 0.465926 0.571859 0.013178 0.023666
1 0.402108 0.595202 0.02372 0.011833
1 0.407474 0.660392 0.02692 0.019578
3 0.448607 0.655228 0.035015 0.010972
1 0.433453 0.614565 0.013742 0.025602
3 0.324266 0.62543 0.014119 0.04432
3 0.243599 0.665985 0.057982 0.013554
1 0.289627 0.573688 0.022779 0.012263
1 0.248306 0.563253 0.02259 0.017642
1 0.183829 0.564114 0.021649 0.012478
1 0.170087 0.615211 0.022779 0.015275
2 0.165286 0.623171 0.025226 0.00753
1 0.546404 0.690082 0.024285 0.016136
2 0.500753 0.710306 0.036521 0.043244
2 0.427993 0.689114 0.029932 0.022375
1 0.377636 0.732143 0.025979 0.018933
1 0.374153 0.810456 0.026544 0.018072
1 0.33669 0.801205 0.026167 0.016781
3 0.222044 0.767212 0.060806 0.021945
1 0.290004 0.700839 0.012613 0.030336
2 0.575584 0.527108 0.029556 0.009036
1 0.602127 0.644793 0.023155 0.0142
1 0.640531 0.581648 0.022779 0.012263
1 0.639401 0.600258 0.023908 0.01506
1 0.652391 0.674914 0.024661 0.018072
2 0.690136 0.647698 0.046687 0.030336
2 0.744164 0.647052 0.047816 0.029475
1 0.810523 0.690727 0.024285 0.013985
1 0.878671 0.636725 0.023908 0.013124
1 0.91378 0.756132 0.025602 0.016997
2 0.929688 0.651893 0.02805 0.019793
2 0.955384 0.651248 0.027108 0.018503
2 0.984093 0.648343 0.02805 0.019148
2 0.913498 0.598214 0.025791 0.016997
2 0.948983 0.597354 0.026355 0.017427
2 0.900226 0.53636 0.025602 0.015491
2 0.933076 0.533993 0.026167 0.01506
2 0.955008 0.726979 0.029368 0.021084
2 0.98334 0.72386 0.028803 0.021299
2 0.708678 0.516889 0.030685 0.00753
1 0.728539 0.569062 0.022967 0.012479
1 0.679405 0.553464 0.022214 0.011403
2 0.659827 0.504733 0.028991 0.007315
2 0.622364 0.529045 0.030497 0.007315
2 0.757436 0.735155 0.052146 0.033993
2 0.699736 0.736984 0.049699 0.034639
1 0.669992 0.80454 0.025602 0.019148
1 0.61154 0.764953 0.025791 0.012263
1 0.548287 0.755271 0.024661 0.016997
2 0.147967 0.672762 0.027861 0.021515
2 0.124812 0.654583 0.030497 0.008821
2 0.078219 0.648774 0.038592 0.030336
2 0.124623 0.573257 0.028238 0.026893
2 0.11041 0.546687 0.016378 0.017642
1 0.081231 0.690082 0.024285 0.014415
1 0.026732 0.709768 0.02372 0.015491
1 0.063441 0.576915 0.022967 0.009682
1 0.027391 0.625215 0.022026 0.01506
2 0.13959 0.727517 0.033321 0.010112
2 0.105704 0.725366 0.032568 0.011403
2 0.062029 0.732788 0.035203 0.027539
