3 0.173663 0.302926 0.055535 0.027969
1 0.341962 0.260327 0.02052 0.012479
2 0.327654 0.219664 0.027297 0.012048
1 0.171781 0.481928 0.025414 0.021084
1 0.233716 0.503765 0.027673 0.017857
3 0.295651 0.490856 0.064194 0.032487
2 0.314665 0.398343 0.044239 0.010112
1 0.398814 0.463533 0.02805 0.018718
1 0.458678 0.48537 0.029932 0.016351
1 0.477598 0.388554 0.026732 0.015921
1 0.552523 0.447074 0.034262 0.016781
1 0.527391 0.392319 0.028803 0.016136
1 0.615305 0.366932 0.030309 0.015275
1 0.642225 0.453636 0.033697 0.016997
1 0.715644 0.424591 0.03558 0.017427
1 0.740587 0.357358 0.035392 0.028399
1 0.805064 0.421579 0.035956 0.025602
1 0.882436 0.413511 0.034074 0.020654
2 0.661521 0.375968 0.03238 0.015706
1 0.83895 0.351979 0.030309 0.012478
