3 0.230288 0.282692 0.061538 0.019872
1 0.238702 0.241987 0.022596 0.011538
1 0.073918 0.375962 0.03101 0.017308
4 0.188462 0.350962 0.025962 0.016026
4 0.213462 0.396154 0.025481 0.017308
4 0.206851 0.438622 0.026683 0.01891
1 0.277163 0.360577 0.026442 0.012821
1 0.302764 0.420192 0.026202 0.014103
4 0.160697 0.527404 0.027163 0.021474
4 0.156731 0.547436 0.026923 0.019231
3 0.739784 0.300481 0.027644 0.009936
3 0.801202 0.302083 0.025481 0.009295
4 0.898197 0.427404 0.02476 0.016346
5 0.234495 0.261699 0.049279 0.025962
4 0.09375 0.757051 0.039423 0.028846
4 0.07476 0.85016 0.039423 0.030449
3 0.138341 0.791506 0.029087 0.009936
3 0.132933 0.820833 0.030288 0.021154
3 0.127404 0.843429 0.031731 0.011859
1 0.98762 0.604968 0.024279 0.016346
