1 0.028966 0.29343 0.031971 0.015064
1 0.323558 0.275641 0.024519 0.014744
1 0.340986 0.361538 0.018029 0.027564
1 0.535216 0.271474 0.022356 0.010897
1 0.538462 0.309135 0.025481 0.0125
1 0.543149 0.351763 0.026683 0.015064
1 0.548678 0.367628 0.028606 0.012179
1 0.586058 0.304327 0.028365 0.013141
1 0.589062 0.347596 0.028606 0.014423
1 0.602043 0.396955 0.026202 0.014423
1 0.920793 0.307853 0.027644 0.013782
1 0.965385 0.345673 0.024038 0.030449
1 0.083894 0.492628 0.036058 0.019231
1 0.171514 0.51875 0.019471 0.018269
1 0.215385 0.613942 0.037981 0.021474
1 0.433654 0.520032 0.032692 0.016987
1 0.429808 0.58141 0.034615 0.020513
1 0.588582 0.558333 0.033413 0.022436
1 0.580048 0.611058 0.024038 0.0375
1 0.664062 0.504487 0.034856 0.019231
1 0.679688 0.581891 0.034375 0.022756
1 0.748197 0.549519 0.03726 0.025321
4 0.752644 0.592628 0.025 0.007692
1 0.982332 0.47484 0.034375 0.01891
1 0.193389 0.775641 0.042067 0.030128
1 0.261058 0.765224 0.04375 0.028526
1 0.327163 0.788782 0.042308 0.025
1 0.514063 0.753205 0.039183 0.025
1 0.602404 0.696795 0.040865 0.030128
1 0.698317 0.721955 0.039904 0.024038
1 0.788101 0.751442 0.041587 0.025321
