1 0.40512 0.420719 0.037274 0.018287
2 0.331514 0.238812 0.044051 0.013339
1 0.411992 0.305185 0.031438 0.017857
1 0.467903 0.433842 0.037086 0.02173
1 0.573325 0.427711 0.018637 0.037435
1 0.730704 0.393072 0.033697 0.01463
1 0.836691 0.439867 0.039721 0.020009
1 0.441171 0.509359 0.04198 0.02216
1 0.55177 0.682552 0.051205 0.032487
1 0.650979 0.686855 0.048569 0.030336
1 0.760919 0.685671 0.050828 0.033133
1 0.808076 0.65383 0.036333 0.054647
1 0.917922 0.52614 0.048193 0.027754
4 0.5625 0.527324 0.079819 0.063253
