1 0.265248 0.083477 0.041792 0.027108
1 0.389778 0.079066 0.042357 0.026893
1 0.505648 0.069815 0.041416 0.025602
1 0.644861 0.096278 0.044992 0.039802
1 0.732116 0.108219 0.042169 0.02926
1 0.852504 0.108219 0.038215 0.030551
3 0.04904 0.337134 0.09055 0.036575
2 0.136013 0.313791 0.05817 0.014415
1 0.203878 0.306261 0.033509 0.023881
1 0.24887 0.30099 0.036145 0.022805
2 0.248306 0.31605 0.042545 0.011188
2 0.313159 0.32046 0.032191 0.009682
1 0.325019 0.354561 0.041227 0.022806
2 0.319748 0.376291 0.031438 0.009466
1 0.322101 0.389738 0.03238 0.018287
2 0.369635 0.33025 0.045745 0.012048
1 0.375188 0.345525 0.035768 0.021084
1 0.431476 0.332293 0.042922 0.026893
2 0.42837 0.249355 0.060429 0.0142
2 0.494352 0.336704 0.030874 0.010757
1 0.493411 0.373709 0.033886 0.025818
2 0.637048 0.262694 0.04631 0.013339
1 0.638178 0.29034 0.036145 0.02216
2 0.654179 0.388232 0.039533 0.010542
2 0.719691 0.302388 0.051958 0.015275
1 0.486258 0.891781 0.012048 0.015921
