0 0.097609 0.263447 0.074736 0.042384
0 0.365305 0.297117 0.07323 0.050344
0 0.649849 0.235693 0.073042 0.041523
2 0.111069 0.685886 0.032003 0.032702
1 0.024755 0.703098 0.034074 0.023236
1 0.049511 0.598214 0.03012 0.019148
1 0.103163 0.463963 0.025602 0.013124
1 0.153426 0.57003 0.027485 0.015706
1 0.238987 0.657272 0.030309 0.021515
1 0.259601 0.539157 0.028614 0.016781
1 0.328313 0.554432 0.030874 0.015491
1 0.325019 0.667922 0.03558 0.02259
1 0.452184 0.65426 0.031626 0.019793
1 0.456608 0.533348 0.028803 0.017642
1 0.567395 0.55497 0.021837 0.013554
1 0.603068 0.640706 0.033697 0.021945
1 0.734469 0.630917 0.032568 0.020439
1 0.817959 0.607358 0.031627 0.017642
