0 0.182888 0.350151 0.064194 0.033348
0 0.023532 0.247311 0.047063 0.033348
0 0.420934 0.156411 0.048569 0.036145
0 0.417922 0.180185 0.051958 0.030766
0 0.414251 0.205572 0.053276 0.032057
0 0.658697 0.311639 0.055346 0.044966
0 0.631024 0.362844 0.057605 0.049699
0 0.684112 0.366179 0.058735 0.050344
0 0.832455 0.355637 0.054593 0.045611
0 0.877447 0.358219 0.053464 0.042169
0 0.904932 0.332509 0.054593 0.035929
0 0.921216 0.372741 0.048758 0.046256
1 0.265719 0.557767 0.021273 0.014415
3 0.247647 0.589071 0.036709 0.015921
1 0.255836 0.630486 0.02372 0.013554
1 0.332925 0.538619 0.022402 0.013985
1 0.326148 0.572397 0.021273 0.013124
1 0.327654 0.603916 0.021649 0.012909
1 0.323042 0.634144 0.02259 0.013554
1 0.342809 0.626076 0.013178 0.025387
1 0.383471 0.556906 0.021461 0.011833
1 0.380742 0.571644 0.021649 0.012048
1 0.400697 0.582509 0.021273 0.017427
1 0.405591 0.560886 0.021273 0.012478
1 0.350527 0.55142 0.009789 0.012048
1 0.375094 0.610908 0.022026 0.013124
3 0.424134 0.630701 0.017696 0.008391
3 0.455008 0.635004 0.018825 0.00796
1 0.504706 0.609402 0.021837 0.013124
3 0.536615 0.627689 0.015625 0.0071
3 0.563159 0.611768 0.014495 0.00753
3 0.588855 0.627797 0.017319 0.008606
3 0.614928 0.634466 0.018637 0.006885
1 0.805158 0.507745 0.017696 0.012478
1 0.809582 0.545288 0.018261 0.012694
1 0.841679 0.488167 0.01619 0.010327
1 0.842526 0.522375 0.016755 0.011618
1 0.858434 0.539694 0.017319 0.011403
2 0.85401 0.505809 0.01073 0.005594
1 0.870576 0.515383 0.015625 0.010542
1 0.886766 0.504088 0.012613 0.009897
1 0.889684 0.515383 0.012048 0.009682
1 0.879612 0.54787 0.015625 0.010542
1 0.902014 0.544535 0.016755 0.010757
1 0.924699 0.482466 0.017319 0.011403
1 0.937971 0.523128 0.017884 0.012694
2 0.955949 0.526248 0.010919 0.004303
1 0.961408 0.54744 0.017696 0.010542
1 0.987952 0.534746 0.016943 0.011403
1 0.975527 0.492147 0.017319 0.010112
1 0.830572 0.619836 0.015813 0.012048
1 0.845727 0.619406 0.014495 0.012479
1 0.864834 0.620159 0.013554 0.012263
1 0.88093 0.618008 0.014119 0.014845
1 0.902108 0.620805 0.019202 0.013985
1 0.928652 0.618438 0.018825 0.012263
1 0.954913 0.615534 0.016002 0.012909
1 0.972609 0.615211 0.017884 0.013124
1 0.341303 0.372311 0.019955 0.010112
1 0.990776 0.614888 0.017319 0.012909
