1 0.265024 0.730769 0.035337 0.033333
1 0.391947 0.804006 0.03101 0.022115
2 0.455288 0.799359 0.029327 0.016667
1 0.140144 0.69407 0.034135 0.01891
1 0.154688 0.462821 0.03101 0.017949
1 0.215264 0.463301 0.029087 0.013782
1 0.30649 0.514103 0.03125 0.019231
1 0.19351 0.546314 0.031731 0.023397
1 0.375481 0.598077 0.028846 0.019231
0 0.101562 0.269551 0.08726 0.046795
0 0.349038 0.339744 0.079327 0.055769
0 0.42476 0.338782 0.075481 0.055769
0 0.426322 0.287019 0.072837 0.050321
0 0.860577 0.222756 0.079808 0.046154
0 0.883534 0.277564 0.082452 0.048077
0 0.953606 0.277564 0.082692 0.052564
0 0.930168 0.220673 0.079567 0.047756
0 0.663702 0.33125 0.078365 0.054808
0 0.738462 0.335737 0.080769 0.058654
0 0.725962 0.276763 0.073077 0.059295
0 0.655409 0.273237 0.072356 0.057372
0 0.649639 0.220192 0.06899 0.047436
0 0.716226 0.228365 0.071875 0.043269
0 0.699279 0.186699 0.061538 0.054167
0 0.637981 0.171154 0.060096 0.055128
0 0.634375 0.134135 0.057212 0.046474
0 0.692909 0.150321 0.06226 0.051923
