3 0.067112 0.396407 0.095068 0.028614
1 0.206419 0.302818 0.055158 0.026033
1 0.187029 0.358864 0.0593 0.031411
1 0.173381 0.404583 0.0625 0.034639
1 0.28285 0.405766 0.063065 0.031842
1 0.395237 0.348429 0.056288 0.030336
2 0.513648 0.234402 0.089797 0.011833
2 0.512331 0.311532 0.110128 0.020654
2 0.639966 0.31562 0.108245 0.018503
1 0.132907 0.631024 0.076807 0.051205
4 0.082737 0.813683 0.137613 0.068847
1 0.27419 0.598429 0.081137 0.047547
1 0.275697 0.678894 0.079255 0.052281
1 0.242188 0.769686 0.084149 0.058305
1 0.378483 0.863705 0.087161 0.06605
1 0.6298 0.551743 0.068336 0.049699
1 0.645614 0.683197 0.081137 0.048408
1 0.662462 0.843911 0.09262 0.086274
1 0.820689 0.751398 0.076995 0.077237
2 0.796969 0.703636 0.131589 0.041093
