1 0.217428 0.442949 0.027644 0.017949
1 0.165625 0.48141 0.027404 0.013462
1 0.270553 0.553686 0.029567 0.022756
1 0.358173 0.56859 0.032692 0.01859
1 0.374519 0.475321 0.025962 0.01859
1 0.355409 0.435577 0.028606 0.017949
1 0.370673 0.610417 0.032692 0.027885
1 0.176442 0.607532 0.028365 0.0375
1 0.461298 0.435417 0.031731 0.027885
2 0.419351 0.582372 0.010337 0.058974
2 0.559135 0.503045 0.052404 0.020833
1 0.558654 0.424038 0.030769 0.017308
1 0.539183 0.328045 0.029327 0.023397
2 0.527644 0.324359 0.052404 0.025641
1 0.652284 0.469391 0.031971 0.018269
2 0.729447 0.479327 0.038702 0.015064
1 0.856611 0.464744 0.043029 0.029487
1 0.833534 0.410417 0.02524 0.034295
1 0.988341 0.258173 0.023317 0.025321
1 0.079808 0.558814 0.030288 0.016987
4 0.048558 0.624679 0.060577 0.044231
