1 0.430723 0.815835 0.029367 0.021084
1 0.479386 0.813791 0.026544 0.019148
2 0.510072 0.799268 0.025414 0.006454
1 0.557511 0.818417 0.027673 0.020224
2 0.607963 0.8054 0.01073 0.044535
2 0.598456 0.752367 0.016943 0.02883
2 0.716491 0.690082 0.076054 0.017427
2 0.624812 0.723107 0.058735 0.027108
1 0.393637 0.71762 0.023343 0.014845
1 0.43637 0.721923 0.025226 0.015275
1 0.391284 0.773989 0.022402 0.016566
2 0.305158 0.524634 0.039533 0.013124
2 0.425169 0.568201 0.025038 0.011618
2 0.504047 0.579497 0.028426 0.010542
2 0.503859 0.620267 0.029556 0.016351
2 0.504047 0.664587 0.031815 0.018072
2 0.512707 0.711704 0.04198 0.011618
2 0.419334 0.638662 0.024285 0.008821
2 0.470538 0.778507 0.039721 0.010542
2 0.424605 0.777431 0.040098 0.011403
2 0.273532 0.64404 0.025979 0.017857
2 0.231363 0.55497 0.020708 0.012263
2 0.353257 0.537328 0.01939 0.024312
