3 0.138648 0.13253 0.087161 0.023666
3 0.228727 0.133498 0.088855 0.020869
1 0.439665 0.111876 0.036709 0.017642
1 0.49087 0.132638 0.035956 0.016136
1 0.497647 0.079066 0.03445 0.016997
1 0.563441 0.08778 0.037651 0.016351
1 0.695124 0.431799 0.049134 0.025818
1 0.818148 0.442018 0.042169 0.028614
1 0.894296 0.444492 0.046122 0.025818
1 0.190136 0.700409 0.06363 0.038941
1 0.301487 0.698365 0.064194 0.036575
1 0.3077 0.611231 0.061935 0.040448
1 0.408133 0.70256 0.062876 0.039372
1 0.676017 0.707939 0.059111 0.035499
1 0.71875 0.663834 0.03012 0.068201
1 0.772496 0.668675 0.05817 0.035714
1 0.836973 0.61392 0.05497 0.031626
1 0.875282 0.704927 0.054782 0.034639
