2 0.033654 0.29391 0.066827 0.026923
2 0.074519 0.190385 0.080288 0.021795
2 0.177524 0.244712 0.02476 0.086859
2 0.13726 0.352244 0.028365 0.08718
2 0.48149 0.328526 0.021154 0.012179
2 0.763341 0.426763 0.086298 0.026603
2 0.930889 0.276122 0.06851 0.022115
2 0.837139 0.376442 0.034856 0.074679
4 0.12524 0.58734 0.036538 0.030449
4 0.142308 0.594712 0.016827 0.030449
3 0.101202 0.69407 0.088462 0.086218
4 0.389183 0.71843 0.033173 0.035577
4 0.372837 0.635737 0.033173 0.03109
4 0.346034 0.597756 0.033413 0.030128
4 0.318269 0.595032 0.027404 0.020192
4 0.431971 0.605288 0.029808 0.028526
4 0.459135 0.640545 0.029808 0.028526
3 0.438582 0.675 0.063221 0.025
4 0.452644 0.71859 0.03125 0.034615
4 0.519712 0.686699 0.03125 0.034936
4 0.543269 0.742468 0.03125 0.034936
3 0.493269 0.633173 0.034615 0.051603
3 0.63726 0.702885 0.135577 0.053205
4 0.677404 0.631891 0.027885 0.029808
4 0.679327 0.572596 0.028846 0.027885
1 0.732572 0.64375 0.031971 0.01891
4 0.842428 0.696795 0.033413 0.032692
1 0.017668 0.508974 0.034375 0.017949
