3 0.204443 0.486553 0.043298 0.010972
1 0.26939 0.515921 0.022967 0.012048
1 0.350151 0.515383 0.023343 0.013554
1 0.401826 0.513016 0.023908 0.013554
3 0.618411 0.464501 0.058735 0.015491
3 0.874059 0.45568 0.059864 0.01506
1 0.805346 0.635327 0.030497 0.020224
1 0.1923 0.568417 0.022779 0.015491
1 0.190512 0.588102 0.021837 0.013985
1 0.186276 0.605637 0.023155 0.015921
1 0.186465 0.622741 0.023532 0.015706
1 0.184206 0.642104 0.024285 0.014845
1 0.184111 0.66136 0.02372 0.01463
1 0.216867 0.607035 0.024849 0.018718
1 0.241717 0.627582 0.024849 0.015921
1 0.237105 0.646192 0.025038 0.015275
1 0.23494 0.665125 0.024473 0.015275
1 0.274849 0.662543 0.025602 0.0213
1 0.353822 0.593589 0.023908 0.016781
1 0.345444 0.613812 0.025602 0.015491
1 0.344974 0.641028 0.027297 0.020869
1 0.345068 0.669105 0.026732 0.019363
1 0.403803 0.671794 0.027485 0.017857
1 0.25593 0.381239 0.020143 0.012048
1 0.400226 0.325516 0.012048 0.019363
1 0.446254 0.376291 0.021273 0.011188
1 0.575207 0.369191 0.023532 0.011618
1 0.572477 0.325301 0.02372 0.010327
1 0.617658 0.286145 0.010542 0.018933
1 0.71875 0.347676 0.014684 0.020654
1 0.447289 0.253012 0.018449 0.008606
1 0.493035 0.259897 0.019578 0.010327
1 0.866811 0.372526 0.022402 0.010542
2 0.924605 0.37145 0.023908 0.013985
4 0.730139 0.486984 0.050264 0.031196
1 0.975998 0.461274 0.025414 0.012909
1 0.990023 0.492147 0.018072 0.026463
1 0.16698 0.395224 0.018072 0.010757
1 0.185712 0.345525 0.017884 0.009466
