1 0.393355 0.296794 0.022779 0.010112
1 0.33029 0.298731 0.022779 0.009682
1 0.45849 0.350043 0.025414 0.011188
1 0.458396 0.317556 0.022967 0.010327
1 0.460184 0.289049 0.022779 0.010542
1 0.459714 0.257638 0.02259 0.009682
1 0.614552 0.331218 0.023155 0.008821
1 0.741623 0.285392 0.023908 0.012263
1 0.171687 0.534854 0.027108 0.021945
1 0.221762 0.474398 0.025226 0.013769
1 0.280779 0.534101 0.029556 0.014415
1 0.309206 0.452991 0.027297 0.013554
1 0.391566 0.428141 0.027485 0.0142
1 0.392413 0.465684 0.026167 0.016136
1 0.377259 0.508498 0.027861 0.015275
1 0.481551 0.51506 0.028614 0.015921
1 0.476845 0.472031 0.027485 0.015491
1 0.48381 0.426635 0.026355 0.013339
1 0.682888 0.476872 0.028803 0.015275
1 0.666604 0.569385 0.03125 0.016136
1 0.747364 0.483541 0.025602 0.016136
1 0.802334 0.68395 0.033132 0.025387
1 0.732587 0.697397 0.033321 0.018718
1 0.73061 0.733219 0.035768 0.022375
1 0.66538 0.727517 0.03445 0.020439
1 0.660768 0.689221 0.03238 0.021299
1 0.620388 0.65738 0.033697 0.019578
3 0.560994 0.678679 0.047816 0.013985
1 0.491152 0.648021 0.032003 0.022806
1 0.361163 0.683627 0.032568 0.024312
1 0.274473 0.665985 0.030497 0.018287
1 0.154556 0.654152 0.027861 0.019148
1 0.06683 0.634144 0.023343 0.034208
