1 0.379612 0.19815 0.025791 0.015491
1 0.376694 0.225688 0.025602 0.0142
1 0.378389 0.256024 0.025602 0.0142
1 0.371988 0.281949 0.025602 0.013985
1 0.439571 0.28238 0.022214 0.015275
1 0.439194 0.257315 0.022214 0.015491
1 0.440136 0.236016 0.021837 0.013769
1 0.439194 0.197504 0.021837 0.013769
1 0.439947 0.177603 0.015813 0.009682
1 0.570971 0.13608 0.025979 0.011833
1 0.575019 0.16932 0.02692 0.015491
1 0.574548 0.189436 0.025979 0.010972
1 0.580478 0.210306 0.025414 0.011833
1 0.584808 0.230529 0.02692 0.013124
1 0.581984 0.250215 0.02805 0.01463
1 0.590644 0.269793 0.029932 0.01463
1 0.632907 0.148021 0.02372 0.012478
1 0.709149 0.167814 0.025602 0.015491
1 0.713667 0.209875 0.026355 0.012263
1 0.71395 0.227517 0.026167 0.012263
1 0.725056 0.248602 0.026167 0.012263
1 0.732116 0.265383 0.026355 0.012263
1 0.656062 0.266028 0.026355 0.012263
1 0.651167 0.237199 0.026355 0.012263
1 0.648814 0.207293 0.030685 0.012263
1 0.64006 0.175022 0.028991 0.012263
1 0.516943 0.217298 0.026732 0.012909
1 0.513366 0.249139 0.029744 0.013769
1 0.518919 0.275172 0.029556 0.013769
1 0.101468 0.39361 0.029367 0.016997
1 0.167169 0.372526 0.028991 0.015706
1 0.203972 0.421472 0.029556 0.017642
1 0.15898 0.458584 0.034074 0.016997
1 0.257059 0.45966 0.031062 0.017427
1 0.27645 0.374139 0.033697 0.017642
1 0.272026 0.401786 0.03125 0.016566
1 0.258189 0.430723 0.031438 0.018933
1 0.196819 0.472999 0.029179 0.017427
1 0.359187 0.366071 0.027861 0.017857
1 0.355798 0.40114 0.027861 0.017857
1 0.359093 0.436317 0.032568 0.021084
1 0.458114 0.425667 0.034074 0.021299
1 0.454725 0.45568 0.034074 0.021515
1 0.532285 0.346816 0.030685 0.015921
1 0.534733 0.371127 0.030685 0.015921
1 0.538121 0.407272 0.032568 0.017642
1 0.536992 0.445891 0.035203 0.018287
1 0.620953 0.459337 0.035203 0.018072
1 0.613046 0.423838 0.033697 0.019793
1 0.615211 0.394256 0.030873 0.017427
1 0.614081 0.366932 0.030874 0.017427
1 0.606834 0.339178 0.031062 0.017427
1 0.683829 0.359187 0.031062 0.017427
1 0.693054 0.392534 0.031438 0.016566
1 0.69776 0.415985 0.030685 0.016997
1 0.706702 0.446429 0.032756 0.016781
1 0.7532 0.33423 0.028238 0.013985
1 0.756306 0.363059 0.031438 0.016136
1 0.770425 0.392427 0.020143 0.02969
1 0.768355 0.42244 0.030685 0.016566
1 0.780685 0.451484 0.030497 0.016566
1 0.83622 0.400602 0.030497 0.017212
1 0.835467 0.436962 0.028238 0.018503
1 0.069936 0.599398 0.031062 0.021515
1 0.167263 0.576915 0.032568 0.02216
1 0.119729 0.56562 0.035015 0.020654
1 0.213008 0.592405 0.033697 0.02216
1 0.250282 0.588318 0.033697 0.02216
1 0.205384 0.658886 0.036898 0.021299
1 0.167169 0.654583 0.035015 0.020009
1 0.302146 0.560671 0.033509 0.022806
1 0.338855 0.613812 0.040663 0.025387
1 0.404838 0.575409 0.032944 0.02259
1 0.347703 0.691695 0.039157 0.030981
1 0.474209 0.675022 0.041792 0.025172
1 0.466397 0.6179 0.016755 0.041308
1 0.671498 0.628442 0.03238 0.022806
1 0.707643 0.615534 0.036521 0.022806
1 0.654838 0.54787 0.033321 0.025602
1 0.628388 0.543029 0.019578 0.038296
1 0.616152 0.582831 0.036145 0.020654
1 0.618976 0.621988 0.036145 0.020654
1 0.759224 0.633498 0.035392 0.028614
1 0.741717 0.540985 0.036521 0.023021
1 0.826148 0.592298 0.033697 0.021945
2 0.880365 0.531519 0.034074 0.015706
1 0.83895 0.646622 0.035203 0.025172
1 0.617376 0.667384 0.036333 0.027108
