1 0.137331 0.177065 0.027297 0.011618
1 0.170557 0.186317 0.028991 0.010757
1 0.110505 0.217513 0.028991 0.012048
2 0.10448 0.219557 0.035392 0.024742
2 0.15945 0.21321 0.042922 0.010757
1 0.334526 0.114781 0.026732 0.010972
1 0.311841 0.173946 0.030309 0.014845
1 0.28605 0.255271 0.032191 0.015275
1 0.444842 0.071321 0.021461 0.010542
1 0.429029 0.123064 0.026732 0.013769
1 0.421028 0.173408 0.028803 0.01463
1 0.40625 0.255271 0.029744 0.016136
1 0.493223 0.264415 0.032756 0.016351
1 0.594032 0.175022 0.024285 0.010112
1 0.59215 0.209768 0.027297 0.011188
1 0.599586 0.251076 0.028991 0.011188
1 0.654273 0.145439 0.024285 0.011618
1 0.649473 0.196859 0.025226 0.01463
1 0.653803 0.233756 0.027485 0.014415
1 0.66378 0.284639 0.03125 0.013769
1 0.715079 0.208262 0.027673 0.01506
1 0.718468 0.235047 0.025414 0.016566
1 0.727598 0.262156 0.028614 0.020439
1 0.730798 0.294213 0.033886 0.016997
1 0.862293 0.243546 0.030309 0.015491
1 0.895708 0.306153 0.032003 0.016351
1 0.083867 0.36392 0.027297 0.032917
1 0.029744 0.473322 0.035015 0.021515
1 0.189194 0.382745 0.036521 0.016351
1 0.152673 0.464824 0.037651 0.025172
1 0.27692 0.392212 0.036898 0.017212
1 0.251977 0.482573 0.042733 0.026248
1 0.368788 0.48139 0.041792 0.02173
1 0.507436 0.390813 0.037086 0.020009
1 0.501318 0.507207 0.041416 0.02259
1 0.620011 0.39673 0.037462 0.018503
1 0.625471 0.495482 0.039721 0.021515
3 0.0673 0.630486 0.037462 0.016997
1 0.355516 0.697182 0.049887 0.033348
3 0.482304 0.686962 0.123117 0.039587
1 0.636013 0.708907 0.049134 0.031842
1 0.746517 0.648881 0.045369 0.028399
1 0.754047 0.721386 0.049511 0.031411
1 0.831796 0.682014 0.046875 0.027108
1 0.891002 0.675237 0.038404 0.056153
