1 0.305817 0.290985 0.031438 0.012694
1 0.252259 0.262586 0.029367 0.015706
1 0.429688 0.277216 0.033697 0.015706
1 0.40032 0.233326 0.02692 0.012263
1 0.415004 0.160392 0.029179 0.010112
1 0.478916 0.230852 0.026355 0.010327
1 0.521084 0.225688 0.021461 0.012909
1 0.473268 0.27614 0.027861 0.013554
1 0.51779 0.256777 0.029179 0.014845
1 0.663592 0.249892 0.034262 0.016566
1 0.710561 0.245482 0.035956 0.015921
1 0.81363 0.239673 0.036521 0.013339
1 0.759977 0.236876 0.036521 0.0142
1 0.698419 0.195891 0.032756 0.013124
1 0.740682 0.19062 0.032568 0.012909
1 0.646555 0.162113 0.029556 0.013124
1 0.655779 0.200516 0.029556 0.012909
1 0.453125 0.384359 0.035015 0.021299
1 0.384695 0.292276 0.029556 0.013985
1 0.412651 0.193417 0.022967 0.009897
1 0.097703 0.47472 0.026732 0.019148
1 0.154273 0.465469 0.032568 0.017857
1 0.194559 0.463318 0.032568 0.020439
1 0.176581 0.396837 0.035768 0.017857
1 0.230798 0.399742 0.031627 0.01506
1 0.270049 0.400172 0.037086 0.017642
1 0.247176 0.472676 0.03238 0.019363
3 0.401732 0.395977 0.049322 0.02216
1 0.298758 0.467405 0.034262 0.018287
1 0.31363 0.397913 0.03238 0.015706
1 0.350433 0.465469 0.031438 0.021299
1 0.365587 0.406411 0.025226 0.01506
4 0.391943 0.46762 0.043675 0.029045
1 0.452372 0.458584 0.036898 0.019578
1 0.492752 0.486553 0.038968 0.023451
4 0.503577 0.403722 0.041039 0.025172
1 0.556664 0.401463 0.036145 0.023236
1 0.552052 0.447719 0.040098 0.019363
1 0.606834 0.362091 0.039721 0.020224
1 0.626506 0.476979 0.042545 0.025387
4 0.690418 0.46988 0.061182 0.04346
1 0.672534 0.350151 0.041604 0.018287
1 0.735599 0.37855 0.04198 0.017427
4 0.756589 0.467298 0.063253 0.041738
1 0.819654 0.456003 0.045934 0.023451
1 0.856175 0.377582 0.044428 0.021945
1 0.970162 0.351334 0.040474 0.019793
1 0.926017 0.718589 0.064006 0.039587
1 0.948513 0.812285 0.067583 0.043244
1 0.768166 0.808627 0.062312 0.038511
1 0.854386 0.859079 0.067959 0.047763
1 0.817395 0.658025 0.057229 0.031196
1 0.665757 0.689114 0.054782 0.037435
2 0.752165 0.692448 0.040851 0.010972
3 0.6875 0.902324 0.100527 0.053356
3 0.577937 0.820783 0.059864 0.053356
2 0.348268 0.813145 0.053464 0.023021
1 0.069936 0.747741 0.036333 0.029475
1 0.103069 0.777216 0.039721 0.032917
1 0.179876 0.759897 0.032944 0.025818
1 0.220068 0.766674 0.041792 0.028184
1 0.286803 0.790985 0.04311 0.03722
1 0.435053 0.787436 0.050075 0.041738
1 0.504706 0.795288 0.05384 0.037651
1 0.50913 0.658886 0.047628 0.027754
2 0.587444 0.681583 0.035956 0.009466
1 0.437029 0.669535 0.046498 0.026248
1 0.363234 0.679647 0.044239 0.02969
1 0.249247 0.648451 0.039533 0.027969
1 0.307982 0.661682 0.044428 0.041093
1 0.14759 0.640921 0.038027 0.024096
2 0.193148 0.66534 0.042922 0.013985
1 0.102221 0.6463 0.033509 0.024527
4 0.896555 0.364781 0.053276 0.029045
4 0.84488 0.360693 0.048569 0.027324
