3 0.480892 0.166954 0.075866 0.024957
4 0.255553 0.182767 0.046499 0.049269
4 0.397026 0.126398 0.044051 0.042814
3 0.203784 0.208154 0.058547 0.020869
3 0.595068 0.085736 0.075678 0.029475
3 0.590456 0.164157 0.071348 0.025818
4 0.671781 0.179109 0.05064 0.050559
4 0.816171 0.196106 0.030685 0.038941
4 0.90145 0.210198 0.02805 0.039157
4 0.930064 0.216437 0.032191 0.046902
4 0.974586 0.22117 0.028614 0.035714
3 0.846856 0.145116 0.033321 0.063898
3 0.244352 0.384359 0.065136 0.025602
3 0.31956 0.383498 0.045745 0.018718
3 0.32163 0.413619 0.049134 0.018718
3 0.387519 0.414157 0.046498 0.01506
3 0.460373 0.429217 0.032568 0.01506
4 0.499247 0.418567 0.036145 0.03679
4 0.546404 0.439114 0.04311 0.04389
3 0.555817 0.385004 0.041604 0.019148
4 0.548758 0.349613 0.032003 0.027969
4 0.61907 0.345202 0.034827 0.035929
4 0.629706 0.423838 0.042922 0.04475
4 0.750565 0.395546 0.03878 0.043675
3 0.751788 0.439867 0.032944 0.023021
4 0.809959 0.354561 0.036709 0.045181
4 0.886107 0.37102 0.033886 0.043244
3 0.390813 0.327238 0.062124 0.024527
4 0.104575 0.400387 0.032568 0.035284
4 0.112952 0.447074 0.034639 0.034423
4 0.911145 0.427388 0.028991 0.032917
