1 0.014543 0.340865 0.029087 0.022115
4 0.022356 0.128205 0.029808 0.015385
4 0.075841 0.12516 0.023798 0.01891
4 0.052524 0.034615 0.030048 0.016026
4 0.012139 0.043269 0.023798 0.015385
4 0.09988 0.040385 0.025721 0.015385
1 0.131971 0.569231 0.038462 0.025641
1 0.198918 0.639263 0.041587 0.026603
1 0.350841 0.528526 0.039183 0.025
1 0.42476 0.590705 0.0375 0.023718
1 0.52524 0.600962 0.036538 0.023077
1 0.626202 0.597115 0.038462 0.024359
4 0.671154 0.538301 0.029808 0.028526
1 0.674279 0.514103 0.033654 0.022436
1 0.739543 0.497276 0.036779 0.021474
1 0.738341 0.597436 0.038221 0.026282
4 0.801803 0.559776 0.03101 0.024679
1 0.813341 0.671154 0.036298 0.025641
1 0.881731 0.614103 0.037019 0.025
4 0.958774 0.642468 0.034856 0.025962
1 0.954808 0.534295 0.0375 0.019872
4 0.900481 0.411058 0.030769 0.020192
4 0.813702 0.392147 0.029808 0.020833
1 0.734014 0.372115 0.034856 0.019231
4 0.620793 0.410256 0.028125 0.021795
4 0.535216 0.392628 0.027163 0.020513
4 0.454567 0.349359 0.026923 0.019872
4 0.272837 0.389904 0.030288 0.022115
1 0.302764 0.351603 0.033894 0.019872
1 0.21887 0.325641 0.034375 0.01859
1 0.119832 0.333654 0.034856 0.021154
1 0.278125 0.167308 0.032212 0.01859
1 0.347837 0.134295 0.027885 0.015385
1 0.292428 0.064263 0.028125 0.013141
1 0.39988 0.047917 0.020913 0.016346
1 0.453726 0.194872 0.030048 0.017308
4 0.697596 0.204167 0.024519 0.021154
4 0.689904 0.119391 0.024519 0.014423
4 0.682212 0.046635 0.022115 0.014423
4 0.614062 0.050321 0.022356 0.014103
1 0.61262 0.096955 0.027163 0.018269
1 0.559375 0.093269 0.025962 0.014103
1 0.563221 0.158494 0.023077 0.017628
4 0.864664 0.205288 0.026442 0.016346
4 0.851562 0.129006 0.023317 0.015705
1 0.623077 0.179487 0.028365 0.016667
