0 0.373197 0.165865 0.059375 0.035577
1 0.241346 0.348718 0.01875 0.010256
1 0.383654 0.346154 0.016827 0.009615
1 0.655889 0.324038 0.022837 0.014103
1 0.341346 0.356891 0.016346 0.009936
1 0.187139 0.453205 0.025721 0.014744
1 0.1625 0.511218 0.030769 0.023077
1 0.204207 0.520673 0.027644 0.017628
1 0.180649 0.545192 0.026202 0.014103
1 0.289062 0.492147 0.02524 0.014423
1 0.370793 0.42532 0.022356 0.010897
1 0.379567 0.473718 0.023558 0.010256
1 0.405409 0.432372 0.021875 0.010256
2 0.349159 0.503365 0.03726 0.008654
1 0.484856 0.451603 0.022115 0.010256
1 0.484495 0.503045 0.023317 0.011859
1 0.443029 0.518109 0.024038 0.0125
1 0.440986 0.54375 0.02476 0.013141
1 0.547236 0.497917 0.02476 0.015064
1 0.563822 0.461218 0.011779 0.020513
1 0.665745 0.495353 0.02524 0.013782
1 0.120913 0.658814 0.033654 0.024679
1 0.235337 0.7 0.03125 0.019872
2 0.240986 0.652724 0.044952 0.013141
1 0.236058 0.75593 0.032692 0.020192
1 0.327644 0.772756 0.024519 0.019231
1 0.236058 0.808814 0.032692 0.020192
1 0.130529 0.817468 0.033654 0.019551
1 0.072716 0.850801 0.030048 0.022115
1 0.099159 0.738141 0.03149 0.025
1 0.147476 0.770032 0.033894 0.027244
1 0.189784 0.865545 0.028125 0.021474
1 0.260457 0.846635 0.03149 0.020833
1 0.313942 0.836378 0.031731 0.021474
1 0.335577 0.702083 0.029327 0.018269
1 0.446154 0.695994 0.027404 0.018269
1 0.496514 0.802083 0.030048 0.020833
1 0.578846 0.70641 0.028365 0.017949
1 0.60637 0.765385 0.02524 0.022436
1 0.608774 0.826923 0.024279 0.022436
1 0.598438 0.875641 0.030048 0.024359
1 0.67512 0.884936 0.032452 0.022436
1 0.719591 0.664263 0.028606 0.016346
1 0.710337 0.735417 0.031731 0.017628
1 0.746514 0.865064 0.03101 0.03141
2 0.401683 0.715545 0.014423 0.054808
4 0.640625 0.548237 0.025481 0.00609
4 0.684375 0.544391 0.025481 0.00609
4 0.542067 0.872596 0.028846 0.008013
4 0.731731 0.760737 0.029808 0.008654
4 0.495312 0.756731 0.027163 0.007051
4 0.452284 0.727083 0.028125 0.008013
4 0.394111 0.864744 0.030048 0.008333
4 0.430649 0.791346 0.00649 0.026282
4 0.315385 0.861859 0.032212 0.010256
4 0.111779 0.683494 0.031731 0.009936
4 0.766827 0.854968 0.031731 0.009936
4 0.384135 0.78782 0.034615 0.008974
