0 0.086973 0.305723 0.044428 0.060241
0 0.1282 0.290985 0.051205 0.056583
0 0.181194 0.284208 0.062312 0.049484
0 0.100151 0.348537 0.046687 0.05852
0 0.150226 0.341545 0.06137 0.052711
0 0.385166 0.204712 0.063253 0.057444
0 0.385825 0.271622 0.0657 0.057014
0 0.491434 0.262156 0.06683 0.055293
0 0.476186 0.19858 0.066453 0.055938
0 0.685053 0.203313 0.071536 0.052926
0 0.754989 0.194385 0.07323 0.054862
0 0.770425 0.247526 0.073983 0.054002
0 0.699642 0.256239 0.073607 0.055508
4 0.417357 0.49957 0.009036 0.006024
4 0.431852 0.563361 0.010166 0.00667
4 0.517037 0.546472 0.01073 0.009466
4 0.506777 0.472892 0.009789 0.009036
4 0.63959 0.462349 0.009601 0.009036
4 0.65192 0.524527 0.009789 0.009036
4 0.75593 0.456971 0.009601 0.009036
4 0.765531 0.517212 0.009601 0.009036
4 0.859093 0.498817 0.009601 0.009251
4 0.831043 0.44191 0.009601 0.009036
4 0.312877 0.734832 0.010542 0.009251
4 0.412462 0.711596 0.010542 0.009251
4 0.502636 0.700301 0.010542 0.009466
4 0.511672 0.767319 0.010542 0.009251
4 0.606551 0.753227 0.010542 0.009466
4 0.590926 0.682014 0.010542 0.009466
4 0.713291 0.734509 0.010542 0.009466
4 0.788027 0.650925 0.010542 0.009251
4 0.808735 0.713533 0.010542 0.009251
4 0.071724 0.597569 0.010166 0.00667
