0 0.083114 0.333369 0.046875 0.056153
0 0.081325 0.380056 0.044428 0.060456
0 0.130836 0.363059 0.053464 0.06562
0 0.129236 0.31293 0.055911 0.057874
0 0.183076 0.296687 0.060053 0.048623
0 0.340173 0.254841 0.057229 0.068201
0 0.367752 0.303356 0.062688 0.072719
0 0.416604 0.227517 0.064759 0.056583
0 0.56363 0.224182 0.067771 0.063683
0 0.627071 0.206218 0.072289 0.057014
0 0.69183 0.199333 0.072289 0.047978
0 0.604575 0.265168 0.0657 0.062608
0 0.670651 0.257638 0.070218 0.053141
0 0.895614 0.131347 0.077748 0.053571
0 0.975056 0.129518 0.049887 0.051635
0 0.920651 0.196966 0.082267 0.053141
