4 0.663498 0.634574 0.047628 0.035499
4 0.673287 0.684488 0.049134 0.034639
4 0.733434 0.63565 0.045557 0.033348
4 0.742188 0.68352 0.047628 0.034854
4 0.827372 0.739996 0.051205 0.037651
2 0.594974 0.649419 0.041227 0.015275
2 0.526261 0.678679 0.04311 0.016566
2 0.539062 0.631777 0.040851 0.013985
2 0.467432 0.783778 0.040663 0.015921
2 0.465173 0.829819 0.042922 0.01506
2 0.186182 0.801743 0.037651 0.013124
2 0.192395 0.671472 0.033133 0.011618
2 0.1891 0.711812 0.03558 0.010972
2 0.189665 0.756132 0.035203 0.010112
2 0.134507 0.819277 0.021273 0.006885
2 0.02099 0.759789 0.027297 0.016997
2 0.048475 0.77216 0.019014 0.009897
2 0.139025 0.794428 0.022026 0.0071
2 0.139213 0.770116 0.018637 0.00753
2 0.455949 0.746988 0.025226 0.008606
2 0.402297 0.70654 0.021837 0.006454
3 0.402579 0.825086 0.063065 0.018503
3 0.852974 0.788511 0.08622 0.031842
3 0.861728 0.642104 0.083773 0.029475
3 0.945218 0.653399 0.040286 0.013769
