1 0.071348 0.198795 0.042169 0.026248
1 0.115964 0.192126 0.041416 0.036575
1 0.058264 0.142642 0.038215 0.027108
1 0.09648 0.127797 0.042357 0.034423
1 0.049605 0.077883 0.040851 0.032272
1 0.09488 0.064759 0.043675 0.03012
1 0.229763 0.093589 0.040851 0.027108
1 0.277297 0.09929 0.045557 0.026893
1 0.183076 0.153937 0.038215 0.025172
1 0.362858 0.027001 0.048381 0.041954
1 0.506965 0.03636 0.044804 0.032272
4 0.512707 0.083907 0.080008 0.061962
4 0.359846 0.096063 0.055535 0.097892
1 0.760825 0.138447 0.040851 0.026033
1 0.753388 0.187823 0.036145 0.031842
1 0.825207 0.188361 0.037086 0.029475
1 0.829631 0.143395 0.037274 0.029475
1 0.921687 0.110047 0.035392 0.025602
1 0.916604 0.171902 0.03238 0.02926
