1 0.08189 0.569815 0.026355 0.019148
1 0.071913 0.603163 0.026355 0.019148
1 0.059394 0.64006 0.026167 0.019793
1 0.051111 0.767534 0.029932 0.027324
1 0.167545 0.783348 0.033133 0.027108
1 0.177805 0.741287 0.031438 0.025172
1 0.188912 0.697719 0.032191 0.025387
1 0.199078 0.655981 0.031062 0.022375
1 0.241623 0.706971 0.033697 0.024957
1 0.251412 0.663296 0.032568 0.024527
1 0.358434 0.564006 0.030497 0.02216
1 0.478822 0.567341 0.031438 0.018072
1 0.560712 0.576377 0.028803 0.017212
1 0.519767 0.620805 0.03012 0.020009
1 0.532474 0.680185 0.032944 0.020869
1 0.524379 0.737414 0.034074 0.027324
1 0.520802 0.796687 0.035203 0.023666
1 0.637895 0.730099 0.033697 0.02173
1 0.634507 0.687823 0.034074 0.018933
1 0.829349 0.835628 0.034827 0.022375
1 0.814006 0.757638 0.035392 0.020869
1 0.902485 0.621665 0.030873 0.020009
1 0.918863 0.688038 0.032003 0.019793
1 0.938065 0.758176 0.033509 0.021945
1 0.952937 0.83423 0.032003 0.023021
1 0.957361 0.60241 0.027673 0.018072
1 0.972986 0.646837 0.028803 0.018718
1 0.989458 0.696536 0.021084 0.019578
