2 0.328596 0.222139 0.083773 0.024312
1 0.688535 0.242577 0.025791 0.011403
1 0.163874 0.519793 0.023908 0.016351
1 0.209055 0.464931 0.028803 0.01506
1 0.279838 0.43309 0.027673 0.01506
1 0.45369 0.447289 0.029367 0.01463
1 0.457455 0.480744 0.027861 0.015706
1 0.464703 0.519471 0.028803 0.016997
1 0.513178 0.418997 0.027485 0.013985
1 0.511107 0.458907 0.029368 0.01506
1 0.522684 0.520977 0.030309 0.016997
1 0.509695 0.489565 0.029556 0.016566
1 0.5625 0.44858 0.029744 0.015491
4 0.557794 0.427926 0.041416 0.024957
1 0.569936 0.519578 0.031438 0.017212
4 0.564571 0.496235 0.044428 0.027754
1 0.623588 0.41222 0.029932 0.013769
1 0.63253 0.482573 0.03012 0.016781
1 0.69663 0.432982 0.029932 0.015275
1 0.706325 0.515706 0.032756 0.018072
1 0.778709 0.427388 0.029932 0.016136
1 0.108622 0.581325 0.027861 0.015921
1 0.131024 0.584768 0.024473 0.015921
1 0.126506 0.617362 0.026732 0.021299
1 0.133566 0.643395 0.029932 0.018718
1 0.16378 0.591652 0.027861 0.017642
2 0.176393 0.634251 0.041039 0.010327
1 0.224586 0.718696 0.030873 0.02259
1 0.283886 0.724613 0.033886 0.024096
1 0.32436 0.595848 0.032003 0.020009
1 0.362105 0.627797 0.032568 0.019793
1 0.378765 0.726119 0.035015 0.023666
1 0.478727 0.658133 0.035015 0.023236
2 0.542169 0.677065 0.058358 0.009897
1 0.585938 0.731067 0.036709 0.023236
1 0.681382 0.621988 0.03445 0.019363
1 0.685712 0.674591 0.034827 0.020869
1 0.694842 0.7287 0.035768 0.021945
1 0.759036 0.607788 0.03238 0.019793
1 0.769108 0.66889 0.03558 0.021515
1 0.772026 0.726657 0.035392 0.021299
1 0.047816 0.576269 0.021461 0.034208
1 0.577749 0.626614 0.035015 0.020009
