1 0.419522 0.161252 0.025791 0.011833
1 0.352033 0.200731 0.027485 0.012478
2 0.271367 0.404152 0.057041 0.012263
2 0.343468 0.472354 0.075489 0.013985
2 0.215361 0.483111 0.062876 0.013985
2 0.353445 0.373817 0.068712 0.012263
1 0.589891 0.379088 0.031438 0.015921
1 0.594032 0.432659 0.032944 0.018072
1 0.599021 0.488705 0.035015 0.019578
1 0.534356 0.394363 0.031438 0.015921
1 0.073042 0.653722 0.03238 0.024312
1 0.055911 0.788081 0.032756 0.021945
1 0.177805 0.718804 0.033321 0.024527
1 0.290663 0.70611 0.035768 0.023236
1 0.442865 0.696429 0.037839 0.021515
2 0.251035 0.61392 0.044616 0.014845
1 0.406721 0.621558 0.036333 0.025818
3 0.559488 0.754626 0.075678 0.020869
1 0.76939 0.582294 0.035015 0.023881
1 0.840832 0.575409 0.034074 0.02259
1 0.85834 0.645654 0.034827 0.024096
1 0.848833 0.734079 0.036521 0.028399
2 0.778144 0.659746 0.057041 0.017427
2 0.92131 0.644901 0.038404 0.012694
2 0.856175 0.410392 0.049322 0.013985
1 0.984846 0.545396 0.02805 0.020654
