0 0.053652 0.103916 0.075678 0.060241
0 0.038215 0.159854 0.075301 0.064114
0 0.245482 0.112091 0.082455 0.05809
0 0.409544 0.120159 0.082643 0.063898
0 0.606175 0.143395 0.077184 0.063038
0 0.755271 0.15738 0.075301 0.059596
0 0.900602 0.181583 0.055723 0.070998
1 0.038215 0.465899 0.03125 0.017427
1 0.381306 0.4517 0.031815 0.016566
1 0.529838 0.387371 0.031438 0.017857
1 0.533886 0.459337 0.031626 0.016781
1 0.520237 0.535714 0.032568 0.021945
1 0.667545 0.460628 0.030497 0.016351
1 0.658509 0.533778 0.03012 0.018072
1 0.765907 0.462027 0.026544 0.018287
1 0.773438 0.537543 0.02805 0.016997
1 0.812029 0.458799 0.02692 0.018718
1 0.851092 0.525925 0.027485 0.023451
0 0.222609 0.469126 0.022026 0.017427
1 0.392225 0.53636 0.032191 0.018503
