4 0.194231 0.799359 0.035096 0.024359
4 0.10012 0.764263 0.033413 0.024038
1 0.085938 0.732372 0.026683 0.035897
4 0.052163 0.852885 0.037981 0.026282
4 0.273558 0.796955 0.030288 0.03109
1 0.205529 0.761378 0.035577 0.021474
1 0.285337 0.760577 0.035096 0.019231
4 0.436779 0.7875 0.028365 0.025641
1 0.588942 0.745513 0.032212 0.019872
1 0.585096 0.683333 0.031731 0.019231
4 0.606731 0.641827 0.026442 0.01891
1 0.594471 0.583654 0.028365 0.016667
1 0.686058 0.578205 0.030769 0.016026
4 0.625601 0.820353 0.029567 0.025962
4 0.978005 0.624519 0.03149 0.011218
1 0.871875 0.620192 0.031731 0.016026
4 0.857572 0.584776 0.028606 0.016346
1 0.854447 0.569391 0.03149 0.013782
1 0.760096 0.590865 0.030769 0.015064
1 0.787981 0.641506 0.032212 0.021474
1 0.797957 0.703846 0.033894 0.017949
1 0.802644 0.753526 0.035096 0.021154
1 0.824639 0.825962 0.03774 0.022436
1 0.917187 0.815064 0.036779 0.019231
1 0.895673 0.748878 0.034615 0.019551
1 0.880048 0.692468 0.033654 0.017628
1 0.726202 0.816667 0.035577 0.025
1 0.701322 0.744872 0.032933 0.026923
1 0.697836 0.691506 0.031731 0.020833
1 0.691226 0.63125 0.031971 0.016346
4 0.209255 0.445192 0.028125 0.016667
4 0.238582 0.384135 0.02476 0.015705
4 0.310577 0.441667 0.023077 0.012179
4 0.3 0.39375 0.023558 0.014423
4 0.311298 0.341186 0.022596 0.013782
4 0.379567 0.322276 0.020673 0.011859
4 0.373798 0.373878 0.021154 0.013141
4 0.366587 0.444391 0.022596 0.013782
4 0.441827 0.457532 0.023077 0.015064
4 0.451082 0.400962 0.020913 0.012179
4 0.461058 0.363462 0.020192 0.010256
4 0.602043 0.360577 0.020433 0.012179
1 0.596274 0.283814 0.022837 0.010577
1 0.586178 0.31234 0.022356 0.0125
4 0.615024 0.421795 0.021875 0.014103
4 0.68738 0.442147 0.024279 0.014423
4 0.761659 0.422276 0.02476 0.015705
4 0.923438 0.45657 0.024279 0.015064
4 0.890505 0.396795 0.021875 0.011538
4 0.860337 0.35 0.021635 0.012821
4 0.929087 0.341827 0.024038 0.011859
4 0.917188 0.317788 0.022837 0.013782
4 0.967548 0.329006 0.023558 0.013141
4 0.986899 0.379968 0.022837 0.013141
4 0.942067 0.38125 0.024038 0.011859
4 0.961659 0.421955 0.024279 0.016346
4 0.982933 0.460737 0.025 0.015064
4 0.990144 0.489263 0.019712 0.015064
4 0.537861 0.354808 0.013221 0.012179
5 0.461538 0.34391 0.032692 0.007692
4 0.216346 0.666026 0.030769 0.020513
