1 0.121706 0.344449 0.045745 0.021945
1 0.137331 0.305615 0.042357 0.020009
1 0.086408 0.402969 0.044804 0.022375
1 0.143919 0.385972 0.037839 0.024096
1 0.180064 0.381347 0.038215 0.023021
1 0.253765 0.383283 0.039157 0.023021
1 0.33895 0.345848 0.041604 0.020009
1 0.33942 0.375645 0.040663 0.020654
1 0.439477 0.351441 0.041604 0.025172
1 0.491246 0.335306 0.036709 0.017857
1 0.516566 0.422225 0.036898 0.02216
1 0.589138 0.369191 0.034827 0.023666
3 0.664627 0.393825 0.032191 0.014415
3 0.668392 0.413834 0.034827 0.017427
4 0.886107 0.431261 0.033886 0.035069
1 0.948419 0.436962 0.03238 0.021084
1 0.918769 0.348214 0.029932 0.016997
1 0.984093 0.434273 0.031438 0.020439
1 0.942959 0.338748 0.024096 0.033348
1 0.129612 0.651786 0.048381 0.031627
1 0.14872 0.545719 0.047063 0.028614
1 0.240305 0.510219 0.044992 0.028614
1 0.343468 0.569492 0.048005 0.026678
1 0.351562 0.49957 0.028426 0.045611
3 0.573795 0.548623 0.04744 0.018503
1 0.579537 0.660392 0.048381 0.029905
1 0.628859 0.612629 0.049511 0.032487
1 0.710467 0.657487 0.050828 0.027108
1 0.761201 0.663834 0.040851 0.028614
1 0.787462 0.643718 0.026732 0.054217
1 0.73494 0.515706 0.036145 0.022375
1 0.781156 0.524634 0.037462 0.023881
1 0.906532 0.654905 0.04198 0.026248
