1 0.72308 0.548946 0.018825 0.012263
1 0.848927 0.553034 0.025414 0.013985
1 0.284262 0.66222 0.028238 0.018072
1 0.27419 0.730099 0.029556 0.016566
1 0.145331 0.717083 0.026732 0.018072
1 0.178087 0.716975 0.024473 0.019578
1 0.163027 0.662328 0.02372 0.015275
1 0.194654 0.666954 0.025602 0.017642
1 0.208584 0.616287 0.024096 0.015706
1 0.896932 0.724182 0.036709 0.032272
1 0.90738 0.77614 0.038027 0.032487
1 0.941171 0.74204 0.027297 0.018503
1 0.141849 0.468481 0.023908 0.013124
1 0.125941 0.513124 0.022967 0.012478
1 0.180723 0.46676 0.02259 0.012694
1 0.159827 0.517427 0.022967 0.012048
1 0.209714 0.472139 0.021461 0.010972
1 0.197854 0.517104 0.022214 0.012694
1 0.246611 0.479669 0.021837 0.011833
1 0.227692 0.525172 0.022402 0.01463
1 0.086408 0.633929 0.024473 0.016566
