2 0.360693 0.108972 0.062877 0.013124
2 0.340738 0.159208 0.067395 0.012048
2 0.315041 0.219234 0.075113 0.012909
2 0.283227 0.294428 0.083396 0.013124
4 0.313818 0.4929 0.035768 0.035284
4 0.307417 0.529152 0.035768 0.035499
4 0.361163 0.515813 0.038968 0.038081
4 0.350904 0.535607 0.029367 0.020439
4 0.110787 0.616717 0.030685 0.02173
4 0.161427 0.626076 0.031815 0.023666
4 0.166792 0.687715 0.054593 0.03636
4 0.142037 0.716007 0.031438 0.027969
4 0.198607 0.69105 0.021461 0.022375
4 0.219126 0.712564 0.03238 0.026248
1 0.256495 0.722354 0.033321 0.026893
4 0.35448 0.696321 0.036898 0.030336
4 0.340832 0.74204 0.034074 0.03012
4 0.488234 0.714501 0.032568 0.026248
4 0.485975 0.758283 0.032568 0.027324
4 0.551581 0.762371 0.033509 0.027324
4 0.543204 0.695891 0.033321 0.027324
4 0.543675 0.666308 0.033133 0.027539
4 0.538498 0.63963 0.031815 0.026248
4 0.621423 0.640813 0.03125 0.024742
4 0.643919 0.685994 0.032568 0.03722
4 0.686182 0.693201 0.03238 0.027539
4 0.679593 0.74333 0.03238 0.027539
4 0.714985 0.74688 0.034262 0.029905
1 0.435335 0.732573 0.038968 0.025387
3 0.302993 0.701054 0.038215 0.016136
3 0.305252 0.688253 0.039721 0.015491
