0 0.026683 0.244391 0.053365 0.04968
0 0.335577 0.251923 0.083654 0.053205
0 0.316707 0.305288 0.086298 0.052244
0 0.69351 0.204808 0.078846 0.050641
1 0.365144 0.594231 0.029808 0.01859
1 0.220312 0.567308 0.029087 0.016026
1 0.11899 0.505609 0.026923 0.018269
4 0.080048 0.540545 0.052404 0.034936
1 0.963462 0.729327 0.037981 0.021474
1 0.847716 0.720513 0.03726 0.021154
2 0.701202 0.760256 0.107212 0.022436
1 0.573317 0.795994 0.033173 0.023397
2 0.554447 0.707212 0.105048 0.026603
1 0.460216 0.745673 0.033413 0.033013
1 0.38726 0.751603 0.032212 0.022436
1 0.31262 0.717628 0.032933 0.022436
2 0.145312 0.77468 0.066106 0.016667
1 0.153966 0.716346 0.031971 0.020513
2 0.184856 0.698718 0.098077 0.024359
4 0.282452 0.82532 0.042788 0.036538
4 0.404087 0.83718 0.038462 0.039744
4 0.442788 0.842788 0.037981 0.036218
1 0.013462 0.696795 0.026923 0.037179
1 0.598438 0.603045 0.03149 0.022115
