1 0.033321 0.49247 0.020331 0.011188
1 0.016378 0.53281 0.021837 0.012694
1 0.050546 0.536898 0.020143 0.013124
1 0.066642 0.494621 0.021084 0.013339
1 0.103069 0.497203 0.021273 0.012479
1 0.092432 0.520009 0.021461 0.013339
1 0.121988 0.541631 0.023343 0.014845
1 0.146367 0.475688 0.021273 0.011618
1 0.159262 0.545073 0.021461 0.015706
1 0.226845 0.550775 0.025226 0.01506
1 0.23494 0.501721 0.024473 0.013769
1 0.283133 0.479884 0.02372 0.013124
1 0.28012 0.523236 0.024849 0.016351
1 0.320877 0.475258 0.023155 0.0142
1 0.316077 0.557552 0.026355 0.013985
1 0.350151 0.530013 0.024096 0.013985
1 0.376412 0.530443 0.024285 0.015706
1 0.401544 0.528507 0.026732 0.021299
1 0.42291 0.537113 0.024285 0.013124
1 0.49294 0.563683 0.025038 0.01463
1 0.653614 0.534961 0.024849 0.013554
1 0.658038 0.57315 0.024661 0.0142
1 0.730892 0.576915 0.026167 0.014845
1 0.19776 0.601979 0.025791 0.017212
1 0.221856 0.648666 0.027297 0.015491
1 0.335279 0.616717 0.016943 0.029905
1 0.319748 0.66932 0.027297 0.017212
1 0.356739 0.661898 0.028614 0.019148
1 0.389119 0.647913 0.027108 0.016566
1 0.563535 0.63608 0.02692 0.016566
1 0.539345 0.644686 0.013178 0.032057
1 0.645049 0.687285 0.016755 0.033778
1 0.777862 0.655013 0.016566 0.031626
1 0.787745 0.691695 0.018261 0.033132
1 0.129612 0.672225 0.024661 0.012694
0 0.894484 0.413726 0.072854 0.050775
