1 0.101683 0.228365 0.028365 0.017628
1 0.282572 0.239744 0.02524 0.016026
1 0.315986 0.247276 0.025721 0.015064
1 0.344591 0.245513 0.02476 0.014744
1 0.370793 0.245513 0.025721 0.014103
1 0.36262 0.186218 0.02476 0.014744
1 0.328245 0.184455 0.026202 0.016346
1 0.324399 0.13141 0.024279 0.012179
1 0.326322 0.07516 0.023798 0.013782
1 0.408173 0.20625 0.024519 0.015064
1 0.400841 0.248077 0.023798 0.012821
1 0.367668 0.128205 0.024279 0.013462
1 0.39976 0.125962 0.024519 0.015385
1 0.400841 0.075481 0.023317 0.014423
1 0.429087 0.076122 0.023558 0.014423
1 0.427644 0.129647 0.022115 0.013782
1 0.454327 0.134455 0.022596 0.011859
1 0.451563 0.186058 0.023798 0.013141
1 0.453486 0.087821 0.021875 0.012179
1 0.428125 0.247917 0.025962 0.018269
1 0.453966 0.248077 0.025721 0.019231
1 0.503846 0.088782 0.023558 0.012821
1 0.530048 0.089103 0.022115 0.011538
1 0.534736 0.143109 0.023317 0.0125
1 0.508534 0.14359 0.022356 0.012821
1 0.528125 0.184135 0.020673 0.013141
1 0.553486 0.192468 0.02476 0.014423
1 0.580649 0.194071 0.020913 0.013141
1 0.603606 0.192788 0.024519 0.014423
1 0.587861 0.141506 0.024279 0.013141
1 0.559856 0.135897 0.022115 0.012179
1 0.611779 0.140385 0.022596 0.012821
1 0.63762 0.141186 0.023798 0.013782
1 0.510697 0.250801 0.02476 0.014423
1 0.538582 0.248878 0.02476 0.013782
1 0.565625 0.248237 0.024519 0.014423
1 0.593149 0.249359 0.024279 0.014103
1 0.652885 0.246635 0.024519 0.013782
1 0.621875 0.250641 0.024519 0.013462
1 0.678966 0.251763 0.023798 0.013141
1 0.705168 0.250962 0.025721 0.020513
1 0.732692 0.254968 0.024519 0.013782
1 0.760577 0.254167 0.024519 0.014103
1 0.739664 0.197115 0.024519 0.014103
1 0.711899 0.195833 0.026683 0.015385
1 0.686058 0.203205 0.024038 0.013462
1 0.658654 0.198718 0.024038 0.014744
1 0.633894 0.194712 0.024519 0.014423
1 0.66262 0.144872 0.022356 0.012821
1 0.688341 0.153045 0.022356 0.0125
1 0.712019 0.145833 0.023077 0.014103
1 0.705529 0.092468 0.024038 0.014423
1 0.680288 0.099038 0.023077 0.012179
1 0.655048 0.088462 0.024038 0.013462
1 0.631731 0.090705 0.023558 0.012179
1 0.605769 0.088782 0.025 0.014103
1 0.58113 0.08734 0.023798 0.013782
1 0.555288 0.090064 0.023558 0.011538
1 0.351803 0.371635 0.028125 0.016346
1 0.753245 0.413462 0.01851 0.012821
2 0.783654 0.540064 0.043269 0.010256
2 0.732572 0.538622 0.040144 0.009295
2 0.632692 0.543269 0.039904 0.009615
2 0.682692 0.540865 0.039904 0.009295
1 0.436178 0.771635 0.03149 0.024038
1 0.635697 0.769872 0.030529 0.021795
1 0.733413 0.765224 0.030288 0.022756
1 0.791586 0.765865 0.029808 0.024038
4 0.535938 0.684455 0.026202 0.033013
