1 0.452284 0.851122 0.04399 0.032372
1 0.571154 0.83734 0.035096 0.030449
1 0.664423 0.872917 0.044712 0.030449
1 0.85649 0.863782 0.049519 0.028846
5 0.849159 0.82468 0.057933 0.046154
1 0.934736 0.755449 0.047356 0.026923
1 0.788702 0.758494 0.045192 0.025321
1 0.631731 0.784135 0.040385 0.026603
1 0.46238 0.751122 0.021875 0.048397
1 0.213942 0.826282 0.047596 0.027564
1 0.245913 0.742628 0.044231 0.039744
1 0.083654 0.83109 0.042788 0.039103
1 0.084495 0.873558 0.049279 0.026603
5 0.075361 0.728846 0.050721 0.033974
2 0.891707 0.55625 0.061779 0.017628
1 0.878365 0.482532 0.037019 0.017628
1 0.823558 0.551603 0.036058 0.023718
1 0.918149 0.577244 0.039183 0.020513
1 0.783774 0.615385 0.027163 0.038462
1 0.646514 0.561859 0.038221 0.025
1 0.642788 0.458494 0.035096 0.017628
1 0.499038 0.569551 0.034615 0.020513
1 0.450841 0.505128 0.033894 0.017949
1 0.411418 0.5875 0.034856 0.025641
1 0.35 0.579487 0.0375 0.027564
1 0.353606 0.496795 0.029808 0.020513
1 0.278365 0.567628 0.018269 0.035897
1 0.139784 0.569872 0.041106 0.021795
3 0.033894 0.462821 0.033173 0.008333
0 0.51875 0.266026 0.091346 0.062821
0 0.817188 0.260577 0.097356 0.044231
