2 0.814383 0.65824 0.05497 0.012694
1 0.922346 0.764307 0.03445 0.020869
1 0.933547 0.78636 0.037651 0.020654
1 0.942865 0.827453 0.033697 0.022375
1 0.853727 0.824441 0.036898 0.021515
1 0.781062 0.824548 0.037651 0.024742
1 0.835373 0.759359 0.037462 0.020009
1 0.92084 0.730529 0.037839 0.023021
2 0.415098 0.600796 0.024473 0.00753
1 0.404179 0.755486 0.035768 0.024742
1 0.410392 0.793352 0.034639 0.023881
1 0.40305 0.824763 0.035015 0.026893
1 0.44776 0.831648 0.035203 0.023881
1 0.535768 0.827453 0.034639 0.022375
1 0.583396 0.818739 0.035015 0.023021
1 0.599021 0.78991 0.03238 0.020869
1 0.59535 0.751076 0.032191 0.021515
1 0.632248 0.763877 0.01939 0.040232
1 0.588855 0.692879 0.01506 0.027324
