2 0.246514 0.128686 0.047356 0.014423
2 0.238341 0.245994 0.053606 0.018269
0 0.367428 0.271154 0.069952 0.059615
0 0.608654 0.342468 0.067788 0.055449
4 0.213101 0.532051 0.021875 0.01859
4 0.288942 0.522115 0.020673 0.017949
4 0.378365 0.517628 0.020192 0.017308
4 0.480048 0.534936 0.020192 0.017949
4 0.80012 0.490865 0.020433 0.017628
4 0.814904 0.547917 0.023077 0.017628
4 0.859014 0.547596 0.021394 0.01891
4 0.98137 0.558494 0.020913 0.015064
4 0.966827 0.726763 0.025 0.022115
4 0.897115 0.732692 0.025 0.022436
4 0.847115 0.703205 0.021154 0.022436
4 0.879688 0.663622 0.023317 0.017628
4 0.732692 0.731731 0.025962 0.021795
4 0.729447 0.68093 0.022837 0.018269
4 0.640385 0.683654 0.022115 0.016667
4 0.639904 0.733654 0.023558 0.020513
4 0.564183 0.711378 0.022596 0.019551
4 0.469591 0.720994 0.022837 0.020192
4 0.374038 0.715064 0.022596 0.021795
4 0.284856 0.713622 0.023077 0.022115
4 0.574279 0.659776 0.022596 0.019551
