3 0.089663 0.256891 0.036538 0.016987
3 0.157091 0.255609 0.031971 0.016346
4 0.383173 0.255449 0.022596 0.011538
1 0.407091 0.260897 0.02476 0.012179
4 0.516226 0.263622 0.020433 0.011859
1 0.611298 0.265545 0.023558 0.009936
1 0.733654 0.231891 0.022596 0.011859
1 0.810336 0.290385 0.026923 0.013462
1 0.805889 0.229968 0.023317 0.009295
4 0.190385 0.385577 0.027404 0.017308
1 0.475601 0.397596 0.02524 0.0125
1 0.547596 0.401122 0.026923 0.018269
1 0.667308 0.38141 0.017788 0.027564
1 0.725361 0.351923 0.028125 0.013462
1 0.729086 0.391506 0.028365 0.013141
1 0.732452 0.420673 0.029327 0.014423
1 0.932572 0.394712 0.02524 0.027244
1 0.165986 0.570513 0.034375 0.016667
1 0.221514 0.607853 0.030529 0.024679
4 0.092788 0.803205 0.033654 0.029487
4 0.212019 0.811058 0.036058 0.032372
4 0.216466 0.780609 0.034856 0.031731
1 0.263341 0.23766 0.026202 0.015064
