1 0.049416 0.692233 0.025038 0.02216
1 0.127071 0.777754 0.029744 0.024096
1 0.14119 0.706756 0.028991 0.024957
1 0.165663 0.643072 0.025602 0.020654
1 0.178934 0.581218 0.027297 0.020439
1 0.270331 0.566695 0.029367 0.018072
1 0.259695 0.610908 0.029932 0.019148
1 0.246706 0.660822 0.031815 0.024312
1 0.235222 0.710305 0.035203 0.024742
1 0.217997 0.76463 0.035015 0.026248
1 0.304405 0.805293 0.036145 0.02969
1 0.319183 0.740856 0.035956 0.028614
1 0.331419 0.665878 0.032944 0.023236
1 0.399285 0.820676 0.03878 0.027754
1 0.40512 0.710521 0.033509 0.02173
1 0.415098 0.657164 0.034639 0.02216
1 0.495105 0.630379 0.033886 0.021084
1 0.496517 0.691695 0.033697 0.023666
1 0.491623 0.763124 0.035956 0.024957
1 0.487669 0.829174 0.038215 0.027969
1 0.590926 0.833584 0.037651 0.029045
1 0.579066 0.758391 0.038404 0.031842
1 0.579537 0.691588 0.033321 0.023881
1 0.685712 0.842298 0.040474 0.025818
1 0.762895 0.809596 0.024285 0.027108
1 0.77645 0.768395 0.036709 0.02173
1 0.861446 0.731497 0.037274 0.021945
1 0.939665 0.811317 0.038215 0.024096
1 0.930158 0.742255 0.035768 0.021084
2 0.377918 0.925129 0.048758 0.019793
1 0.322101 0.983434 0.039157 0.02969
