0 0.364663 0.375 0.071154 0.036538
0 0.09976 0.379487 0.080769 0.033974
5 0.117428 0.661538 0.046394 0.060897
5 0.023558 0.632532 0.046635 0.0625
5 0.53774 0.765865 0.036538 0.079808
5 0.571635 0.665224 0.03125 0.054167
5 0.720433 0.675801 0.035577 0.055449
5 0.754447 0.668109 0.038702 0.054808
5 0.886418 0.649359 0.04976 0.059615
0 0.915024 0.407853 0.077644 0.033654
0 0.680288 0.395994 0.070673 0.032372
4 0.039784 0.97516 0.039663 0.034936
4 0.363101 0.988462 0.036779 0.023077
4 0.816346 0.927404 0.032692 0.024038
4 0.917187 0.941346 0.036779 0.026282
5 0.467788 0.789103 0.055769 0.148077
5 0.411178 0.77516 0.071394 0.15609
5 0.663462 0.545353 0.030288 0.042628
5 0.759615 0.528205 0.037019 0.038462
