4 0.266827 0.348237 0.019231 0.011859
4 0.263582 0.382212 0.019471 0.011218
4 0.255769 0.416827 0.020192 0.013141
4 0.260216 0.455769 0.021394 0.013462
4 0.169832 0.575801 0.023317 0.016346
4 0.161298 0.611378 0.024519 0.016346
4 0.155288 0.654648 0.025 0.016987
4 0.196394 0.652564 0.025 0.017949
4 0.160337 0.712019 0.026442 0.019551
4 0.271995 0.644712 0.024279 0.018269
4 0.221514 0.683013 0.024279 0.017308
4 0.270433 0.712981 0.024519 0.019551
4 0.354928 0.632212 0.023317 0.01891
4 0.346154 0.700962 0.024519 0.019231
4 0.398317 0.687179 0.024519 0.019231
4 0.367308 0.563141 0.021635 0.017949
4 0.442548 0.571795 0.021154 0.016026
4 0.449038 0.622115 0.022596 0.017949
4 0.44387 0.698558 0.024279 0.023397
4 0.519952 0.579968 0.022115 0.017628
4 0.57512 0.649038 0.022356 0.017308
4 0.582572 0.586538 0.022356 0.016667
4 0.635938 0.561058 0.023317 0.016987
4 0.601202 0.702724 0.024519 0.020192
2 0.151322 0.697115 0.043029 0.009615
2 0.26274 0.690385 0.046635 0.013462
2 0.340865 0.683494 0.036538 0.009295
2 0.508894 0.642628 0.041346 0.007692
1 0.167067 0.640545 0.027404 0.011218
1 0.290024 0.619712 0.018029 0.016987
1 0.299279 0.690545 0.026923 0.016987
1 0.384255 0.538301 0.021875 0.016987
1 0.459495 0.601442 0.025721 0.018269
2 0.506851 0.629647 0.03774 0.011218
1 0.643389 0.586218 0.01851 0.03141
