1 0.269484 0.657595 0.034074 0.02173
1 0.286803 0.55895 0.032191 0.020654
1 0.371047 0.55497 0.036521 0.020439
1 0.257624 0.785176 0.035203 0.027754
1 0.364081 0.81691 0.041792 0.027969
1 0.508283 0.756562 0.04631 0.032487
1 0.494917 0.523128 0.038027 0.021299
1 0.820971 0.587134 0.051581 0.02883
1 0.781721 0.427281 0.047251 0.02926
0 0.472139 0.181046 0.073419 0.048838
0 0.467997 0.219557 0.07116 0.054862
0 0.539345 0.204712 0.062123 0.054862
0 0.853633 0.094019 0.095444 0.04432
0 0.877447 0.130809 0.108434 0.053356
0 0.133283 0.321966 0.064006 0.054002
0 0.4984 0.438253 0.025038 0.01463
