0 0.307229 0.28238 0.075678 0.049269
0 0.495482 0.292491 0.069654 0.047547
0 0.721856 0.200624 0.055911 0.025172
0 0.729292 0.229561 0.062877 0.043029
0 0.738422 0.267212 0.065324 0.043029
0 0.746517 0.309596 0.061935 0.03012
0 0.765907 0.340577 0.064194 0.04389
2 0.206043 0.427926 0.063065 0.018933
2 0.256871 0.476657 0.024285 0.053141
2 0.30177 0.476657 0.050075 0.046687
2 0.247082 0.564867 0.028803 0.061317
2 0.45416 0.495267 0.048758 0.0142
2 0.606269 0.5 0.048005 0.011618
2 0.518919 0.595202 0.055158 0.015706
2 0.518919 0.613274 0.055911 0.014415
2 0.473739 0.636618 0.063818 0.01506
2 0.469785 0.661252 0.108999 0.025172
1 0.744446 0.557336 0.02692 0.015706
2 0.067206 0.546256 0.029367 0.067556
