1 0.302334 0.322935 0.025979 0.020654
1 0.336314 0.328098 0.025038 0.017212
1 0.462632 0.288081 0.025038 0.016351
1 0.487858 0.285069 0.02692 0.018933
1 0.515437 0.286682 0.027485 0.018287
1 0.539721 0.298946 0.016566 0.032917
1 0.573795 0.297332 0.017696 0.033133
1 0.602127 0.333584 0.02692 0.017427
1 0.642131 0.292491 0.028238 0.017427
1 0.673569 0.287866 0.028238 0.016781
1 0.700019 0.288726 0.025414 0.016351
1 0.803276 0.315512 0.026355 0.016566
1 0.814759 0.281196 0.028614 0.021515
1 0.843091 0.310886 0.022026 0.033563
1 0.887989 0.332293 0.027108 0.019148
