1 0.256024 0.73139 0.032756 0.02259
1 0.429593 0.673408 0.021084 0.019363
1 0.627071 0.676097 0.035015 0.026033
1 0.672251 0.729346 0.041039 0.026678
1 0.743882 0.757207 0.040851 0.024742
1 0.75753 0.680508 0.03878 0.024096
1 0.420275 0.459768 0.031438 0.017212
1 0.283227 0.430615 0.02692 0.015706
4 0.191171 0.25667 0.043863 0.04346
4 0.086408 0.298838 0.028614 0.034423
4 0.01506 0.32003 0.029744 0.033778
4 0.378671 0.240318 0.044616 0.040017
4 0.568618 0.211166 0.046122 0.044966
4 0.856457 0.22074 0.046875 0.043029
2 0.304123 0.671902 0.087161 0.020224
2 0.260354 0.712565 0.094503 0.024527
