1 0.039157 0.625968 0.024096 0.015706
1 0.032944 0.691373 0.025226 0.019148
1 0.090738 0.634574 0.025979 0.020439
1 0.08622 0.695353 0.025602 0.020654
1 0.129142 0.702668 0.026732 0.021515
1 0.181005 0.732143 0.029179 0.020224
1 0.254142 0.739458 0.030873 0.027108
1 0.317018 0.748494 0.034262 0.027539
1 0.373212 0.759144 0.037086 0.029045
1 0.472609 0.755271 0.038215 0.025602
1 0.593844 0.77216 0.042357 0.03012
1 0.742093 0.777539 0.045557 0.030551
1 0.961973 0.745267 0.052711 0.02926
1 0.11154 0.455895 0.021273 0.013339
1 0.081325 0.531304 0.024096 0.015275
1 0.131589 0.534531 0.022967 0.014415
1 0.183358 0.530013 0.023343 0.016997
1 0.259695 0.439867 0.023532 0.015706
1 0.240587 0.52614 0.026732 0.014845
1 0.322477 0.435779 0.024849 0.016566
1 0.303087 0.528077 0.028991 0.016997
1 0.376035 0.52216 0.030309 0.016781
1 0.462726 0.409639 0.027485 0.017212
1 0.44823 0.515383 0.031627 0.017857
1 0.567018 0.392965 0.030497 0.016136
1 0.529179 0.476011 0.03238 0.020439
1 0.630836 0.466867 0.037274 0.019363
1 0.740964 0.490534 0.03991 0.019363
1 0.883095 0.441265 0.041792 0.021084
1 0.984093 0.448903 0.031815 0.023021
1 0.366529 0.265813 0.021084 0.011833
1 0.521178 0.314436 0.02692 0.013985
1 0.611258 0.167276 0.024473 0.012263
1 0.632342 0.275818 0.027861 0.012479
1 0.674228 0.207293 0.02805 0.014845
1 0.842244 0.266028 0.033133 0.016997
1 0.897684 0.18352 0.031062 0.012478
