0 0.271743 0.221278 0.087538 0.070783
0 0.541416 0.136725 0.105798 0.06605
0 0.832172 0.081433 0.122553 0.069062
1 0.79631 0.29475 0.048946 0.031411
1 0.883471 0.271945 0.050075 0.026678
1 0.982963 0.254841 0.033321 0.026463
1 0.829819 0.229131 0.043675 0.022375
1 0.860693 0.229023 0.034262 0.037651
1 0.497741 0.568847 0.050075 0.034854
1 0.558358 0.545396 0.048569 0.030981
1 0.700772 0.501076 0.05177 0.033993
1 0.805535 0.440835 0.051205 0.035714
1 0.804593 0.531519 0.056099 0.03679
1 0.893825 0.493115 0.050828 0.038296
1 0.981834 0.442341 0.036333 0.030551
1 0.570312 0.618546 0.053276 0.038296
2 0.718844 0.589501 0.0593 0.038296
