3 0.199038 0.494551 0.036058 0.016667
1 0.314543 0.404167 0.021394 0.014103
1 0.309135 0.449359 0.022596 0.013462
1 0.381611 0.413462 0.019471 0.011538
1 0.392308 0.484936 0.021154 0.012179
1 0.566346 0.450321 0.020192 0.012821
3 0.654928 0.465865 0.052644 0.015705
2 0.613462 0.509936 0.023077 0.007051
1 0.029447 0.80609 0.026683 0.021795
1 0.156851 0.798237 0.027163 0.019551
1 0.194712 0.836378 0.028846 0.01891
2 0.246394 0.808974 0.038942 0.014744
1 0.281731 0.829968 0.022596 0.036859
1 0.339784 0.785096 0.02524 0.016346
1 0.364183 0.782692 0.023077 0.016667
1 0.346154 0.836538 0.026442 0.017949
1 0.394712 0.797115 0.026442 0.017949
1 0.430409 0.788301 0.025721 0.015705
1 0.478606 0.793269 0.024038 0.01859
1 0.524038 0.845352 0.025962 0.017628
1 0.552043 0.847756 0.026202 0.01859
4 0.629688 0.864904 0.022837 0.016987
4 0.344591 0.864263 0.047356 0.031731
4 0.390745 0.865545 0.04351 0.031731
4 0.190986 0.86282 0.04976 0.03141
4 0.676683 0.871955 0.044231 0.028526
1 0.676442 0.843269 0.026442 0.01859
4 0.771875 0.874359 0.046635 0.028205
1 0.771274 0.849199 0.027644 0.018269
1 0.813462 0.839904 0.026442 0.017628
1 0.400962 0.715385 0.024038 0.017949
2 0.377043 0.704006 0.039663 0.014423
4 0.503005 0.720833 0.040625 0.026923
4 0.502163 0.666827 0.038942 0.024679
1 0.49988 0.690385 0.02524 0.01859
1 0.503245 0.645032 0.024279 0.015064
