0 0.326807 0.310994 0.074925 0.046687
0 0.538686 0.291954 0.080384 0.051635
0 0.773061 0.287005 0.091679 0.052496
1 0.188253 0.444707 0.024849 0.012909
1 0.23974 0.480637 0.028426 0.021084
1 0.335749 0.473429 0.03445 0.017857
1 0.500847 0.449763 0.030685 0.017857
1 0.612011 0.444062 0.033509 0.020654
1 0.693524 0.443739 0.032756 0.015275
1 0.77372 0.429647 0.03238 0.019363
1 0.84695 0.438791 0.033886 0.016566
1 0.96555 0.45611 0.034639 0.017212
1 0.097703 0.583154 0.029367 0.023451
1 0.165286 0.576484 0.027861 0.016566
1 0.091303 0.655766 0.03012 0.020224
1 0.13846 0.663188 0.033697 0.023021
1 0.20802 0.638232 0.033886 0.019578
1 0.29198 0.663619 0.035768 0.021299
1 0.378389 0.651786 0.036898 0.025602
1 0.477033 0.587672 0.036145 0.025172
1 0.578031 0.581218 0.029179 0.020009
1 0.486258 0.651893 0.03878 0.027539
1 0.589985 0.682121 0.041416 0.027754
1 0.686465 0.664372 0.041227 0.022375
1 0.789345 0.654475 0.041416 0.030551
1 0.938535 0.648774 0.037839 0.025602
1 0.868882 0.625538 0.035203 0.020439
1 0.014684 0.531949 0.026355 0.018287
1 0.049322 0.4517 0.025979 0.013554
1 0.136107 0.323795 0.021837 0.010757
1 0.096197 0.337349 0.022214 0.009897
