4 0.234856 0.53109 0.033173 0.025
4 0.23113 0.573077 0.031971 0.019872
4 0.261418 0.659615 0.033894 0.026923
4 0.267668 0.732372 0.035817 0.026282
4 0.425721 0.739904 0.033173 0.026603
4 0.377043 0.580769 0.032933 0.027564
3 0.301322 0.533333 0.072356 0.039103
4 0.374639 0.482212 0.027163 0.020833
3 0.400601 0.563141 0.104567 0.03718
3 0.408654 0.646955 0.097596 0.036859
4 0.403846 0.678846 0.03125 0.025641
3 0.201923 0.716827 0.076923 0.025321
5 0.486659 0.601122 0.027644 0.021474
5 0.484856 0.57532 0.027885 0.028846
5 0.484856 0.690385 0.030769 0.025
5 0.502284 0.726122 0.03101 0.025321
5 0.511659 0.76234 0.046394 0.047756
5 0.598197 0.745192 0.032452 0.041026
4 0.647236 0.783333 0.03149 0.026923
4 0.635937 0.714583 0.03149 0.024679
5 0.737861 0.772917 0.033894 0.0375
5 0.717188 0.599199 0.032452 0.032372
5 0.614423 0.515865 0.030769 0.027244
4 0.334856 0.204327 0.028846 0.025321
4 0.320553 0.242147 0.026683 0.022756
4 0.31863 0.279327 0.033413 0.029167
4 0.311779 0.316987 0.037981 0.030128
4 0.41899 0.291827 0.023558 0.018269
4 0.41887 0.343109 0.023798 0.022756
4 0.519832 0.255609 0.022356 0.015064
4 0.523918 0.305128 0.021394 0.01859
4 0.524639 0.344712 0.023317 0.011859
4 0.64387 0.397115 0.023798 0.017949
4 0.706851 0.28766 0.023798 0.01891
4 0.626803 0.296795 0.020433 0.01859
4 0.629087 0.34375 0.024519 0.014423
4 0.742188 0.354647 0.024279 0.016346
4 0.752644 0.389103 0.024519 0.016667
5 0.620072 0.66891 0.029087 0.033333
5 0.487981 0.516506 0.026442 0.030449
