0 0.744635 0.260219 0.078878 0.045826
0 0.428934 0.26065 0.078878 0.044966
0 0.058641 0.278722 0.067206 0.035499
0 0.072572 0.245159 0.072854 0.032057
0 0.135542 0.239458 0.076431 0.036145
0 0.11747 0.273451 0.071913 0.033563
0 0.104198 0.303464 0.071348 0.038941
3 0.177805 0.509144 0.059676 0.011403
1 0.261013 0.529475 0.029556 0.01463
1 0.302428 0.476442 0.016378 0.026893
1 0.385636 0.512263 0.029932 0.015491
1 0.455761 0.568417 0.030497 0.017212
1 0.501412 0.476872 0.015625 0.027754
1 0.650414 0.527754 0.030497 0.016781
1 0.739928 0.523558 0.027673 0.015706
1 0.822854 0.520439 0.026355 0.015491
1 0.891001 0.679002 0.031627 0.023666
1 0.712632 0.683627 0.03558 0.026463
1 0.613799 0.700624 0.036333 0.029475
1 0.488893 0.707616 0.036521 0.027108
3 0.327466 0.723107 0.092056 0.04346
1 0.253953 0.702883 0.038027 0.019363
