0 0.033774 0.285737 0.067548 0.040705
0 0.314423 0.288942 0.08125 0.055449
0 0.307091 0.342949 0.090625 0.065385
0 0.442668 0.327724 0.072837 0.056731
0 0.443149 0.380128 0.075721 0.051923
0 0.519351 0.34359 0.074279 0.05
0 0.517548 0.384936 0.071635 0.060897
0 0.457933 0.728205 0.102404 0.089744
0 0.786418 0.733173 0.10601 0.092628
0 0.673438 0.356891 0.076683 0.050962
0 0.686659 0.415865 0.084856 0.070192
0 0.755529 0.41843 0.084615 0.074679
0 0.739784 0.359936 0.080048 0.045513
0 0.902043 0.340385 0.071394 0.05641
0 0.959736 0.348558 0.073798 0.049679
0 0.923197 0.385737 0.077163 0.045833
0 0.97488 0.400801 0.05024 0.047115
0 0.94399 0.432532 0.082692 0.059936
