1 0.320124 0.203528 0.05064 0.021945
1 0.29744 0.274849 0.05497 0.024742
1 0.291416 0.350473 0.058735 0.031411
1 0.409921 0.402861 0.0657 0.043675
1 0.528897 0.377474 0.063818 0.035499
1 0.792169 0.394256 0.062124 0.029475
1 0.770708 0.325947 0.057982 0.026248
1 0.034544 0.711274 0.069089 0.045181
1 0.120576 0.77614 0.078125 0.049268
1 0.105045 0.837887 0.077937 0.052711
1 0.222327 0.792061 0.07756 0.057444
1 0.20802 0.868976 0.083584 0.055077
3 0.354575 0.760757 0.114646 0.049914
1 0.493599 0.792491 0.087349 0.054002
1 0.495576 0.868868 0.089797 0.063468
1 0.908791 0.579174 0.066077 0.043029
1 0.956043 0.674053 0.070218 0.04346
