0 0.271394 0.482051 0.070192 0.051923
2 0.416346 0.430769 0.050481 0.011538
0 0.436178 0.501442 0.065144 0.054167
0 0.561298 0.507051 0.065385 0.052564
2 0.539062 0.439423 0.050721 0.008974
2 0.661418 0.434455 0.089663 0.033013
0 0.652404 0.534295 0.072596 0.054487
1 0.166827 0.669872 0.020192 0.013462
1 0.313341 0.661378 0.01851 0.013782
1 0.379808 0.663782 0.018269 0.013462
1 0.902644 0.458974 0.023077 0.012821
1 0.81899 0.505929 0.016827 0.023397
1 0.891947 0.413622 0.021875 0.011218
4 0.975962 0.446154 0.022596 0.013462
4 0.982812 0.706731 0.021394 0.020513
4 0.939543 0.86891 0.025721 0.01859
