1 0.54311 0.264845 0.024849 0.010327
1 0.796781 0.255379 0.025414 0.011618
1 0.81683 0.306153 0.028991 0.012909
1 0.186182 0.402646 0.026355 0.014845
1 0.136954 0.512156 0.02805 0.023451
1 0.277579 0.516566 0.029932 0.023666
1 0.291322 0.445783 0.030309 0.020224
2 0.426017 0.553787 0.034262 0.01463
2 0.405403 0.404367 0.025791 0.0071
1 0.713102 0.420073 0.028238 0.013985
4 0.696254 0.435133 0.040474 0.054432
1 0.688253 0.4929 0.022214 0.034423
1 0.781062 0.442986 0.03238 0.017212
1 0.796969 0.468266 0.031438 0.017427
2 0.850245 0.549914 0.02692 0.007315
2 0.837726 0.480207 0.025602 0.007745
2 0.859846 0.4233 0.024285 0.006239
1 0.944371 0.454712 0.029556 0.016566
1 0.954631 0.500108 0.029744 0.016136
2 0.953878 0.469234 0.024096 0.007745
2 0.581514 0.443632 0.015813 0.005164
2 0.653897 0.446321 0.015248 0.004088
1 0.483716 0.692556 0.022026 0.046472
1 0.640154 0.718051 0.035203 0.020869
2 0.372835 0.232466 0.015249 0.029045
1 0.779085 0.211489 0.024661 0.009036
3 0.155215 0.396192 0.025038 0.008391
