1 0.187029 0.31691 0.029179 0.021084
1 0.189665 0.283563 0.028803 0.018503
1 0.23061 0.325732 0.029744 0.017642
1 0.286333 0.255594 0.03125 0.018933
1 0.401732 0.333799 0.028614 0.016997
1 0.437688 0.31605 0.029744 0.019793
1 0.519672 0.259574 0.029932 0.02173
1 0.6202 0.24688 0.030309 0.021299
1 0.662086 0.313361 0.027861 0.019148
1 0.712067 0.318632 0.026544 0.016781
1 0.753859 0.323903 0.026167 0.016566
1 0.836126 0.31917 0.023908 0.014415
1 0.214326 0.156842 0.028426 0.021945
1 0.608434 0.117685 0.03125 0.021945
1 0.678276 0.077883 0.023343 0.021945
4 0.258001 0.11704 0.040098 0.040017
4 0.207831 0.137801 0.034639 0.018718
4 0.620294 0.227517 0.037651 0.015706
4 0.614175 0.315297 0.036333 0.032917
