4 0.063724 0.519148 0.028426 0.020224
4 0.059394 0.538834 0.028426 0.020009
4 0.089232 0.519256 0.027861 0.020439
4 0.084526 0.53991 0.028238 0.016997
4 0.14759 0.524849 0.029744 0.019148
4 0.141566 0.552603 0.032003 0.02216
4 0.130553 0.576484 0.029556 0.019148
4 0.162651 0.5767 0.028614 0.021299
4 0.158791 0.60994 0.029556 0.021515
4 0.236728 0.614458 0.031438 0.020654
4 0.24247 0.582831 0.031627 0.019363
4 0.248682 0.555293 0.031627 0.019363
4 0.212349 0.553356 0.03012 0.022375
4 0.218468 0.525925 0.029932 0.019578
4 0.22195 0.507853 0.03012 0.019578
4 0.172252 0.546902 0.029744 0.018933
4 0.181099 0.516997 0.030497 0.017642
4 0.093562 0.607573 0.028991 0.035284
4 0.098739 0.567233 0.031062 0.035499
4 0.289345 0.51775 0.030497 0.020009
4 0.283603 0.54787 0.030685 0.020009
4 0.320595 0.58068 0.031627 0.021515
4 0.320124 0.61392 0.031438 0.023881
4 0.366246 0.610908 0.033321 0.023881
4 0.369258 0.575732 0.031815 0.022806
4 0.463008 0.517104 0.031062 0.020439
4 0.462914 0.546041 0.03125 0.021084
4 0.507436 0.488705 0.030309 0.021299
4 0.504047 0.520546 0.031438 0.024312
4 0.503671 0.550775 0.031062 0.023666
4 0.543581 0.546472 0.031062 0.023666
4 0.544992 0.51463 0.030497 0.022806
4 0.547157 0.485047 0.027673 0.019148
4 0.584055 0.492685 0.029179 0.020654
4 0.586408 0.512263 0.03012 0.020654
4 0.588291 0.542707 0.03012 0.021299
4 0.668016 0.519793 0.028426 0.021515
4 0.672722 0.549053 0.028426 0.021515
4 0.678182 0.577775 0.030309 0.020869
4 0.681099 0.610478 0.032003 0.02259
4 0.634413 0.609402 0.033133 0.026033
4 0.633848 0.576592 0.029367 0.019793
4 0.634318 0.54475 0.030685 0.025387
4 0.703407 0.516997 0.028426 0.021515
4 0.796404 0.538942 0.031062 0.020654
4 0.799887 0.571966 0.030873 0.020869
4 0.808453 0.603055 0.031062 0.020654
4 0.015625 0.705357 0.030873 0.026893
4 0.055911 0.766028 0.021837 0.020439
4 0.053276 0.785607 0.02259 0.019148
4 0.04904 0.803141 0.022779 0.020654
4 0.043863 0.82358 0.022967 0.022806
4 0.086879 0.771622 0.033697 0.027324
4 0.078784 0.811747 0.033697 0.027539
4 0.127541 0.739888 0.033697 0.027539
4 0.118694 0.777862 0.033697 0.027324
4 0.113705 0.817879 0.036145 0.030336
4 0.166416 0.766459 0.024849 0.02216
4 0.158886 0.791523 0.027485 0.024096
4 0.149285 0.82046 0.034639 0.030336
4 0.204819 0.754733 0.035392 0.027539
4 0.198607 0.781411 0.035392 0.027539
4 0.194748 0.80852 0.03558 0.027539
4 0.188724 0.836919 0.03558 0.027539
4 0.241058 0.758498 0.03558 0.028184
4 0.236163 0.785069 0.036333 0.027539
4 0.232775 0.811532 0.03558 0.027539
4 0.229669 0.838748 0.037274 0.028184
4 0.287556 0.748494 0.02692 0.021084
4 0.271178 0.775172 0.027673 0.022806
4 0.269014 0.797655 0.027485 0.023021
4 0.26779 0.819923 0.027673 0.023236
4 0.265531 0.84176 0.029556 0.023021
4 0.301205 0.821429 0.03012 0.022375
4 0.300264 0.844449 0.03012 0.022375
4 0.343279 0.761295 0.036333 0.027754
4 0.343656 0.789049 0.036333 0.027754
4 0.341397 0.815835 0.036333 0.027539
4 0.340267 0.842943 0.036333 0.027539
4 0.385354 0.814759 0.037274 0.026678
4 0.386389 0.842943 0.037086 0.026678
4 0.431382 0.761403 0.037462 0.031411
4 0.431852 0.790232 0.037274 0.02926
4 0.43044 0.817879 0.037462 0.027324
4 0.431005 0.844557 0.037462 0.027324
4 0.472609 0.783993 0.037839 0.043029
4 0.482116 0.720955 0.038404 0.026678
4 0.628012 0.784101 0.029367 0.024312
4 0.629895 0.80809 0.028614 0.022375
4 0.630554 0.832401 0.028803 0.021945
4 0.669145 0.782272 0.032944 0.027969
4 0.670934 0.823472 0.034262 0.029045
4 0.727974 0.721278 0.035768 0.029045
4 0.872647 0.754303 0.041604 0.046041
4 0.839608 0.753442 0.036145 0.030981
0 0.049416 0.178787 0.073607 0.043029
0 0.244917 0.151248 0.07869 0.04432
0 0.207925 0.27571 0.096197 0.061747
0 0.390343 0.138662 0.072854 0.041523
0 0.375282 0.260435 0.092056 0.055723
0 0.531532 0.150387 0.075113 0.039157
0 0.537933 0.263232 0.088291 0.063038
0 0.668204 0.133821 0.075489 0.047332
0 0.712538 0.270116 0.097892 0.052281
0 0.871706 0.154475 0.078125 0.045611
0 0.9343 0.261403 0.084337 0.05938
2 0.106269 0.205465 0.070218 0.021945
2 0.212161 0.221923 0.064006 0.014415
2 0.3702 0.202453 0.068336 0.012478
2 0.525602 0.210306 0.068148 0.010542
2 0.2532 0.109725 0.053464 0.011618
2 0.387236 0.094557 0.054593 0.010972
2 0.519296 0.102948 0.055911 0.008821
2 0.652485 0.101119 0.053464 0.009897
2 0.684488 0.212565 0.067018 0.009897
3 0.905215 0.547655 0.023532 0.010542
3 0.908227 0.557121 0.023532 0.010542
3 0.933076 0.544428 0.023532 0.010542
3 0.911804 0.566373 0.022779 0.009682
3 0.917169 0.547978 0.060241 0.051635
3 0.887519 0.462134 0.055535 0.04475
