1 0.465832 0.766244 0.025038 0.016136
3 0.70209 0.745052 0.048005 0.022375
4 0.933547 0.676635 0.032756 0.031842
4 0.950866 0.733004 0.035015 0.034423
4 0.979763 0.732358 0.038592 0.035714
1 0.171216 0.755701 0.025038 0.019578
1 0.120482 0.747956 0.024096 0.016997
4 0.136954 0.649849 0.023155 0.02216
4 0.152014 0.651355 0.015625 0.02216
1 0.173381 0.651571 0.024849 0.013554
4 0.249341 0.712564 0.024661 0.026248
1 0.027579 0.569923 0.022026 0.012478
1 0.076619 0.571106 0.020708 0.012263
1 0.11907 0.57358 0.021273 0.011618
2 0.171875 0.679862 0.042922 0.017642
2 0.123494 0.677818 0.042169 0.018287
4 0.043298 0.7088 0.020708 0.023881
4 0.028897 0.684918 0.02805 0.021299
4 0.08895 0.686317 0.020896 0.023666
3 0.067865 0.652431 0.021273 0.009251
3 0.098833 0.65426 0.027108 0.01463
4 0.010636 0.682982 0.020896 0.02259
4 0.017225 0.71009 0.022779 0.02216
4 0.035956 0.734402 0.023343 0.023451
2 0.122553 0.532272 0.038027 0.012909
2 0.072948 0.542169 0.045369 0.01463
2 0.03878 0.527324 0.032756 0.010327
