0 0.146995 0.164744 0.06851 0.049359
0 0.416707 0.13141 0.060337 0.041026
0 0.659135 0.140224 0.062019 0.040064
0 0.917668 0.123077 0.06274 0.035897
1 0.044832 0.329327 0.021394 0.011859
1 0.160337 0.271795 0.021154 0.012821
1 0.101803 0.370673 0.024279 0.009936
1 0.209495 0.360417 0.014183 0.022756
1 0.314663 0.32468 0.020673 0.013462
1 0.311178 0.369712 0.022837 0.0125
1 0.388702 0.361538 0.022596 0.010897
1 0.390385 0.313141 0.022115 0.012179
1 0.391226 0.273397 0.019952 0.008974
1 0.439663 0.274519 0.019712 0.010577
1 0.434135 0.315385 0.021154 0.016667
1 0.456851 0.361538 0.021394 0.012179
1 0.499399 0.369391 0.020433 0.013782
1 0.516707 0.314904 0.020913 0.011859
1 0.515865 0.272115 0.019231 0.010256
1 0.617668 0.273077 0.019471 0.009615
1 0.621394 0.320192 0.021154 0.010897
1 0.629327 0.364904 0.021154 0.010577
1 0.739784 0.360417 0.023798 0.013782
1 0.219832 0.442949 0.02476 0.012821
1 0.252764 0.445994 0.020433 0.013782
1 0.283654 0.439744 0.023077 0.012179
1 0.317548 0.445032 0.023558 0.013141
1 0.349519 0.442788 0.023558 0.014423
1 0.387019 0.45016 0.023077 0.011859
1 0.246635 0.486378 0.023077 0.015064
1 0.234135 0.550641 0.025962 0.014744
1 0.284736 0.560577 0.026683 0.022436
1 0.382452 0.542949 0.024038 0.014103
1 0.371514 0.48766 0.023317 0.0125
1 0.428365 0.490064 0.022596 0.012821
1 0.430769 0.528686 0.023077 0.0125
1 0.427644 0.56907 0.023077 0.015064
1 0.460457 0.56891 0.023798 0.013462
1 0.496274 0.566026 0.024279 0.014103
1 0.497236 0.52516 0.023317 0.0125
1 0.460938 0.527885 0.023317 0.01282
1 0.458053 0.489423 0.022356 0.013462
1 0.49363 0.486378 0.022837 0.015705
1 0.460697 0.44968 0.022356 0.012821
1 0.499639 0.45016 0.022356 0.011859
1 0.560697 0.450481 0.023317 0.013782
1 0.551442 0.496955 0.023077 0.013141
1 0.569832 0.545192 0.02476 0.014103
1 0.641346 0.541827 0.025962 0.015064
1 0.631851 0.480609 0.023317 0.013141
1 0.630168 0.440545 0.023317 0.014423
1 0.66238 0.44391 0.02476 0.014744
1 0.668149 0.480769 0.026202 0.014744
1 0.673197 0.517949 0.023317 0.014103
1 0.701683 0.519391 0.023077 0.0125
1 0.697356 0.483974 0.024519 0.012179
1 0.692668 0.447917 0.023317 0.011859
1 0.713702 0.55641 0.026923 0.016026
1 0.676442 0.559295 0.023558 0.014744
1 0.766346 0.566026 0.028365 0.019231
1 0.752164 0.499519 0.025 0.013782
1 0.765625 0.461859 0.027404 0.010256
1 0.044712 0.520513 0.023558 0.016667
1 0.099639 0.5625 0.026683 0.014744
4 0.076322 0.579487 0.021875 0.016667
1 0.027524 0.566987 0.025721 0.014744
4 0.014303 0.585737 0.023317 0.016346
1 0.068389 0.675641 0.029087 0.017308
1 0.048798 0.751442 0.027885 0.022115
1 0.215745 0.666667 0.030529 0.022436
1 0.207332 0.745833 0.030529 0.019231
1 0.195192 0.836378 0.030769 0.020833
1 0.359615 0.848077 0.029327 0.019872
1 0.36863 0.755769 0.027644 0.019872
1 0.371514 0.678686 0.025721 0.01891
1 0.434736 0.69375 0.02524 0.016346
1 0.430529 0.748077 0.027885 0.021154
1 0.447115 0.833013 0.028365 0.021795
1 0.532933 0.828205 0.027404 0.020513
1 0.536418 0.748077 0.027644 0.017308
1 0.574038 0.6875 0.026923 0.016026
1 0.578606 0.747436 0.027885 0.01859
1 0.582452 0.80609 0.027404 0.019872
1 0.585457 0.863141 0.028606 0.024359
1 0.648678 0.859615 0.03101 0.025
1 0.642668 0.79984 0.029087 0.01891
1 0.655409 0.74391 0.026683 0.021795
1 0.615745 0.703365 0.026683 0.015064
1 0.653125 0.689263 0.029327 0.020192
1 0.690625 0.695833 0.027885 0.017949
1 0.722476 0.698558 0.027163 0.014423
1 0.700721 0.742147 0.028365 0.016987
1 0.742067 0.74359 0.027404 0.020513
1 0.70613 0.797756 0.030529 0.019231
1 0.749519 0.797115 0.029808 0.019872
1 0.713221 0.85657 0.031731 0.022115
1 0.752644 0.858494 0.03125 0.020833
1 0.841827 0.84968 0.031731 0.019872
1 0.807933 0.79407 0.032212 0.021474
1 0.821755 0.73734 0.030048 0.01891
1 0.807572 0.683814 0.030048 0.015705
