1 0.139062 0.346314 0.030529 0.014423
1 0.123918 0.417468 0.030529 0.015064
2 0.19976 0.34343 0.035577 0.010577
1 0.200601 0.413462 0.030529 0.013462
1 0.320553 0.472756 0.030048 0.016667
1 0.085216 0.74984 0.042067 0.023397
2 0.032212 0.747115 0.052885 0.019872
1 0.265625 0.791667 0.040385 0.026923
1 0.360216 0.710417 0.035337 0.021474
1 0.335817 0.81282 0.038462 0.026282
1 0.426202 0.56875 0.030769 0.017628
1 0.426442 0.645833 0.034135 0.022436
1 0.420192 0.709135 0.034615 0.020192
1 0.420192 0.78766 0.036058 0.023397
1 0.479567 0.818109 0.022115 0.013141
1 0.539303 0.698558 0.03149 0.025962
2 0.565264 0.825801 0.039663 0.021474
1 0.683654 0.63782 0.035577 0.023718
1 0.691827 0.681731 0.035577 0.020513
1 0.726322 0.789263 0.036298 0.025321
1 0.721755 0.614103 0.033413 0.017949
1 0.736899 0.679487 0.036298 0.021154
1 0.779808 0.719391 0.033173 0.023397
1 0.819231 0.72468 0.035577 0.019872
1 0.857933 0.719231 0.035096 0.020513
1 0.89988 0.800481 0.03726 0.022756
1 0.982212 0.60657 0.022596 0.016987
2 0.342428 0.752404 0.03101 0.009295
