0 0.062139 0.398237 0.089663 0.050321
0 0.403245 0.485417 0.076202 0.061859
0 0.691346 0.480288 0.084615 0.051603
2 0.289904 0.732532 0.046635 0.008654
2 0.285697 0.768109 0.049279 0.009295
2 0.278846 0.801282 0.053365 0.008974
2 0.272957 0.840385 0.050721 0.009615
1 0.265144 0.819551 0.034135 0.020513
2 0.382332 0.729808 0.049279 0.010256
2 0.379688 0.765865 0.05024 0.010577
2 0.446034 0.64359 0.041587 0.007692
2 0.445793 0.670353 0.045433 0.007372
2 0.445072 0.701282 0.04399 0.008333
2 0.468029 0.739904 0.029808 0.020192
2 0.446034 0.76875 0.04976 0.009295
2 0.447236 0.808814 0.047837 0.010577
2 0.376202 0.804968 0.051923 0.009936
2 0.372716 0.842788 0.053606 0.011859
2 0.442668 0.844712 0.04399 0.008654
2 0.038942 0.690705 0.052404 0.012179
2 0.025721 0.722276 0.050962 0.011859
