3 0.836502 0.357896 0.063818 0.032057
4 0.769578 0.352625 0.067018 0.05938
4 0.21988 0.626506 0.048193 0.043029
4 0.059676 0.835198 0.052334 0.040447
4 0.124059 0.774849 0.047063 0.038081
4 0.121235 0.81207 0.04631 0.040663
4 0.300452 0.702022 0.033509 0.027539
4 0.30064 0.814759 0.052711 0.057229
4 0.416698 0.586812 0.047252 0.039802
4 0.41378 0.63608 0.045934 0.037651
4 0.41651 0.689114 0.049511 0.039157
4 0.514025 0.612199 0.049511 0.042384
4 0.526167 0.667169 0.054593 0.04432
4 0.541604 0.702775 0.051205 0.039802
4 0.48334 0.80454 0.051393 0.041523
4 0.606551 0.759144 0.051205 0.039802
4 0.599021 0.700624 0.051205 0.044535
4 0.670275 0.687285 0.051393 0.041523
4 0.670275 0.743976 0.052899 0.037435
4 0.859281 0.720417 0.048758 0.038081
4 0.867752 0.75667 0.048758 0.037866
4 0.979575 0.574441 0.040474 0.031842
3 0.790098 0.636295 0.041416 0.016566
3 0.905685 0.631454 0.047063 0.022806
3 0.327748 0.737199 0.041416 0.032057
3 0.485222 0.734294 0.043486 0.024957
3 0.033415 0.638339 0.042733 0.018503
4 0.486822 0.866717 0.051581 0.041523
3 0.617093 0.838425 0.062877 0.059811
