1 0.059736 0.522436 0.043029 0.029487
1 0.176442 0.442788 0.028846 0.043269
1 0.225721 0.439263 0.040385 0.025962
1 0.223678 0.410417 0.039183 0.021474
1 0.232692 0.379968 0.038942 0.024038
1 0.241587 0.349038 0.036538 0.019872
2 0.210577 0.517788 0.062019 0.018269
2 0.21274 0.466346 0.048077 0.014103
4 0.283774 0.445513 0.01274 0.025641
3 0.078966 0.411699 0.048798 0.024679
2 0.351683 0.520513 0.068269 0.016667
1 0.407212 0.518269 0.04375 0.024359
1 0.359736 0.475 0.040625 0.026282
2 0.375361 0.408013 0.06226 0.014744
1 0.427885 0.352564 0.038462 0.022436
1 0.518029 0.432532 0.040865 0.024038
2 0.508774 0.519872 0.046875 0.014103
1 0.628365 0.551282 0.014423 0.009615
1 0.740986 0.541827 0.013702 0.008654
1 0.846635 0.517308 0.017788 0.010256
1 0.854928 0.545994 0.015625 0.010577
1 0.858654 0.566506 0.015865 0.009936
1 0.888221 0.524519 0.015865 0.008654
1 0.895673 0.547917 0.017308 0.010577
