1 0.866529 0.885112 0.075301 0.053787
1 0.71395 0.897806 0.074736 0.051205
1 0.028709 0.890491 0.057417 0.057229
1 0.040098 0.815727 0.067018 0.05099
1 0.060241 0.74688 0.065889 0.043675
1 0.21442 0.781411 0.067395 0.04475
1 0.201337 0.836919 0.0657 0.048623
1 0.19823 0.900172 0.072289 0.048193
1 0.372176 0.889953 0.075301 0.049268
1 0.537086 0.785069 0.071536 0.045611
1 0.54471 0.847461 0.075489 0.050344
1 0.542169 0.908348 0.077184 0.052065
1 0.703407 0.821321 0.069465 0.047547
1 0.841962 0.766566 0.069089 0.045181
1 0.832361 0.710521 0.0657 0.043675
1 0.815136 0.663726 0.06363 0.037866
1 0.680911 0.740103 0.067395 0.042169
1 0.457643 0.391459 0.051958 0.025172
1 0.463102 0.36037 0.049699 0.026248
1 0.461502 0.328206 0.049134 0.024312
1 0.463855 0.303356 0.047063 0.022375
1 0.565983 0.361553 0.05177 0.023451
3 0.639496 0.322612 0.048193 0.014415
1 0.282568 0.178787 0.037651 0.013339
1 0.343844 0.179324 0.037462 0.016566
