0 0.133471 0.317664 0.083208 0.047117
1 0.057417 0.440404 0.026355 0.017212
1 0.107869 0.449226 0.021837 0.01463
1 0.181758 0.466975 0.029179 0.015275
1 0.245764 0.44503 0.028426 0.015706
2 0.919051 0.508606 0.019578 0.028399
1 0.958773 0.505701 0.024096 0.018287
1 0.963479 0.539372 0.024473 0.01506
1 0.908038 0.531089 0.024285 0.015275
1 0.977033 0.624462 0.027485 0.024312
1 0.859846 0.649634 0.031815 0.020439
1 0.799887 0.667384 0.03012 0.022806
1 0.721762 0.657595 0.03125 0.019148
1 0.662274 0.668567 0.034262 0.024742
1 0.566547 0.682014 0.033697 0.019793
1 0.560429 0.604238 0.03012 0.020009
1 0.506024 0.650387 0.03125 0.019793
1 0.454819 0.664802 0.033133 0.021084
1 0.396743 0.644794 0.032944 0.018933
1 0.335184 0.641997 0.031062 0.021945
1 0.278897 0.667276 0.031062 0.02173
1 0.208678 0.629088 0.033321 0.023236
1 0.161333 0.635004 0.032003 0.018718
1 0.138366 0.596278 0.027485 0.016997
1 0.029273 0.601549 0.027297 0.020224
1 0.060429 0.62457 0.028991 0.023666
