1 0.465644 0.68309 0.029932 0.018503
1 0.46442 0.745159 0.030497 0.020439
1 0.681005 0.732035 0.029179 0.016566
1 0.686182 0.782272 0.030497 0.017642
1 0.192395 0.366071 0.019578 0.012263
1 0.245576 0.388877 0.021273 0.010972
1 0.343562 0.39361 0.023343 0.011403
1 0.786427 0.390491 0.022779 0.011618
1 0.838479 0.397913 0.022967 0.012694
1 0.762989 0.53367 0.027108 0.017857
1 0.832925 0.514415 0.02805 0.018933
1 0.763931 0.704389 0.028991 0.020654
1 0.813724 0.693847 0.023155 0.017212
1 0.840456 0.649849 0.025791 0.014845
1 0.850056 0.703313 0.02692 0.017642
1 0.820877 0.76506 0.029179 0.018503
1 0.769861 0.769471 0.031062 0.019148
1 0.728916 0.76108 0.023343 0.016997
1 0.147026 0.666631 0.033133 0.023451
1 0.133471 0.714501 0.032003 0.019793
1 0.175264 0.692986 0.027108 0.021084
1 0.079255 0.506885 0.022967 0.012478
1 0.170181 0.511941 0.019578 0.011403
1 0.356551 0.545503 0.025979 0.016566
