5 0.171498 0.238812 0.209714 0.236231 0.209526 0.241609 0.17131 0.243761
4 0.159639 0.237306 0.210655 0.23494 0.210655 0.2429 0.159074 0.246558
3 0.057982 0.658133 0.088102 0.655551 0.088102 0.662436 0.05817 0.665017
2 0.057041 0.646084 0.056288 0.665878 0.08942 0.663942 0.090361 0.642642 0.057417 0.645009
3 0.053276 0.720095 0.084526 0.718158 0.084337 0.725688 0.053652 0.726549
2 0.052711 0.707186 0.050828 0.727625 0.08622 0.726549 0.086596 0.707831 0.081702 0.70525 0.053652 0.70611
3 0.04744 0.777539 0.078502 0.776893 0.078313 0.783563 0.046875 0.784423
2 0.045369 0.763339 0.043863 0.785929 0.079255 0.785929 0.080761 0.768503 0.076995 0.761618 0.045369 0.762478
3 0.175828 0.69815 0.20802 0.698795 0.207643 0.70654 0.175828 0.705465
2 0.17564 0.686102 0.174322 0.705895 0.209337 0.707831 0.210655 0.686962
3 0.170934 0.780336 0.203502 0.781842 0.203313 0.788511 0.170745 0.788081
2 0.170369 0.767212 0.169616 0.788942 0.204066 0.790232 0.205196 0.768503
3 0.223645 0.780336 0.257718 0.77926 0.258095 0.787005 0.223268 0.788081 0.222703 0.780551
2 0.221197 0.768718 0.221762 0.789372 0.258471 0.789157 0.258095 0.768072
3 0.302334 0.805077 0.339232 0.802496 0.339797 0.810886 0.302523 0.813038
2 0.300264 0.793029 0.301017 0.815835 0.341491 0.812608 0.340361 0.790017 0.300264 0.791308
