2 0.011538 0.811218 0.007933 0.828846 0.035337 0.824359 0.038221 0.80609
3 0.011538 0.821154 0.010096 0.826923 0.034856 0.823077 0.035096 0.816346
2 0.379808 0.875641 0.380048 0.894231 0.409375 0.891026 0.408413 0.871474
3 0.381971 0.886859 0.382452 0.892628 0.397837 0.891026 0.397837 0.884295
2 0.48101 0.858013 0.48101 0.876923 0.509615 0.875 0.508894 0.854808
3 0.483894 0.869551 0.484375 0.87532 0.499279 0.87468 0.498798 0.867949
2 0.613462 0.848718 0.603125 0.858974 0.604567 0.860897 0.623317 0.889423 0.634135 0.875641
3 0.609856 0.858974 0.621154 0.872756 0.618029 0.877564 0.607212 0.8625
2 0.703125 0.865385 0.70601 0.884936 0.735337 0.882692 0.73149 0.8625
3 0.707933 0.876923 0.708894 0.883333 0.723798 0.88141 0.723077 0.87532
2 0.808894 0.847756 0.812981 0.866346 0.841346 0.865705 0.83726 0.845192
3 0.813702 0.858013 0.815865 0.863782 0.830048 0.863462 0.828846 0.85641
2 0.869952 0.824359 0.878846 0.861538 0.893029 0.859615 0.883654 0.823077
3 0.88149 0.838462 0.886298 0.857692 0.891346 0.857051 0.886058 0.83782
2 0.980288 0.840064 0.9875 0.858654 0.99976 0.858013 0.99976 0.838782
3 0.9875 0.851282 0.989664 0.857372 0.99976 0.85609 0.999279 0.85
2 0.95601 0.746795 0.959375 0.763462 0.985817 0.765705 0.982212 0.748397
3 0.960817 0.757372 0.961298 0.762821 0.976202 0.763462 0.97476 0.757692
2 0.934375 0.666026 0.935577 0.680449 0.961779 0.686859 0.960577 0.671795
3 0.9375 0.67532 0.93726 0.679808 0.951442 0.683333 0.951202 0.678205
2 0.947836 0.569231 0.95625 0.582372 0.974279 0.571474 0.966586 0.559295
3 0.955769 0.575962 0.957452 0.579808 0.970914 0.571795 0.968269 0.56891
2 0.894231 0.555128 0.896875 0.567949 0.920433 0.567949 0.916827 0.553846
3 0.898077 0.56282 0.898798 0.566667 0.912019 0.566346 0.911058 0.56218
2 0.878125 0.491346 0.882212 0.504808 0.905048 0.502244 0.90024 0.489423
3 0.882692 0.499359 0.883413 0.503205 0.895192 0.501923 0.894471 0.498077
2 0.944952 0.491346 0.950721 0.505769 0.972596 0.502564 0.968029 0.489103
3 0.951202 0.499038 0.952404 0.501923 0.965385 0.501923 0.963942 0.498077
2 0.962981 0.445513 0.965865 0.458013 0.98726 0.458654 0.983654 0.446795
3 0.966827 0.452564 0.966827 0.456731 0.980529 0.457372 0.979808 0.453526
2 0.934135 0.449359 0.937981 0.459295 0.95625 0.458974 0.952163 0.449038
3 0.938942 0.455449 0.939664 0.458333 0.950721 0.458333 0.94976 0.455128
2 0.905048 0.445192 0.908654 0.45609 0.929087 0.454167 0.924519 0.444231
3 0.909135 0.451603 0.909856 0.454808 0.922115 0.453846 0.920913 0.450641
2 0.871394 0.450641 0.875 0.461538 0.891106 0.461218 0.887981 0.451282
3 0.875721 0.457372 0.876683 0.460577 0.8875 0.460897 0.886538 0.457372
2 0.836779 0.447756 0.840865 0.459295 0.857212 0.459936 0.855048 0.449359
3 0.842548 0.455769 0.843269 0.458333 0.853125 0.458654 0.852404 0.455769
1 0.901683 0.151923 0.904808 0.158654 0.948798 0.161218 0.946875 0.154487
0 0.88726 0.127244 0.899519 0.162821 0.955288 0.165064 0.944712 0.136859 0.942788 0.129167
2 0.605288 0.77468 0.605769 0.783333 0.608173 0.791026 0.633413 0.792308 0.632212 0.77468
3 0.608413 0.784936 0.608894 0.790064 0.623077 0.790705 0.622596 0.785256
2 0.70649 0.760577 0.708173 0.777564 0.735817 0.776923 0.733654 0.759615
3 0.709375 0.770513 0.709615 0.776603 0.724519 0.776282 0.724279 0.770192
2 0.792308 0.758974 0.796635 0.776282 0.823798 0.769231 0.818029 0.752244
3 0.798077 0.76891 0.79976 0.774359 0.812981 0.770513 0.811058 0.764744
2 0.774279 0.682051 0.778606 0.698718 0.803606 0.695513 0.8 0.679808
3 0.779086 0.691346 0.779808 0.696474 0.794231 0.695513 0.79351 0.690385
2 0.689664 0.683974 0.690625 0.698718 0.715385 0.69968 0.713702 0.683654
3 0.692548 0.692949 0.692788 0.697756 0.706971 0.698077 0.70649 0.692628
2 0.613942 0.688782 0.617067 0.704167 0.641587 0.698718 0.638221 0.683013
3 0.618029 0.697436 0.61899 0.702885 0.632692 0.69968 0.631731 0.694551
2 0.475962 0.768269 0.476683 0.784615 0.504327 0.781731 0.503125 0.764423
3 0.478606 0.777244 0.478365 0.783013 0.493269 0.782372 0.492788 0.776603
2 0.474519 0.689423 0.472837 0.70609 0.498558 0.707692 0.500481 0.692949 0.498077 0.690385
3 0.475962 0.69968 0.475481 0.704487 0.489423 0.705769 0.489663 0.700641
8 0.740385 0.586218 0.740625 0.591346 0.751683 0.600641 0.763462 0.599359 0.760096 0.584295
8 0.676923 0.591667 0.679087 0.608654 0.700721 0.607051 0.697356 0.591026
2 0.682212 0.57468 0.682933 0.588141 0.707452 0.586859 0.705288 0.572115
3 0.684615 0.583013 0.685096 0.58718 0.698077 0.585897 0.697596 0.582051
2 0.755769 0.569551 0.757452 0.583013 0.782692 0.58109 0.779567 0.567628
3 0.758413 0.577564 0.758894 0.581731 0.772596 0.580769 0.771394 0.576282
2 0.745673 0.502244 0.747356 0.515705 0.770433 0.514423 0.76851 0.500962
3 0.748798 0.509936 0.749279 0.513782 0.761538 0.513462 0.761058 0.508974
2 0.736058 0.461218 0.738702 0.473397 0.761779 0.471154 0.757452 0.457692 0.736058 0.460256
3 0.739664 0.467308 0.741106 0.471474 0.753125 0.469872 0.751923 0.466026 0.740385 0.467308
2 0.661779 0.532051 0.664663 0.54359 0.682692 0.539423 0.686298 0.531731 0.684135 0.525641
3 0.665625 0.53782 0.666586 0.541667 0.678125 0.539103 0.677885 0.535577
2 0.625 0.564423 0.624038 0.577244 0.649519 0.578846 0.648558 0.565385
3 0.626442 0.571795 0.626202 0.576603 0.640144 0.577244 0.639904 0.573077
2 0.615625 0.504808 0.616827 0.517628 0.640385 0.516026 0.638462 0.503526
3 0.61899 0.511859 0.61899 0.516026 0.63149 0.515385 0.63101 0.511218
1 0.379808 0.194231 0.378606 0.200962 0.423798 0.204487 0.424519 0.197115
0 0.380529 0.167949 0.374038 0.197115 0.372837 0.201923 0.373558 0.203205 0.427644 0.208013 0.433894 0.169872
1 0.633654 0.190064 0.633894 0.196154 0.660337 0.202244 0.661298 0.195192
0 0.610817 0.159295 0.611058 0.193269 0.612981 0.195513 0.668029 0.208333 0.666106 0.184615 0.666346 0.174359
1 0.000962 0.178846 0.001202 0.185577 0.042788 0.1875 0.043269 0.180769
0 0.058413 0.153846 0.044712 0.189423 0.000481 0.190064 0.0 0.178526 0.002404 0.16859 0.018269 0.145833
2 0.151923 0.58141 0.150721 0.585897 0.14976 0.595192 0.174038 0.595192 0.175481 0.58141
3 0.153606 0.590064 0.153125 0.59391 0.163702 0.59391 0.164423 0.589744
2 0.164183 0.519231 0.161298 0.532051 0.184615 0.532372 0.187019 0.519231
3 0.164423 0.526923 0.164423 0.530769 0.176442 0.530769 0.176683 0.527244
2 0.254808 0.526923 0.253846 0.541667 0.277163 0.539103 0.278365 0.525962
2 0.264423 0.579167 0.262981 0.592949 0.286058 0.590705 0.287981 0.577244
3 0.265385 0.586538 0.264904 0.591026 0.278125 0.590385 0.278606 0.585577
3 0.255769 0.535577 0.255288 0.539103 0.26851 0.538782 0.26851 0.534615
2 0.329327 0.527244 0.329567 0.539423 0.333894 0.539103 0.353125 0.534936 0.352404 0.522115
3 0.33149 0.534615 0.33149 0.538462 0.344471 0.536218 0.34375 0.532051
2 0.337981 0.575962 0.335337 0.590064 0.358894 0.590705 0.361538 0.577244
3 0.338462 0.584615 0.338221 0.588782 0.350721 0.589103 0.350721 0.584936
2 0.409135 0.570513 0.408894 0.585577 0.433413 0.583333 0.433173 0.569872
3 0.411298 0.578846 0.411298 0.583333 0.424519 0.582692 0.424038 0.578205
2 0.403846 0.514423 0.403125 0.526923 0.425721 0.52532 0.426202 0.513141
3 0.405048 0.522115 0.405048 0.525641 0.416827 0.52532 0.416827 0.521154
2 0.475 0.508654 0.476683 0.520513 0.499519 0.517628 0.498317 0.505769
3 0.478846 0.515705 0.479327 0.519231 0.491106 0.517949 0.490625 0.513782
2 0.480288 0.570833 0.480048 0.584295 0.504327 0.582692 0.503125 0.569231
3 0.48149 0.578526 0.481731 0.582692 0.494231 0.582051 0.49399 0.577564
2 0.553365 0.564423 0.553606 0.578205 0.577404 0.576282 0.576683 0.563782
3 0.555288 0.572436 0.555288 0.576923 0.56851 0.576282 0.568269 0.572115
2 0.544231 0.505128 0.544471 0.516667 0.567308 0.516026 0.566827 0.502885 0.544471 0.504487
3 0.546635 0.511859 0.546635 0.515705 0.558894 0.515385 0.558654 0.511538
2 0.071875 0.590064 0.070433 0.603846 0.094712 0.59968 0.095192 0.584936
3 0.073317 0.598077 0.073077 0.601603 0.086538 0.6 0.085817 0.596154
2 0.086298 0.517949 0.081971 0.530449 0.105288 0.530769 0.108173 0.517628
2 0.016346 0.524359 0.014183 0.535577 0.0375 0.53141 0.039423 0.519872
2 0.025721 0.48109 0.020192 0.491667 0.043269 0.491346 0.045913 0.480128
2 0.102163 0.480128 0.098077 0.492949 0.120433 0.491026 0.123077 0.477564
3 0.085817 0.52468 0.084375 0.529167 0.097596 0.527885 0.097837 0.524359
3 0.101683 0.486218 0.100962 0.489744 0.1125 0.488462 0.1125 0.484936
3 0.022837 0.488462 0.021394 0.490705 0.035096 0.490705 0.035817 0.48782
2 0.894471 0.375321 0.894712 0.380128 0.898077 0.385897 0.917308 0.385897 0.916346 0.375
3 0.899038 0.382051 0.899519 0.384936 0.915385 0.384936 0.915144 0.381731
2 0.877885 0.334295 0.882933 0.34391 0.900962 0.338782 0.896154 0.328846 0.889904 0.330449
3 0.883173 0.339103 0.883654 0.342308 0.897596 0.338141 0.896394 0.335577
2 0.948558 0.317308 0.95 0.326282 0.969952 0.329167 0.969471 0.319231
2 0.928365 0.280449 0.931971 0.290064 0.95 0.288462 0.946154 0.279808
2 0.978125 0.280128 0.980769 0.289744 0.999519 0.289423 0.999038 0.285577 0.996394 0.28109
2 0.969471 0.366026 0.973077 0.376282 0.99375 0.375321 0.989904 0.365064
3 0.973798 0.372436 0.974038 0.375641 0.989183 0.374679 0.988221 0.371795
3 0.951923 0.324038 0.952404 0.325962 0.963462 0.327244 0.963462 0.324359
3 0.932452 0.286538 0.932933 0.289423 0.945673 0.288141 0.945192 0.285577
3 0.981731 0.285897 0.98149 0.289103 0.996635 0.288462 0.996394 0.285577
2 0.684615 0.38109 0.686058 0.390385 0.70625 0.389423 0.70649 0.380449
3 0.68726 0.386218 0.68726 0.388782 0.69976 0.388782 0.699279 0.385897
2 0.595914 0.341987 0.595673 0.351282 0.616346 0.350962 0.616106 0.340705
3 0.598077 0.347756 0.598077 0.350962 0.608654 0.350321 0.608413 0.347115
2 0.594471 0.307051 0.595192 0.316667 0.615144 0.313462 0.613942 0.303846
3 0.596635 0.311859 0.596875 0.315064 0.608173 0.313141 0.607452 0.310577
2 0.7 0.284936 0.701683 0.296154 0.721635 0.291026 0.719471 0.280128
3 0.703606 0.290705 0.703846 0.29359 0.715865 0.290385 0.714663 0.288462
2 0.786538 0.36282 0.789423 0.383333 0.8 0.383013 0.796635 0.361218
3 0.791827 0.364103 0.794231 0.380769 0.797596 0.380769 0.794952 0.364103
2 0.26875 0.394872 0.268029 0.405769 0.289423 0.403846 0.289904 0.393269
3 0.270673 0.401282 0.270673 0.404167 0.281971 0.403846 0.281731 0.400962 0.270913 0.400641
2 0.245192 0.357051 0.242548 0.367628 0.26226 0.369231 0.265385 0.359295
3 0.245913 0.363782 0.245433 0.366346 0.255529 0.367308 0.255769 0.364744
2 0.379808 0.393269 0.379567 0.403526 0.400962 0.401282 0.40024 0.391346
3 0.381731 0.399359 0.382212 0.401923 0.39351 0.401282 0.39351 0.398397
2 0.38125 0.345192 0.380048 0.354808 0.401442 0.355128 0.400962 0.345513
3 0.382452 0.350641 0.381971 0.353846 0.393029 0.353846 0.392788 0.350641
2 0.386298 0.303526 0.386538 0.311859 0.40649 0.309295 0.405529 0.3
3 0.388702 0.308333 0.388942 0.310897 0.399519 0.309615 0.399038 0.307051
2 0.280769 0.303526 0.280048 0.312821 0.301442 0.311538 0.300962 0.301603
3 0.282933 0.308974 0.282692 0.311859 0.293029 0.311218 0.293029 0.308333
2 0.482212 0.298718 0.482933 0.308013 0.502163 0.30641 0.500962 0.297436
3 0.484615 0.303846 0.484375 0.306731 0.494952 0.305769 0.494231 0.303205
2 0.49351 0.340705 0.49351 0.350321 0.514183 0.348718 0.513221 0.339744
3 0.495433 0.346154 0.495433 0.349038 0.512981 0.348077 0.51274 0.345513
2 0.495913 0.391346 0.495913 0.401923 0.517308 0.40032 0.515865 0.389103
3 0.498317 0.397115 0.498558 0.400641 0.509135 0.4 0.508413 0.396154
2 0.528606 0.4 0.529086 0.410577 0.55 0.409936 0.549519 0.399359
3 0.530288 0.40609 0.530769 0.409615 0.541106 0.409295 0.541346 0.405449
2 0.122115 0.394551 0.11899 0.40609 0.139183 0.407051 0.142067 0.396474
3 0.121875 0.401923 0.121635 0.404808 0.135817 0.405449 0.135577 0.402564
2 0.136058 0.353205 0.134135 0.365064 0.154087 0.361859 0.155288 0.352564
3 0.13726 0.359615 0.13726 0.36282 0.148798 0.361538 0.148317 0.358974
2 0.014423 0.4125 0.010096 0.422436 0.028125 0.424359 0.031731 0.413782
3 0.013942 0.419231 0.012981 0.421474 0.027404 0.422436 0.028365 0.419551
2 0.021635 0.355449 0.017308 0.366026 0.036058 0.365705 0.039663 0.355449
3 0.020433 0.361218 0.019712 0.364744 0.034615 0.364744 0.034615 0.361218 0.020913 0.361218
2 0.105288 0.319231 0.104808 0.330128 0.12524 0.325641 0.12524 0.318269
3 0.106971 0.325 0.107212 0.327244 0.121875 0.32532 0.121875 0.323077
2 0.00024 0.317628 0.00024 0.327564 0.01875 0.320833 0.017067 0.311538
3 0.001442 0.322756 0.001923 0.325641 0.014904 0.320513 0.014183 0.317308
2 0.680288 0.328846 0.683413 0.332692 0.69399 0.333333 0.704327 0.329167 0.701442 0.322756 0.691827 0.32468
3 0.685096 0.330769 0.686058 0.332051 0.69351 0.332692 0.696875 0.33109 0.695673 0.329167 0.689423 0.330128
