3 0.105449 0.572356 0.10641 0.576442 0.135577 0.571394 0.135256 0.568029
2 0.100321 0.565865 0.101282 0.578365 0.134936 0.572356 0.136859 0.570433 0.134936 0.560336
3 0.000321 0.63125 0.000321 0.635577 0.017628 0.63726 0.019551 0.633173
2 0.000321 0.623558 0.0 0.636298 0.018269 0.638462 0.022756 0.630769 0.021795 0.62476
5 0.266667 0.655288 0.261218 0.698317 0.272115 0.698317 0.278205 0.655288
4 0.194231 0.714663 0.229167 0.715625 0.27532 0.715385 0.280769 0.654327 0.264744 0.653606 0.25609 0.69976 0.195513 0.700481
3 0.55032 0.707452 0.550962 0.711779 0.580449 0.711298 0.580449 0.706731
2 0.546474 0.698558 0.547756 0.7125 0.582692 0.711779 0.580769 0.698558
3 0.841987 0.653365 0.842949 0.657212 0.871154 0.656731 0.870192 0.652644
2 0.836538 0.646635 0.840385 0.658414 0.872756 0.657212 0.868269 0.645914
