3 0.358654 0.730128 0.358413 0.733974 0.385577 0.732372 0.385577 0.727885
2 0.357933 0.722756 0.355769 0.734936 0.386779 0.733654 0.388221 0.721795 0.385577 0.721154
3 0.647596 0.739103 0.648558 0.742308 0.65649 0.741987 0.671154 0.742308 0.670433 0.739103 0.658654 0.738141 0.652404 0.73782
2 0.645914 0.737179 0.651202 0.749359 0.673558 0.749359 0.671394 0.7375
3 0.846154 0.722756 0.85601 0.746154 0.861779 0.744872 0.850721 0.721795
2 0.839904 0.715705 0.852644 0.747756 0.868269 0.742628 0.856731 0.715064
8 0.623558 0.653205 0.624519 0.657692 0.653846 0.655128 0.652404 0.651282
8 0.641106 0.73141 0.642067 0.735256 0.660096 0.735897 0.671875 0.735897 0.674038 0.735256 0.673317 0.731731
3 0.48774 0.711859 0.487981 0.716346 0.508894 0.716026 0.508413 0.711859
2 0.485096 0.704808 0.485096 0.717949 0.510817 0.716346 0.509135 0.703205 0.486538 0.704167
