1 0.097515 0.221386 0.124812 0.216652 0.123682 0.225473 0.095633 0.229346 0.097515 0.221816
0 0.089232 0.194707 0.137236 0.18395 0.125377 0.228916 0.076807 0.236015
1 0.231928 0.179217 0.284827 0.175559 0.28445 0.184811 0.229857 0.188683
0 0.234563 0.145869 0.295369 0.140921 0.286333 0.188468 0.224209 0.192556
1 0.519578 0.154475 0.582643 0.148236 0.582831 0.157487 0.520331 0.162866
0 0.516002 0.11704 0.587161 0.1108 0.588102 0.161145 0.514119 0.167599
1 0.673193 0.103916 0.716867 0.096816 0.718185 0.102625 0.674322 0.109509
1 0.674322 0.114243 0.719315 0.107573 0.720821 0.114028 0.676017 0.121343
1 0.676205 0.125215 0.721009 0.11833 0.722703 0.125215 0.677334 0.131885
1 0.676017 0.154045 0.725527 0.14716 0.726845 0.15512 0.676393 0.160499
1 0.676958 0.165448 0.72628 0.159854 0.728163 0.166738 0.678464 0.172762
1 0.678087 0.177496 0.728727 0.172332 0.730045 0.179432 0.678652 0.184165
0 0.662651 0.084122 0.738328 0.07315 0.749812 0.122418 0.667922 0.136833 0.661145 0.083262
0 0.667733 0.138124 0.749059 0.124139 0.758095 0.181368 0.674511 0.192126
1 0.865964 0.127582 0.9343 0.121988 0.937124 0.131239 0.868599 0.136833
0 0.850715 0.090792 0.928276 0.084337 0.944654 0.137694 0.864081 0.142427 0.849962 0.092298
3 0.220821 0.35994 0.239081 0.363382 0.237764 0.367685 0.21875 0.364243
2 0.222139 0.351334 0.241905 0.355207 0.23814 0.36833 0.217056 0.364673
3 0.460843 0.334768 0.483622 0.333262 0.483434 0.338855 0.460843 0.340146
2 0.457078 0.327453 0.483998 0.326162 0.483998 0.340361 0.456702 0.341437
3 0.435806 0.407057 0.460279 0.402108 0.46122 0.407487 0.437124 0.412435
2 0.433735 0.399312 0.457831 0.395009 0.46122 0.399096 0.462538 0.408778 0.435053 0.414372
3 0.396837 0.506024 0.411898 0.505809 0.411709 0.510757 0.396273 0.510972
2 0.393449 0.495912 0.42131 0.495482 0.422063 0.511188 0.393449 0.512478
3 0.335279 0.542169 0.348833 0.547117 0.347327 0.552711 0.332831 0.548408
2 0.334902 0.533133 0.361634 0.540878 0.358434 0.556583 0.331702 0.548408
3 0.391566 0.58154 0.405497 0.582831 0.405309 0.589501 0.390437 0.587995 0.390813 0.581325
2 0.389684 0.570568 0.417733 0.573365 0.417169 0.590577 0.389307 0.588855 0.388366 0.588425
3 0.562124 0.404475 0.587726 0.398451 0.588291 0.40426 0.562688 0.409208
2 0.55817 0.396299 0.586408 0.390491 0.590361 0.405981 0.560429 0.412005
3 0.556664 0.331325 0.571348 0.328528 0.571913 0.333046 0.557041 0.335628 0.555911 0.33154
2 0.553276 0.323365 0.579443 0.318417 0.583208 0.331971 0.555535 0.337565
3 0.577184 0.504303 0.604292 0.506024 0.604669 0.511618 0.576431 0.510327 0.575866 0.504088
2 0.574172 0.493976 0.604857 0.495052 0.605798 0.512694 0.574172 0.511618
3 0.569465 0.543029 0.596574 0.544535 0.596762 0.55142 0.568901 0.549699
2 0.566077 0.533133 0.597139 0.534208 0.597703 0.551635 0.597703 0.552711 0.565889 0.55142
3 0.654932 0.321859 0.67131 0.321213 0.671875 0.325947 0.655685 0.326377
2 0.652108 0.313468 0.680535 0.311962 0.683358 0.327022 0.653803 0.327883
3 0.627636 0.42685 0.654367 0.425559 0.655309 0.432014 0.627636 0.433305 0.627259 0.427496
2 0.625 0.416738 0.654556 0.415663 0.656438 0.432659 0.625 0.434165 0.624059 0.416954
3 0.698042 0.462134 0.724962 0.46364 0.725715 0.47031 0.698607 0.468804
2 0.694654 0.451807 0.726092 0.453959 0.72741 0.471816 0.695407 0.469234
3 0.670934 0.534854 0.687312 0.532057 0.689383 0.539157 0.671498 0.542384 0.668863 0.535069
2 0.665851 0.525602 0.69616 0.519578 0.701807 0.537436 0.669428 0.54475
3 0.81683 0.462134 0.84262 0.459983 0.844126 0.466867 0.817959 0.468804
2 0.812688 0.452453 0.842809 0.451592 0.845821 0.468804 0.8157 0.470525
3 0.842997 0.585198 0.871423 0.584552 0.869541 0.587995 0.841679 0.587995
2 0.845633 0.579604 0.876883 0.579389 0.870105 0.589501 0.837538 0.589071
