1 0.215926 0.229346 0.215738 0.239888 0.265813 0.232788 0.28445 0.230207 0.284262 0.222031
0 0.216491 0.193201 0.20689 0.246773 0.290286 0.232788 0.301017 0.185886 0.237199 0.194277
1 0.417357 0.208907 0.416039 0.218804 0.461785 0.217298 0.461973 0.207401
0 0.389684 0.175129 0.380459 0.224398 0.467432 0.220955 0.470821 0.172762
7 0.246423 0.425774 0.244541 0.435241 0.281815 0.43438 0.282568 0.42685
6 0.246047 0.424268 0.243223 0.435671 0.28238 0.435026 0.283321 0.425559
3 0.376694 0.425774 0.376318 0.431368 0.409262 0.432874 0.409827 0.427065
2 0.375 0.415017 0.373682 0.43309 0.409639 0.434596 0.410768 0.416738
3 0.057229 0.634251 0.054782 0.643933 0.091114 0.644793 0.093373 0.636618
2 0.059111 0.620482 0.051958 0.645439 0.091867 0.647806 0.09808 0.622848
7 0.106551 0.724182 0.096386 0.77969 0.124247 0.77969 0.137801 0.724613
6 0.106175 0.72074 0.092432 0.780981 0.127259 0.781411 0.139495 0.722031
3 0.173946 0.732143 0.173193 0.74204 0.213102 0.743976 0.214044 0.735155
2 0.174322 0.717083 0.170934 0.743546 0.214044 0.745267 0.215926 0.720955
3 0.258471 0.79432 0.256965 0.803571 0.298381 0.810671 0.300264 0.80099
2 0.257342 0.775387 0.251694 0.805938 0.298946 0.813468 0.30384 0.783133
3 0.335655 0.700086 0.335467 0.709337 0.378577 0.706756 0.378577 0.697935
2 0.332455 0.683305 0.330949 0.711919 0.379706 0.709122 0.378953 0.681368
3 0.397026 0.698795 0.39759 0.707616 0.439571 0.706325 0.439759 0.697289
2 0.393637 0.681799 0.392319 0.710198 0.440889 0.708477 0.441453 0.687608 0.437124 0.680508
7 0.66378 0.697935 0.664533 0.730852 0.734563 0.732358 0.736634 0.693847
6 0.659639 0.685241 0.662462 0.736016 0.739646 0.73537 0.73927 0.687177
7 0.777485 0.656842 0.778238 0.678141 0.821348 0.675344 0.818148 0.654475
6 0.775602 0.654475 0.776167 0.679862 0.823042 0.677065 0.819465 0.652969
7 0.821348 0.654045 0.847703 0.741609 0.897779 0.716437 0.869541 0.640921
6 0.819842 0.651893 0.84262 0.745697 0.901544 0.718589 0.874059 0.638554
7 0.930723 0.681799 0.937312 0.70611 0.983246 0.690404 0.976657 0.669966
6 0.928652 0.679647 0.936747 0.708692 0.986258 0.693847 0.97948 0.665878
1 0.960655 0.22784 1.0 0.229131 1.0 0.236661 0.961596 0.234725
0 0.941077 0.210413 1.0 0.21278 1.0 0.263769 0.974021 0.262694
