3 0.069089 0.178787 0.069465 0.186102 0.089985 0.18309 0.08942 0.17599
2 0.067018 0.173623 0.068336 0.193417 0.096762 0.190189 0.094503 0.169535
3 0.102598 0.159639 0.102974 0.166523 0.128012 0.165663 0.127824 0.158993
2 0.100151 0.147375 0.099586 0.167814 0.128577 0.167384 0.1282 0.14673
3 0.180346 0.126721 0.181099 0.133606 0.21122 0.128442 0.210843 0.121558
2 0.177334 0.114673 0.177711 0.136403 0.211973 0.130594 0.211596 0.109725
5 0.367282 0.085843 0.367658 0.106497 0.488517 0.100473 0.487952 0.080034
4 0.342244 0.083262 0.34262 0.111661 0.490211 0.103055 0.489458 0.076162
3 0.578878 0.061747 0.577748 0.093158 0.58622 0.092513 0.586785 0.061102
2 0.57003 0.058305 0.568712 0.100904 0.606175 0.101119 0.607304 0.057014
3 0.042169 0.421472 0.042357 0.42642 0.052523 0.425559 0.051958 0.420396
2 0.037462 0.414157 0.03991 0.43395 0.05497 0.43352 0.052523 0.412866
3 0.46122 0.354346 0.459902 0.395654 0.467056 0.395009 0.468374 0.354991
2 0.459902 0.351764 0.458208 0.396945 0.478916 0.397806 0.479857 0.351334
7 0.720633 0.288941 0.718562 0.313683 0.758283 0.313683 0.756212 0.328528 0.778803 0.328528 0.781062 0.30809 0.771649 0.307659 0.773343 0.291738
6 0.716679 0.285929 0.712914 0.329389 0.781062 0.33068 0.783886 0.288726
7 0.160203 0.33821 0.161709 0.356282 0.179029 0.353055 0.1843 0.348537 0.195971 0.350688 0.210279 0.352194 0.211032 0.337134 0.198795 0.336059 0.176017 0.335413
6 0.158133 0.334983 0.160015 0.358864 0.212538 0.353916 0.211973 0.333046
5 0.801393 0.36747 0.800828 0.374355 0.841114 0.375215 0.84055 0.368546
4 0.787651 0.363382 0.786521 0.378227 0.801581 0.378442 0.802146 0.375645 0.841679 0.376291 0.841867 0.363382
3 0.814759 0.391351 0.814006 0.398666 0.847515 0.401248 0.848268 0.394578
2 0.812124 0.377367 0.810241 0.400387 0.847703 0.403184 0.850339 0.380809
8 0.713291 0.41136 0.710467 0.466867 0.7532 0.466652 0.756212 0.41136
8 0.29311 0.407917 0.295557 0.449871 0.334149 0.449871 0.333961 0.407272
8 0.948983 0.366394 0.944465 0.406626 0.969315 0.405551 0.972892 0.366609
8 0.945595 0.298838 0.941265 0.341222 0.976092 0.340361 0.977974 0.297117
8 0.659639 0.141566 0.658697 0.180077 0.6875 0.163726 0.688818 0.12457
