1 0.407191 0.187177 0.406438 0.195998 0.471197 0.197719 0.472139 0.188898
0 0.40625 0.157487 0.401544 0.188468 0.399473 0.201592 0.474774 0.203959 0.478539 0.160714
1 0.686935 0.18352 0.689571 0.19191 0.731928 0.200516 0.747176 0.202238 0.745105 0.194492 0.708208 0.187823
0 0.672252 0.160499 0.679217 0.173838 0.683358 0.181583 0.686182 0.197074 0.752071 0.207831 0.737199 0.165232
5 0.201431 0.713855 0.192959 0.763554 0.199925 0.763769 0.207831 0.714716
4 0.200678 0.710843 0.190889 0.764415 0.200866 0.765275 0.210467 0.712134
3 0.586408 0.480207 0.587349 0.48537 0.614081 0.481928 0.613705 0.476979
2 0.581137 0.470525 0.584149 0.487737 0.614458 0.483434 0.614646 0.480207 0.611822 0.466867
3 0.607681 0.553571 0.60881 0.55895 0.636107 0.553571 0.634977 0.547978
2 0.602033 0.542384 0.60561 0.560456 0.637613 0.554217 0.637989 0.550559 0.634601 0.53679
3 0.62067 0.661575 0.620858 0.668029 0.650226 0.66846 0.650038 0.662005
2 0.616152 0.649096 0.617093 0.668675 0.653238 0.668675 0.652297 0.648881
3 0.744729 0.538081 0.746235 0.543029 0.769955 0.541523 0.768825 0.53636
2 0.739458 0.527324 0.740211 0.533778 0.743788 0.54346 0.772402 0.541738 0.769014 0.525818
3 0.763931 0.648021 0.764872 0.65426 0.792545 0.651463 0.791227 0.645439
2 0.758095 0.635972 0.758848 0.645654 0.761672 0.656196 0.794428 0.653399 0.791227 0.642427 0.788215 0.633606
3 0.84808 0.404475 0.848833 0.409423 0.870105 0.409423 0.868411 0.40469
2 0.842244 0.396945 0.847139 0.410499 0.8718 0.410714 0.865776 0.396945
3 0.875188 0.552926 0.875941 0.558735 0.903238 0.55852 0.900979 0.552711
2 0.867846 0.544105 0.873494 0.563683 0.904932 0.563253 0.899285 0.543029
3 0.90192 0.67685 0.902108 0.683305 0.931099 0.680938 0.929029 0.674053
2 0.892131 0.664802 0.925452 0.66222 0.93317 0.686317 0.899849 0.689114
