3 0.288404 0.1392 0.289157 0.150602 0.317206 0.150387 0.316077 0.1392
2 0.28445 0.121127 0.286333 0.151678 0.321913 0.151678 0.333961 0.152324 0.339044 0.13963 0.338291 0.121343
3 0.370482 0.125215 0.370482 0.136833 0.398155 0.135327 0.39759 0.124785
2 0.366152 0.106497 0.367282 0.136833 0.370294 0.138339 0.421498 0.135542 0.419992 0.104776
3 0.483057 0.028614 0.482681 0.040878 0.528238 0.04346 0.529367 0.033778
2 0.476657 0.0071 0.47628 0.041954 0.527297 0.046256 0.53012 0.042599 0.530874 0.011403
3 0.476845 0.101549 0.47628 0.112306 0.522967 0.114673 0.523155 0.104346
2 0.472327 0.083262 0.472327 0.116394 0.524096 0.119406 0.524849 0.086704
3 0.660392 0.150818 0.65945 0.160929 0.684864 0.162435 0.685429 0.153614
2 0.658321 0.131024 0.654932 0.160714 0.694089 0.163296 0.698042 0.135757
3 0.740964 0.137478 0.740399 0.146945 0.78012 0.148666 0.780497 0.14006
2 0.737011 0.118546 0.735316 0.148881 0.780497 0.150818 0.783133 0.124355 0.780497 0.120697
3 0.956514 0.175775 0.954819 0.18438 0.985316 0.186962 0.986822 0.179002
2 0.957455 0.160714 0.953125 0.188468 0.985316 0.190404 0.989458 0.164587
3 0.084714 0.403614 0.095633 0.445998 0.103351 0.446213 0.091303 0.402324
2 0.082643 0.398666 0.094315 0.446859 0.113893 0.446644 0.101468 0.397375
3 0.567959 0.407057 0.567959 0.415232 0.605233 0.413296 0.60561 0.405766
2 0.567018 0.392642 0.566077 0.421472 0.60561 0.41932 0.606739 0.391566
3 0.248494 0.682014 0.249812 0.689759 0.280497 0.686747 0.278426 0.680508
2 0.246611 0.678356 0.25113 0.69815 0.288968 0.693417 0.285392 0.676635
3 0.320218 0.634251 0.320783 0.640706 0.353727 0.638984 0.353351 0.63296
2 0.312876 0.624785 0.316642 0.644578 0.35561 0.643287 0.35241 0.623494
3 0.695971 0.602194 0.696724 0.608864 0.72308 0.606067 0.725339 0.598537
2 0.690512 0.591222 0.688253 0.613812 0.723645 0.608649 0.728351 0.58821
3 0.16378 0.849613 0.174699 0.833692 0.177334 0.836919 0.167922 0.852625
2 0.157756 0.850904 0.168298 0.864458 0.185241 0.83821 0.173946 0.826162 0.16491 0.843158
3 0.262236 0.819707 0.261107 0.824656 0.276167 0.824871 0.27692 0.819707
2 0.25433 0.815835 0.248306 0.832186 0.277297 0.832616 0.282756 0.815835
3 0.200301 0.898666 0.201242 0.901678 0.214797 0.901463 0.214044 0.898021
2 0.196536 0.895439 0.198419 0.902754 0.216491 0.902108 0.214797 0.895224
3 0.416416 0.893933 0.416039 0.897375 0.42997 0.897806 0.430346 0.894578
2 0.414533 0.892427 0.413968 0.898021 0.441453 0.899312 0.442771 0.891136
3 0.520896 0.8821 0.520708 0.885542 0.531438 0.885112 0.531626 0.881885
2 0.517319 0.878227 0.517319 0.887694 0.541416 0.885542 0.54198 0.880379 0.541227 0.877797 0.53878 0.876936 0.517696 0.878012
3 0.579443 0.873064 0.579631 0.876291 0.594503 0.874785 0.594315 0.871773
2 0.57869 0.866824 0.577372 0.877582 0.604857 0.874355 0.605233 0.863597
3 0.573419 0.894578 0.573607 0.897375 0.586973 0.896084 0.586973 0.893287
2 0.572854 0.889415 0.572854 0.898021 0.598456 0.895869 0.599962 0.887909
3 0.623117 0.810671 0.623494 0.815404 0.637236 0.814329 0.636483 0.810456
2 0.612764 0.807444 0.615587 0.822719 0.643637 0.821213 0.639496 0.806153
3 0.661145 0.799914 0.665851 0.814329 0.669992 0.813468 0.665663 0.799484
2 0.656815 0.796472 0.667357 0.82401 0.692206 0.821213 0.679593 0.792814 0.678087 0.794535
3 0.701242 0.806583 0.704443 0.810671 0.712538 0.804002 0.708961 0.800559
2 0.694842 0.810456 0.703878 0.822289 0.720821 0.807229 0.709149 0.795396 0.69936 0.802496 0.700489 0.806153
3 0.82116 0.787005 0.829819 0.801205 0.834714 0.799268 0.825489 0.785929
2 0.809676 0.777754 0.826996 0.805723 0.841679 0.804002 0.821913 0.775172
