1 0.338291 0.298408 0.392696 0.298408 0.392508 0.309165 0.337726 0.306153
0 0.33942 0.264415 0.396837 0.266136 0.393825 0.312608 0.334149 0.310456
1 0.143449 0.307444 0.185994 0.306153 0.184676 0.312608 0.141566 0.316265
0 0.14439 0.277324 0.136483 0.320138 0.186559 0.317341 0.194277 0.275602
1 0.026355 0.324656 0.061935 0.325732 0.060241 0.333046 0.02372 0.33154
0 0.028426 0.293675 0.077184 0.295181 0.070407 0.318201 0.060994 0.337134 0.017696 0.333907
1 0.491717 0.310886 0.543863 0.312823 0.543486 0.320783 0.492846 0.319062
0 0.488893 0.277969 0.546122 0.280766 0.547063 0.325301 0.487387 0.322719
1 0.666227 0.309165 0.711785 0.307874 0.713291 0.31562 0.667545 0.316265
0 0.655874 0.276248 0.710279 0.275387 0.719126 0.318632 0.662274 0.321859
1 0.829254 0.303787 0.867093 0.310886 0.868788 0.317986 0.830384 0.311747
0 0.821536 0.273451 0.863893 0.281196 0.87067 0.322504 0.836032 0.316265 0.829066 0.313468
8 0.92131 0.288941 0.943336 0.290017 0.949548 0.307874 0.926958 0.305077
