3 0.252885 0.459615 0.274279 0.461538 0.273077 0.466346 0.250962 0.465064
2 0.250962 0.452564 0.278846 0.453846 0.275721 0.464423 0.273317 0.467949 0.249038 0.465064
3 0.24375 0.563782 0.270192 0.558974 0.270673 0.564423 0.24399 0.569872 0.24351 0.564744
2 0.239183 0.553526 0.269952 0.548718 0.271154 0.563782 0.271394 0.565385 0.240865 0.570192
3 0.349038 0.553846 0.374038 0.557372 0.372596 0.563141 0.347596 0.559615
2 0.348077 0.544872 0.376202 0.548397 0.374038 0.564423 0.345192 0.559936
3 0.416827 0.523718 0.443029 0.521795 0.443269 0.527244 0.443029 0.528205 0.417308 0.528846
2 0.415144 0.515064 0.443269 0.513782 0.44375 0.528205 0.414904 0.529808
8 0.626683 0.532692 0.651683 0.536859 0.652404 0.554487 0.627164 0.550962
8 0.683173 0.530769 0.706971 0.530769 0.710817 0.547756 0.686058 0.548718
8 0.669712 0.45609 0.692067 0.454487 0.695433 0.470513 0.672596 0.471474
8 0.721154 0.457692 0.745192 0.45641 0.748798 0.472756 0.725 0.474359
8 0.740625 0.532372 0.76226 0.532372 0.765385 0.533654 0.76851 0.550962 0.74375 0.55
8 0.789183 0.529167 0.812981 0.530449 0.816106 0.546154 0.793269 0.547115
8 0.776202 0.457051 0.800481 0.455128 0.804327 0.471795 0.780529 0.472115
8 0.822836 0.454808 0.845914 0.454487 0.850962 0.469872 0.829567 0.470513
8 0.851683 0.535897 0.875 0.533013 0.881731 0.550962 0.858173 0.553526
3 0.36899 0.880769 0.389183 0.883974 0.388942 0.89359 0.367308 0.891026
2 0.368269 0.868269 0.401683 0.871474 0.401683 0.895513 0.366346 0.891346
5 0.382692 0.799679 0.405769 0.800962 0.407212 0.80032 0.407212 0.809615 0.38101 0.808974 0.38101 0.8
4 0.36274 0.796474 0.409135 0.797436 0.410096 0.817949 0.360817 0.816667
3 0.611779 0.867628 0.642788 0.865385 0.644471 0.874359 0.612981 0.876282
2 0.608173 0.85641 0.643029 0.852244 0.647356 0.87532 0.611058 0.878846
3 0.701683 0.869231 0.733654 0.874359 0.734135 0.883333 0.702404 0.877885
2 0.700481 0.858974 0.732692 0.860897 0.734615 0.884295 0.700962 0.879487
