1 0.031438 0.101979 0.031062 0.108434 0.068712 0.102194 0.069277 0.09574
1 0.028614 0.112522 0.028238 0.118976 0.065889 0.112522 0.066453 0.106282
1 0.024849 0.124355 0.024473 0.130809 0.062123 0.12457 0.063253 0.11747
1 0.013742 0.153399 0.012236 0.160499 0.052899 0.154905 0.054405 0.148236
1 0.010166 0.166093 0.00866 0.172978 0.050264 0.167599 0.050828 0.160714
1 0.006024 0.177926 0.005083 0.185026 0.046687 0.180723 0.048193 0.173408
0 0.027108 0.08111 0.026355 0.089071 0.025414 0.09574 0.015813 0.134036 0.075678 0.126936 0.081325 0.111015 0.091491 0.073795
0 0.014495 0.134682 0.075866 0.127797 0.07116 0.148021 0.065136 0.182659 0.046875 0.186747 0.018072 0.190189 0.000565 0.19191 0.000753 0.182444
1 0.212349 0.125861 0.210655 0.135327 0.274849 0.129518 0.275602 0.120912
0 0.214232 0.089501 0.204255 0.141136 0.27805 0.134251 0.286709 0.083046
1 0.403991 0.131024 0.403426 0.141781 0.443336 0.144793 0.444842 0.134897
0 0.372929 0.08821 0.370482 0.119621 0.368223 0.145654 0.383471 0.145869 0.448795 0.152108 0.450866 0.096816 0.417545 0.093589 0.393637 0.092083
1 0.575678 0.149312 0.574925 0.158993 0.638366 0.16932 0.638366 0.160714
0 0.572477 0.111876 0.567583 0.162866 0.643072 0.174914 0.644767 0.125
1 0.728539 0.166738 0.730798 0.175129 0.788592 0.182444 0.785768 0.172978
0 0.71762 0.127582 0.721762 0.157917 0.726092 0.179862 0.769955 0.184596 0.792922 0.187177 0.788404 0.163511 0.783509 0.136188
1 0.880648 0.181153 0.881212 0.189759 0.910392 0.203744 0.924322 0.210198 0.923758 0.202668
0 0.872741 0.146084 0.876694 0.190404 0.928464 0.217083 0.928087 0.208262 0.923193 0.172978
3 0.026355 0.467728 0.025979 0.473107 0.051581 0.472461 0.052334 0.466652
2 0.024849 0.457616 0.02259 0.474613 0.051958 0.473752 0.05384 0.459768 0.052711 0.457186
3 0.368411 0.452022 0.368223 0.457616 0.385166 0.456971 0.384977 0.451592
2 0.365399 0.443847 0.365776 0.459983 0.397214 0.459122 0.396837 0.444492 0.395896 0.443417
3 0.518825 0.389415 0.519202 0.394578 0.534074 0.393287 0.534074 0.388124
2 0.514119 0.380809 0.516754 0.396299 0.545557 0.393287 0.54311 0.378442
3 0.521649 0.460628 0.521649 0.466007 0.537839 0.465577 0.538215 0.460413
2 0.518072 0.451592 0.519014 0.467298 0.521084 0.467728 0.547816 0.467083 0.549699 0.465577 0.548381 0.450947
3 0.506777 0.535714 0.505648 0.541954 0.522214 0.543675 0.523343 0.537866
2 0.505271 0.524742 0.503953 0.542599 0.533886 0.546687 0.53558 0.546256 0.536521 0.52926 0.532568 0.528614
3 0.656815 0.462349 0.657191 0.467728 0.682041 0.466867 0.681664 0.461489
2 0.652297 0.452883 0.653991 0.468804 0.682794 0.468374 0.681099 0.452453
3 0.646649 0.534854 0.646837 0.540017 0.672252 0.541523 0.672063 0.536145
2 0.643449 0.524742 0.644202 0.541523 0.673569 0.542814 0.673004 0.528184 0.671875 0.526248
3 0.755836 0.462134 0.755836 0.467083 0.769955 0.468804 0.769955 0.464071
2 0.752636 0.453528 0.753577 0.452883 0.777108 0.45568 0.778426 0.458692 0.779179 0.47117 0.753953 0.468374
3 0.764119 0.539157 0.764119 0.54389 0.778426 0.54432 0.77805 0.539372
2 0.760919 0.529045 0.759413 0.529475 0.762048 0.545826 0.787462 0.546041 0.786898 0.535069 0.783321 0.529905
3 0.801581 0.462134 0.802711 0.466867 0.824172 0.46278 0.822854 0.458262
2 0.798569 0.452883 0.799511 0.459552 0.800828 0.468158 0.823795 0.463855 0.825489 0.461919 0.82436 0.460198 0.821536 0.449441
3 0.842809 0.532702 0.853916 0.527108 0.855422 0.531196 0.844315 0.536575
2 0.837349 0.525387 0.838479 0.522806 0.858057 0.5142 0.859375 0.514845 0.864834 0.527969 0.842432 0.537651
1 0.21875 0.469234 0.218562 0.472031 0.226092 0.472031 0.226092 0.469664
1 0.218562 0.472676 0.218374 0.475473 0.226092 0.475688 0.226092 0.473322
1 0.219503 0.465792 0.219315 0.468589 0.226845 0.468804 0.226845 0.466437
0 0.213855 0.460413 0.211596 0.47784 0.22195 0.477194 0.226845 0.47741 0.230798 0.477625 0.233622 0.460628
3 0.378389 0.537866 0.378389 0.544535 0.395708 0.54389 0.395896 0.537866
2 0.37613 0.527324 0.376318 0.545611 0.408321 0.545396 0.408321 0.527754 0.407191 0.527108
