2 0.629808 0.69359 0.63101 0.71282 0.658414 0.713782 0.662019 0.708974 0.660096 0.69391
3 0.633894 0.705449 0.634615 0.711218 0.659375 0.711859 0.658414 0.705449
2 0.76274 0.774038 0.767067 0.794551 0.794712 0.792628 0.796875 0.788141 0.791346 0.772756
3 0.768269 0.786538 0.769712 0.791987 0.794952 0.790385 0.79375 0.784295
2 0.738942 0.725962 0.745433 0.744551 0.769471 0.739103 0.771875 0.734936 0.765385 0.719231 0.758413 0.720833
3 0.745433 0.737179 0.747356 0.742628 0.770914 0.735577 0.76899 0.730128
7 0.78726 0.709295 0.790385 0.724359 0.849038 0.715705 0.847115 0.702564
6 0.786298 0.708013 0.789663 0.725641 0.84976 0.716667 0.847837 0.700962
3 0.864183 0.716987 0.865865 0.723397 0.88774 0.717628 0.886058 0.71218
2 0.857452 0.707372 0.864183 0.725641 0.889904 0.71859 0.882212 0.701923
3 0.89375 0.777564 0.896394 0.783333 0.918029 0.775641 0.916106 0.769872
2 0.886538 0.767628 0.896394 0.784936 0.919712 0.776603 0.917548 0.769551 0.909856 0.759615
3 0.834135 0.781731 0.836058 0.78718 0.858894 0.782372 0.856971 0.77532
2 0.827644 0.769231 0.834375 0.789744 0.860577 0.783333 0.853606 0.764744
3 0.436298 0.495833 0.43774 0.500641 0.461298 0.499679 0.460817 0.494551
2 0.432212 0.488782 0.436058 0.502564 0.462981 0.500641 0.461298 0.489423 0.457692 0.485577 0.432692 0.486859
7 0.147837 0.488141 0.15024 0.502885 0.202163 0.480449 0.202885 0.477564 0.200962 0.471474 0.189183 0.475641
6 0.147115 0.48718 0.149279 0.503846 0.202885 0.48141 0.203846 0.477244 0.201683 0.470192
2 0.659135 0.542308 0.657452 0.552885 0.683173 0.568269 0.685336 0.553205 0.6625 0.541346
3 0.660096 0.549038 0.659615 0.553205 0.682692 0.566346 0.682692 0.560256
2 0.646394 0.499038 0.661298 0.525962 0.672115 0.520513 0.65625 0.494551
3 0.653606 0.497115 0.666827 0.520513 0.669712 0.518269 0.65625 0.495513
2 0.685577 0.432692 0.690625 0.446474 0.713221 0.442628 0.707933 0.430128
3 0.690865 0.440705 0.692067 0.444551 0.710577 0.441987 0.708654 0.437821
2 0.738221 0.432692 0.739183 0.447756 0.763942 0.45 0.7625 0.435897
3 0.740865 0.441987 0.741587 0.447115 0.7625 0.448397 0.76226 0.444551
2 0.689183 0.479808 0.695673 0.508013 0.708894 0.506731 0.701202 0.478846
3 0.696635 0.480769 0.702644 0.505128 0.706971 0.504487 0.70024 0.480449
2 0.718029 0.529808 0.716106 0.542628 0.739183 0.555769 0.742548 0.553846 0.74351 0.541987
3 0.719231 0.538462 0.71875 0.542628 0.739664 0.554167 0.741587 0.553846 0.741827 0.55032
2 0.778365 0.541026 0.784135 0.551923 0.807933 0.55032 0.799038 0.539103
3 0.784135 0.547756 0.786058 0.550641 0.805288 0.549359 0.803125 0.545513
2 0.761538 0.491026 0.768269 0.50032 0.788702 0.496795 0.782452 0.490064
3 0.767788 0.497436 0.76899 0.499679 0.786779 0.496154 0.784135 0.49359
