1 0.160768 0.236231 0.15945 0.243115 0.207078 0.239673 0.208208 0.233434
1 0.154744 0.247633 0.153426 0.254518 0.202748 0.251506 0.204255 0.243976
1 0.149849 0.259251 0.148532 0.266136 0.198983 0.263124 0.200113 0.255809
0 0.159639 0.21988 0.139495 0.265275 0.137613 0.273021 0.190136 0.268933 0.224398 0.266566 0.234375 0.23537 0.240776 0.212995
1 0.664157 0.266351 0.691077 0.269793 0.712161 0.270869 0.720821 0.270869 0.737011 0.270654 0.73814 0.280336 0.715361 0.281842 0.66491 0.278184
0 0.648908 0.228055 0.661145 0.28012 0.67564 0.284639 0.692959 0.286145 0.70256 0.285069 0.714232 0.286145 0.724398 0.28722 0.748306 0.283133 0.736258 0.252151 0.731739 0.231713 0.69616 0.232143
7 0.210655 0.425559 0.209337 0.436532 0.238328 0.435026 0.240399 0.42599
7 0.19936 0.463855 0.19823 0.479776 0.234187 0.479776 0.236634 0.466867
6 0.21009 0.423838 0.20689 0.438253 0.23927 0.436747 0.241529 0.424268
6 0.198042 0.461274 0.196536 0.481067 0.235693 0.481067 0.238517 0.465146
7 0.290663 0.432659 0.287839 0.445353 0.326996 0.443632 0.327372 0.43395
6 0.289157 0.431153 0.286898 0.446859 0.328125 0.445353 0.328502 0.431799
7 0.281815 0.468158 0.27805 0.495052 0.323419 0.493546 0.32323 0.480207 0.305346 0.479991 0.306288 0.467513
6 0.280309 0.466222 0.276167 0.497418 0.32436 0.495912 0.325113 0.47784 0.306852 0.477194 0.307229 0.466222
7 0.334337 0.46364 0.333773 0.479131 0.389872 0.476549 0.390437 0.462349
6 0.332267 0.460198 0.332078 0.481713 0.39119 0.478485 0.391754 0.460413
7 0.338667 0.425344 0.338102 0.447504 0.371423 0.446213 0.372741 0.435671 0.362199 0.433735 0.35994 0.423623
6 0.336596 0.422332 0.33509 0.449226 0.373117 0.44815 0.374059 0.433735 0.363517 0.431583 0.360504 0.422332
7 0.404179 0.415232 0.404367 0.424484 0.450301 0.421472 0.450489 0.413081
6 0.40305 0.414372 0.403426 0.424914 0.450678 0.422547 0.451054 0.41179
7 0.399849 0.458046 0.401544 0.468158 0.438065 0.465577 0.438441 0.457401
6 0.398532 0.457186 0.401167 0.469234 0.439006 0.466222 0.43863 0.455895
5 0.655874 0.456756 0.656062 0.462349 0.6907 0.462134 0.690324 0.456971
4 0.642131 0.453959 0.642696 0.46364 0.691453 0.462995 0.691077 0.45611
7 0.783133 0.410714 0.784262 0.418029 0.817959 0.417599 0.815324 0.411145
6 0.782568 0.410069 0.783509 0.41932 0.818901 0.418675 0.816265 0.409639
7 0.425264 0.628012 0.42564 0.642642 0.489458 0.638124 0.49134 0.645654 0.495105 0.644148 0.493788 0.627367
6 0.423569 0.625 0.423946 0.646515 0.496235 0.6463 0.49567 0.625215
