1 0.035768 0.291954 0.097327 0.301635 0.092997 0.310671 0.029932 0.300129
0 0.045557 0.25796 0.118788 0.270654 0.096009 0.314759 0.021084 0.302926
1 0.372553 0.285929 0.412274 0.289157 0.412086 0.296256 0.372176 0.292599
1 0.371047 0.295826 0.412086 0.299053 0.412274 0.306368 0.370482 0.302496
1 0.370105 0.305938 0.412086 0.309165 0.412462 0.317556 0.369917 0.313898
0 0.367846 0.268933 0.43317 0.273666 0.432794 0.324871 0.364646 0.319923
1 0.527861 0.311962 0.582267 0.314544 0.583208 0.324441 0.528614 0.322504
0 0.522402 0.279045 0.582455 0.282702 0.587161 0.328959 0.523343 0.325732
1 0.653238 0.322719 0.701431 0.328959 0.702748 0.33864 0.653426 0.332831
0 0.645143 0.289587 0.699548 0.295826 0.707078 0.343589 0.650602 0.336274
1 0.865399 0.34488 0.901167 0.347246 0.903991 0.356497 0.868035 0.354346
0 0.852598 0.314759 0.896273 0.320998 0.90945 0.3608 0.865964 0.356067 0.863705 0.356067
