1 0.282944 0.262478 0.32756 0.261833 0.326619 0.274742 0.282003 0.274312
0 0.266002 0.226979 0.341867 0.225904 0.330008 0.278184 0.249812 0.280766
7 0.650038 0.366609 0.682982 0.363597 0.713667 0.362737 0.714608 0.372633 0.687124 0.374139 0.66378 0.377582 0.654744 0.379948
6 0.64872 0.365749 0.71442 0.361446 0.716303 0.374139 0.688065 0.37457 0.66491 0.378227 0.653803 0.381454
7 0.657191 0.385327 0.680158 0.377151 0.698419 0.37543 0.709902 0.375645 0.717432 0.375 0.724586 0.369836 0.730422 0.3821 0.724209 0.384682 0.677523 0.394578 0.658509 0.399096
6 0.65512 0.384036 0.657191 0.399957 0.708208 0.388769 0.731928 0.383176 0.724774 0.368761 0.718185 0.372849 0.716867 0.37457 0.706325 0.374785 0.691642 0.375 0.679782 0.376721
7 0.663027 0.410284 0.695218 0.40512 0.709526 0.402754 0.733622 0.398881 0.738705 0.408993 0.730798 0.416954 0.701054 0.41889 0.686182 0.424699 0.666792 0.427926
6 0.661898 0.409423 0.734187 0.397375 0.740023 0.410929 0.730798 0.41889 0.701054 0.419966 0.684488 0.426205 0.666039 0.428787
7 0.803464 0.362306 0.842997 0.358003 0.882907 0.356282 0.885542 0.370267 0.850527 0.372418 0.823795 0.379733 0.809676 0.38167
7 0.811747 0.387478 0.831702 0.386188 0.862199 0.385757 0.885354 0.381024 0.888931 0.398451 0.814383 0.406842
6 0.801581 0.361661 0.88366 0.354776 0.887613 0.372203 0.850527 0.374139 0.808358 0.383391
6 0.808923 0.386403 0.842432 0.384466 0.886483 0.378873 0.891378 0.399312 0.813818 0.408563
3 0.030497 0.406411 0.046687 0.40426 0.046122 0.409208 0.030497 0.410714
2 0.031815 0.398021 0.05177 0.395439 0.049322 0.402754 0.04744 0.410069 0.02805 0.41136
3 0.111634 0.414802 0.125941 0.413941 0.125565 0.419105 0.111634 0.41889
2 0.112764 0.405336 0.137613 0.404045 0.137613 0.410714 0.135919 0.416308 0.134977 0.419535 0.109563 0.41932
3 0.15945 0.40383 0.173758 0.404475 0.171875 0.409208 0.157568 0.408348
2 0.163592 0.395439 0.18637 0.396515 0.180346 0.410499 0.156815 0.408993 0.158321 0.40469
3 0.230798 0.429002 0.245858 0.429647 0.244352 0.435671 0.22948 0.434165
2 0.231551 0.419105 0.258848 0.420611 0.256777 0.430077 0.253577 0.437177 0.226845 0.435241
3 0.285203 0.453528 0.311747 0.450947 0.311935 0.456325 0.28558 0.458692
2 0.28445 0.443417 0.309111 0.44105 0.312876 0.446644 0.3125 0.453313 0.3125 0.456756 0.310806 0.458046 0.281438 0.460198
3 0.314947 0.399527 0.328878 0.389845 0.331137 0.393718 0.316642 0.403184
2 0.308735 0.393503 0.336596 0.374785 0.342809 0.386188 0.314571 0.405336
3 0.382907 0.424699 0.399849 0.425774 0.399661 0.431153 0.381401 0.430938
2 0.380648 0.414372 0.410203 0.415232 0.413404 0.417384 0.411521 0.432874 0.378765 0.431799 0.377824 0.430293
3 0.451619 0.372203 0.46762 0.370482 0.467809 0.375 0.451619 0.376506
2 0.448419 0.362952 0.479292 0.360155 0.480233 0.375861 0.45369 0.378012 0.448042 0.376076 0.447666 0.363167
3 0.457643 0.451377 0.475715 0.447719 0.476657 0.452883 0.458584 0.456756
2 0.45256 0.441695 0.486258 0.43438 0.489081 0.451377 0.455572 0.459122
3 0.567771 0.373709 0.584714 0.373924 0.585467 0.379088 0.567395 0.378658
2 0.565512 0.364458 0.595821 0.364673 0.596762 0.379948 0.564383 0.379303
3 0.978351 0.416523 0.993411 0.415448 0.994541 0.421041 0.980798 0.421687
2 0.971009 0.406411 0.997741 0.404475 1.0 0.409423 0.999812 0.421902 0.97948 0.422978
3 0.569842 0.623064 0.605045 0.629733 0.605045 0.638554 0.569842 0.631239
2 0.567395 0.608219 0.607492 0.616394 0.606175 0.63963 0.5657 0.630809
3 0.113705 0.97827 0.142319 0.986446 0.140813 0.993976 0.112575 0.986446
3 0.164533 0.993115 0.195218 0.998064 0.194842 0.999785 0.163968 0.99957
3 0.24134 0.921472 0.264119 0.926205 0.262425 0.936102 0.239458 0.930077
3 0.369917 0.922547 0.394202 0.924484 0.393072 0.933305 0.369917 0.931153
3 0.4968 0.949656 0.521084 0.951807 0.519955 0.960628 0.4968 0.958477
3 0.611446 0.932444 0.652485 0.928571 0.651732 0.937608 0.61314 0.941695
2 0.240964 0.905551 0.280497 0.914802 0.275602 0.941695 0.236634 0.931799
2 0.163404 0.975904 0.196536 0.982788 0.19616 0.999355 0.160015 1.0
2 0.113705 0.962995 0.146084 0.970955 0.142131 0.996558 0.109563 0.988167
2 0.368223 0.90512 0.38366 0.906842 0.411333 0.910499 0.409262 0.938468 0.406626 0.938898 0.364458 0.932659
2 0.491717 0.931799 0.537462 0.933735 0.536898 0.962564 0.491152 0.960843
2 0.609375 0.916093 0.652673 0.912436 0.654932 0.939114 0.610693 0.943417
