1 0.090064 0.480288 0.126923 0.483173 0.125641 0.489663 0.087821 0.486538
1 0.084936 0.488702 0.123077 0.490625 0.121795 0.498558 0.081731 0.494471
1 0.056731 0.49375 0.084936 0.496394 0.11859 0.499038 0.116987 0.505048 0.071154 0.501683 0.054167 0.501683
1 0.068269 0.525 0.103205 0.527644 0.1 0.534615 0.064744 0.531971
1 0.059295 0.532452 0.099359 0.536058 0.095833 0.542548 0.05609 0.540385
1 0.053205 0.541346 0.091987 0.54375 0.091346 0.551923 0.048718 0.548077
0 0.039423 0.510577 0.138782 0.517308 0.140705 0.51899 0.11891 0.557933 0.013782 0.548798 0.028846 0.526442
0 0.067949 0.468029 0.125321 0.472356 0.163141 0.473558 0.149359 0.501683 0.145192 0.511538 0.09391 0.508173 0.046795 0.505769 0.052885 0.487981 0.060897 0.476442
1 0.492308 0.556971 0.579167 0.561538 0.580128 0.571394 0.491667 0.565865
0 0.488462 0.530288 0.580128 0.535337 0.584295 0.57476 0.48718 0.568029
5 0.292949 0.701923 0.329167 0.704087 0.328526 0.709375 0.291667 0.706731
4 0.296154 0.680769 0.337179 0.683654 0.337179 0.691106 0.294551 0.689183
5 0.298718 0.682692 0.334936 0.684856 0.334295 0.689904 0.297436 0.6875
5 0.453526 0.688462 0.489744 0.690625 0.489103 0.695673 0.452244 0.693269
5 0.452244 0.706731 0.488782 0.708894 0.488141 0.714183 0.450962 0.711538
4 0.290705 0.7 0.332051 0.702885 0.332051 0.710337 0.289423 0.708414
4 0.451923 0.705048 0.492949 0.708173 0.492949 0.715625 0.45032 0.713702
4 0.452244 0.686058 0.493269 0.688942 0.493269 0.696394 0.450641 0.694471
5 0.603526 0.733413 0.612179 0.732933 0.617308 0.76226 0.608333 0.762019
4 0.59968 0.730288 0.61282 0.730048 0.61859 0.762981 0.602885 0.76274
5 0.167628 0.768029 0.179167 0.767788 0.170833 0.799038 0.160256 0.798798
4 0.165064 0.766827 0.18109 0.765865 0.173397 0.802164 0.157051 0.802164 0.162821 0.766827
