3 0.054782 0.18309 0.081514 0.179647 0.081514 0.186102 0.05497 0.189544
2 0.051205 0.171256 0.07869 0.16889 0.081702 0.175129 0.083208 0.188038 0.052523 0.19105
3 0.12067 0.126936 0.14872 0.116394 0.150226 0.125215 0.121235 0.134466
2 0.11634 0.115318 0.147026 0.104991 0.151544 0.125861 0.119541 0.135757
3 0.250188 0.123064 0.282756 0.121127 0.283321 0.129733 0.250565 0.13253
2 0.246611 0.11037 0.279556 0.108219 0.28238 0.112952 0.284262 0.131454 0.247929 0.133606
3 0.395896 0.128442 0.430535 0.123709 0.427711 0.13253 0.397779 0.136618
2 0.390248 0.115534 0.42884 0.111661 0.431852 0.127151 0.429029 0.133606 0.393261 0.137909
3 0.535203 0.136833 0.567771 0.141781 0.567018 0.149312 0.534074 0.143718
2 0.532003 0.124139 0.569842 0.130164 0.568336 0.151678 0.531062 0.14673
3 0.658509 0.175344 0.688253 0.179862 0.687312 0.187177 0.658509 0.183305
2 0.655874 0.163511 0.690512 0.168675 0.687876 0.189114 0.653991 0.18438
3 0.77259 0.217298 0.801205 0.219019 0.800828 0.22784 0.773155 0.226549
2 0.769767 0.205895 0.803652 0.207616 0.802899 0.228701 0.768825 0.22741
3 0.083773 0.344664 0.111822 0.342943 0.112952 0.350473 0.08509 0.351764
2 0.080008 0.333046 0.111634 0.330895 0.114834 0.350473 0.082078 0.352625
3 0.173758 0.401463 0.202937 0.399527 0.203313 0.406842 0.174511 0.408993 0.172628 0.402108
2 0.167357 0.39006 0.204819 0.388984 0.204631 0.409639 0.171122 0.411575 0.16698 0.390491
5 0.252636 0.349828 0.286521 0.348107 0.287839 0.356282 0.252447 0.357788
4 0.233622 0.34617 0.287462 0.344019 0.28878 0.358649 0.235128 0.35994
3 0.299134 0.34574 0.306852 0.344664 0.310806 0.385327 0.30384 0.385112
2 0.298569 0.345095 0.314571 0.343589 0.32003 0.386188 0.302523 0.387048
5 0.415851 0.388984 0.445971 0.387909 0.446348 0.395009 0.415474 0.395009
4 0.407756 0.387048 0.448042 0.386403 0.448607 0.397375 0.407944 0.397375
3 0.41811 0.330465 0.451242 0.33068 0.451431 0.33821 0.41811 0.338425 0.417733 0.330465
2 0.414533 0.319492 0.451242 0.319492 0.45256 0.338855 0.415098 0.338855
3 0.516754 0.328744 0.549887 0.329819 0.549322 0.33821 0.51619 0.336489
2 0.51506 0.316695 0.552146 0.318417 0.549887 0.341222 0.514307 0.339716
3 0.503012 0.391997 0.533509 0.381239 0.535015 0.387694 0.505083 0.398666
2 0.497929 0.382745 0.532003 0.371558 0.536898 0.390706 0.503389 0.401678
3 0.557229 0.398021 0.588667 0.399742 0.588102 0.406842 0.556664 0.405336
2 0.556664 0.387263 0.591867 0.388554 0.590361 0.409423 0.555535 0.406626
3 0.629518 0.371342 0.654367 0.375861 0.654744 0.384251 0.629142 0.379518
2 0.623117 0.358434 0.659074 0.365103 0.656438 0.385757 0.619917 0.379303
3 0.733434 0.373709 0.764684 0.374785 0.764496 0.383606 0.732869 0.38167
2 0.730798 0.363167 0.766566 0.364458 0.766002 0.385112 0.730422 0.38253
5 0.880083 0.396945 0.903991 0.395009 0.904179 0.400818 0.880083 0.401893
4 0.873494 0.395869 0.906626 0.393287 0.906626 0.402539 0.872741 0.403399
5 0.92131 0.41179 0.926958 0.41179 0.923381 0.444492 0.917169 0.444062
7 0.915663 0.452022 0.920369 0.410499 0.927899 0.410929 0.922628 0.453313
3 0.942959 0.376721 0.947854 0.375 0.949172 0.410284 0.943336 0.410714
2 0.94183 0.375215 0.951996 0.373279 0.954631 0.404905 0.950678 0.410714 0.943336 0.412005
