1 0.221386 0.229561 0.263554 0.228701 0.263554 0.242255 0.221386 0.240749
0 0.204443 0.188683 0.279932 0.193417 0.277108 0.202883 0.270331 0.208907 0.267884 0.222676 0.266754 0.248064 0.228539 0.246558 0.190889 0.246773 0.195407 0.221601 0.199736 0.208692
1 0.448042 0.209983 0.493599 0.206756 0.495294 0.216437 0.449172 0.219664
0 0.416039 0.175775 0.45802 0.169105 0.49567 0.164157 0.50113 0.21988 0.415286 0.228485 0.415286 0.20611 0.415474 0.187177
1 0.705761 0.218589 0.740399 0.219019 0.742093 0.231713 0.705761 0.231282
0 0.665474 0.187608 0.704066 0.186747 0.73381 0.186102 0.735881 0.197935 0.741152 0.208907 0.744729 0.213855 0.747176 0.237306 0.701242 0.237091 0.676205 0.237091 0.67564 0.216652 0.671122 0.20568 0.665663 0.197504 0.663592 0.187823
3 0.18637 0.424699 0.213479 0.420396 0.213667 0.425559 0.185994 0.429432
3 0.329066 0.415232 0.357116 0.415232 0.356928 0.420611 0.329443 0.420611
2 0.1843 0.415663 0.212538 0.410714 0.21442 0.412651 0.214044 0.42642 0.1843 0.431368
5 0.134601 0.436532 0.184111 0.432444 0.1843 0.439544 0.134413 0.444277
4 0.110316 0.438468 0.184676 0.431583 0.185429 0.44062 0.109752 0.447719
2 0.327748 0.406411 0.357116 0.405981 0.358622 0.408563 0.357492 0.421472 0.325678 0.422117
3 0.500941 0.417814 0.528426 0.416738 0.528803 0.422117 0.501506 0.422547
2 0.498682 0.408563 0.52805 0.407057 0.529744 0.409423 0.530497 0.423193 0.498682 0.424268
5 0.585279 0.422762 0.630083 0.421472 0.631777 0.428141 0.58622 0.429862
4 0.561559 0.421472 0.631589 0.420181 0.633471 0.428787 0.561747 0.431368
3 0.643072 0.414587 0.668675 0.412435 0.670181 0.417169 0.644014 0.419105
2 0.638178 0.405336 0.666227 0.403399 0.671122 0.418029 0.642319 0.420181
3 0.75433 0.412435 0.768449 0.41222 0.769767 0.417169 0.755271 0.416954
2 0.749624 0.40383 0.77692 0.40383 0.779744 0.418029 0.752636 0.417599
5 0.275979 0.425559 0.32869 0.423408 0.32869 0.431583 0.275791 0.43352
4 0.250753 0.424914 0.329066 0.422547 0.329443 0.432444 0.249812 0.435241
