3 0.022026 0.712134 0.019014 0.719234 0.045745 0.731713 0.049511 0.723967
2 0.026544 0.695353 0.014119 0.719449 0.046122 0.734079 0.058358 0.708907
2 0.137236 0.731713 0.128953 0.759036 0.167733 0.768503 0.175075 0.740318
3 0.13573 0.749139 0.134036 0.758176 0.16698 0.766781 0.169428 0.757745
2 0.29631 0.739243 0.291039 0.768933 0.337914 0.774957 0.341867 0.750645 0.340173 0.744621
3 0.297628 0.757745 0.29631 0.767212 0.336973 0.77259 0.337726 0.763124
3 0.406062 0.784208 0.405685 0.793244 0.447666 0.796687 0.448042 0.787005
2 0.40305 0.76463 0.400414 0.794535 0.449925 0.798838 0.450489 0.769578
2 0.49567 0.759036 0.496047 0.790017 0.545746 0.788726 0.544616 0.757745
3 0.501694 0.778184 0.502071 0.788081 0.544428 0.78722 0.543863 0.777324
2 0.572477 0.741824 0.570971 0.765275 0.610504 0.77173 0.612199 0.756024 0.60881 0.746773 0.576054 0.740964
3 0.575301 0.75667 0.574548 0.763769 0.596197 0.767857 0.596762 0.760327
3 0.692583 0.779905 0.694842 0.790232 0.737575 0.784854 0.735881 0.775172
2 0.685617 0.762263 0.691265 0.793244 0.737199 0.788296 0.740023 0.785069 0.735316 0.75796 0.732304 0.756885 0.688441 0.761403
3 0.744729 0.737737 0.746235 0.746343 0.786709 0.743546 0.78445 0.734294
2 0.737011 0.720955 0.743411 0.748709 0.78878 0.745052 0.782191 0.716222 0.73927 0.71988
3 0.769014 0.842083 0.769767 0.85241 0.814194 0.858649 0.813441 0.848967 0.789533 0.844664
2 0.763554 0.821644 0.764872 0.854561 0.815136 0.861661 0.816642 0.859509 0.814947 0.834122 0.810994 0.828528 0.804593 0.826807
2 0.214232 0.596386 0.208584 0.619836 0.250753 0.62543 0.255271 0.601764 0.216114 0.59617
3 0.21442 0.611446 0.213102 0.618976 0.249059 0.623709 0.250753 0.615964
3 0.409262 0.649957 0.40945 0.658348 0.447854 0.655981 0.448607 0.64759
2 0.405309 0.634251 0.40512 0.660499 0.450113 0.657057 0.449925 0.6321 0.447477 0.631239 0.407191 0.634251
2 0.660203 0.633176 0.665474 0.66136 0.709337 0.654045 0.70369 0.628012
3 0.667733 0.649096 0.669239 0.657487 0.707831 0.652969 0.705572 0.644148
2 0.808358 0.643933 0.813253 0.669535 0.856363 0.66932 0.853351 0.646515 0.849962 0.643287
3 0.81683 0.659854 0.818336 0.668029 0.854857 0.668029 0.854104 0.658778
2 0.837161 0.763769 0.845444 0.794966 0.894578 0.788511 0.887425 0.761833 0.88253 0.757745
3 0.847139 0.782057 0.849398 0.791523 0.891943 0.787005 0.889119 0.776678
3 0.934676 0.772806 0.937688 0.781196 0.975715 0.775172 0.972515 0.766351
2 0.925452 0.754518 0.9343 0.783993 0.978163 0.776678 0.968185 0.748064 0.961973 0.749355
3 0.908886 0.657057 0.910392 0.665448 0.932605 0.665017 0.930535 0.656411
2 0.898908 0.641351 0.906438 0.66846 0.948419 0.666093 0.941453 0.64006 0.939194 0.64006
3 0.975527 0.629303 0.977598 0.637263 0.996988 0.638769 0.995858 0.630594
2 0.966867 0.613812 0.974774 0.638339 1.0 0.640706 0.999812 0.616394
2 0.122553 0.437392 0.119917 0.442341 0.116152 0.453744 0.143261 0.454819 0.149661 0.438038
3 0.119729 0.447719 0.118411 0.452883 0.142884 0.453528 0.144767 0.447935
2 0.170369 0.436102 0.163968 0.452668 0.193712 0.45568 0.199172 0.439759 0.197477 0.438683
3 0.168486 0.447289 0.166604 0.452668 0.192959 0.454174 0.194654 0.449441
3 0.213855 0.44815 0.213102 0.453528 0.240776 0.452883 0.241717 0.447719
2 0.21442 0.437392 0.211596 0.446859 0.209902 0.455034 0.241152 0.454604 0.245482 0.437823 0.244541 0.437392
3 0.261483 0.466652 0.26073 0.472246 0.286709 0.474398 0.288404 0.468804
2 0.262613 0.455034 0.256965 0.472892 0.287274 0.475473 0.290474 0.464501 0.291416 0.456325 0.263742 0.454819
3 0.34488 0.42642 0.344315 0.431799 0.375188 0.432014 0.375941 0.426635
2 0.343185 0.416093 0.339985 0.433735 0.375941 0.433735 0.378389 0.420396 0.376883 0.415663 0.345821 0.416093
3 0.431288 0.439544 0.430723 0.445568 0.463479 0.445783 0.463479 0.439759
2 0.428652 0.428787 0.426205 0.446644 0.463479 0.447504 0.464985 0.445353 0.465173 0.430077 0.464232 0.428356 0.459714 0.429002 0.432794 0.429002
2 0.154744 0.347892 0.149849 0.361231 0.176958 0.362306 0.182417 0.348752
3 0.154179 0.355852 0.15305 0.360585 0.176581 0.361661 0.178276 0.356713
2 0.199925 0.348107 0.194465 0.361661 0.220821 0.363167 0.225339 0.349182
3 0.198042 0.356497 0.196724 0.361016 0.221009 0.361661 0.222139 0.357358
3 0.240964 0.354561 0.240211 0.359509 0.266566 0.359079 0.266943 0.354561
2 0.240776 0.346386 0.237387 0.360155 0.267508 0.360155 0.270331 0.347461 0.269767 0.34617
3 0.279367 0.390921 0.278614 0.396084 0.306099 0.395869 0.307229 0.390491
2 0.278803 0.381885 0.275602 0.397375 0.307229 0.396945 0.310617 0.380379 0.28012 0.38167
2 0.427334 0.336704 0.425828 0.350688 0.455384 0.348322 0.46009 0.333907 0.458773 0.333692
3 0.428652 0.34531 0.428276 0.349828 0.455008 0.347246 0.45689 0.342298
3 0.819465 0.464931 0.820971 0.470955 0.85448 0.47031 0.85241 0.464071
2 0.81363 0.452883 0.819089 0.472246 0.854669 0.471386 0.858434 0.469019 0.853351 0.451807 0.81683 0.452668
3 0.881589 0.454604 0.883283 0.460198 0.914345 0.459768 0.912462 0.453744 0.883848 0.453959 0.881777 0.454174
2 0.87387 0.442771 0.881212 0.461919 0.914345 0.461274 0.916039 0.460413 0.909262 0.442341 0.90625 0.44191
3 0.956702 0.466007 0.959337 0.471816 0.986258 0.472246 0.987764 0.472031 0.984187 0.465792
2 0.948795 0.454819 0.956137 0.473537 0.989834 0.473322 0.981551 0.453528 0.949736 0.453959
3 0.843374 0.372633 0.845256 0.377367 0.874624 0.375645 0.872741 0.370482 0.847515 0.371988
2 0.835655 0.363597 0.841867 0.379303 0.875 0.377151 0.875376 0.375861 0.868976 0.361231 0.836973 0.362522
3 0.754895 0.482143 0.755459 0.487306 0.788404 0.486231 0.787651 0.480637
2 0.750188 0.467298 0.753012 0.488167 0.791604 0.486876 0.786709 0.467083 0.758848 0.467728 0.753577 0.467513
3 0.66698 0.482143 0.667922 0.488382 0.70256 0.487737 0.701807 0.480852
2 0.661145 0.470095 0.664533 0.490103 0.704443 0.488382 0.700866 0.468374 0.662274 0.469664
3 0.492093 0.470095 0.49247 0.476764 0.526732 0.475258 0.526355 0.469449
2 0.48814 0.458046 0.48814 0.477625 0.527861 0.476979 0.527108 0.45611
3 0.577372 0.452022 0.578502 0.458046 0.613328 0.456971 0.612764 0.450516
2 0.572666 0.439759 0.573983 0.459337 0.614458 0.458477 0.612764 0.438038
3 0.490776 0.371342 0.49134 0.375861 0.522214 0.373279 0.521649 0.367685
2 0.487764 0.361446 0.488517 0.376291 0.502447 0.376076 0.505271 0.378873 0.526167 0.376936 0.524096 0.359509 0.521461 0.356713 0.513931 0.357573 0.488893 0.360585
3 0.575113 0.367685 0.575301 0.372849 0.607492 0.371773 0.607116 0.366609
2 0.57116 0.357573 0.572289 0.374139 0.608998 0.372849 0.607304 0.355207 0.599021 0.356067
3 0.65738 0.398451 0.658133 0.403614 0.690512 0.404045 0.689571 0.398451
2 0.652297 0.387694 0.654744 0.405336 0.691453 0.40512 0.688441 0.387048
3 0.731928 0.396515 0.733057 0.401033 0.764307 0.401033 0.763366 0.395869
2 0.725904 0.384897 0.729292 0.401893 0.766754 0.401463 0.763366 0.384897 0.752447 0.385327 0.748306 0.388984 0.739458 0.390275 0.732116 0.384897
3 0.79631 0.36747 0.798004 0.372633 0.827748 0.371558 0.825866 0.366394
2 0.789533 0.358003 0.795557 0.373709 0.829631 0.372849 0.823795 0.356282
3 0.888366 0.348752 0.89006 0.35284 0.917357 0.350258 0.914345 0.34531
2 0.879895 0.339716 0.888178 0.354991 0.919428 0.351119 0.910203 0.336274
2 0.927334 0.33778 0.93317 0.352194 0.963667 0.35241 0.95689 0.337995
3 0.932982 0.345955 0.935241 0.350688 0.961032 0.350904 0.95802 0.345955
3 0.316265 0.229346 0.340173 0.22741 0.340173 0.231067 0.316077 0.232143
3 0.385354 0.226334 0.41058 0.225258 0.410203 0.229131 0.384789 0.229991
2 0.385919 0.22031 0.413215 0.218589 0.411709 0.230422 0.383471 0.231497 0.385354 0.22074
3 0.527108 0.228055 0.551017 0.229131 0.551017 0.232358 0.526732 0.231282 0.526544 0.228916
2 0.529367 0.221816 0.551581 0.221816 0.551958 0.233649 0.524285 0.233003 0.526732 0.22117
2 0.315324 0.222461 0.312124 0.233003 0.340926 0.232358 0.341679 0.221601
3 0.331514 0.175559 0.354857 0.171041 0.355233 0.174699 0.331137 0.178356
2 0.330572 0.170396 0.330196 0.179862 0.356175 0.175559 0.355798 0.166523
3 0.349962 0.121988 0.369917 0.120267 0.369164 0.123924 0.349021 0.12457
2 0.350527 0.116394 0.347327 0.125645 0.371047 0.12457 0.374435 0.114888
3 0.398908 0.163726 0.420934 0.161145 0.420934 0.164157 0.398532 0.166523
2 0.398343 0.159208 0.397402 0.167384 0.422252 0.165663 0.422628 0.157057
3 0.578125 0.245267 0.60561 0.245912 0.605798 0.25 0.577748 0.249355 0.577372 0.246343
2 0.576807 0.238812 0.605986 0.239243 0.607116 0.251506 0.575866 0.25043
3 0.689571 0.225904 0.715738 0.224398 0.716303 0.22741 0.690324 0.228701
2 0.685429 0.220525 0.71442 0.219449 0.718374 0.228701 0.688441 0.229776
3 0.625565 0.200086 0.651544 0.199871 0.65192 0.203959 0.625753 0.203959
2 0.623494 0.194492 0.624247 0.20525 0.652861 0.205895 0.65192 0.194277
3 0.574172 0.200516 0.600339 0.200516 0.600527 0.204174 0.573983 0.203744
2 0.572289 0.195138 0.57323 0.20525 0.601657 0.205034 0.600339 0.194492
