7 0.19503 0.22827 0.1907 0.241394 0.261672 0.246558 0.265248 0.235155
7 0.167733 0.290017 0.163592 0.302065 0.18863 0.299268 0.192206 0.297762 0.214797 0.297978 0.234563 0.298838 0.234563 0.28679 0.193524 0.287435
6 0.195218 0.224828 0.1875 0.243115 0.262613 0.248279 0.267131 0.233864
6 0.166416 0.289372 0.195595 0.28636 0.235693 0.285499 0.235316 0.300344 0.211785 0.298623 0.192395 0.298838 0.188065 0.300129 0.163027 0.302926
5 0.360128 0.130594 0.359563 0.135112 0.391002 0.135757 0.39119 0.131885
4 0.33942 0.128442 0.339044 0.134897 0.391754 0.136618 0.391943 0.130594
5 0.334526 0.235585 0.333773 0.241609 0.371988 0.241609 0.372929 0.236876
4 0.310994 0.233864 0.310241 0.241824 0.373117 0.2429 0.373682 0.235585
1 0.478727 0.268718 0.478539 0.276248 0.527673 0.277108 0.528238 0.269363
1 0.479292 0.279905 0.479292 0.287435 0.528426 0.288296 0.528803 0.280766
0 0.471762 0.252151 0.470633 0.303141 0.493976 0.303571 0.510542 0.305508 0.534262 0.305938 0.539533 0.305077 0.556852 0.307659 0.551958 0.253657
5 0.491529 0.215146 0.491717 0.220095 0.522026 0.220525 0.521461 0.215792
4 0.464985 0.213425 0.464797 0.220095 0.52259 0.22117 0.521649 0.214071
5 0.492658 0.233434 0.492846 0.237522 0.526167 0.238382 0.525226 0.233219
4 0.464608 0.231713 0.525226 0.231497 0.526732 0.238812 0.464797 0.238167
1 0.643449 0.286575 0.645143 0.29389 0.691265 0.29475 0.691077 0.288081
1 0.645896 0.297762 0.64759 0.305077 0.694654 0.305938 0.693524 0.299268
0 0.632907 0.269578 0.643637 0.321644 0.667922 0.322289 0.702748 0.324226 0.71009 0.322289 0.722703 0.320783 0.726468 0.320138 0.709714 0.272375
5 0.644202 0.226979 0.644767 0.230637 0.675828 0.232573 0.67564 0.228485
5 0.64872 0.244191 0.649285 0.247849 0.680346 0.249785 0.680158 0.245697
4 0.618788 0.223322 0.618976 0.229561 0.67677 0.233219 0.676393 0.227625
4 0.622176 0.241179 0.622176 0.247633 0.681099 0.25043 0.681099 0.245052
3 0.153991 0.462349 0.153238 0.468158 0.17997 0.469019 0.181288 0.464071
2 0.154744 0.452453 0.149096 0.469019 0.180158 0.47031 0.184488 0.453744
7 0.223268 0.419966 0.221762 0.43352 0.252259 0.430293 0.270708 0.431368 0.307229 0.436317 0.310241 0.416093 0.268072 0.415232 0.235881 0.416954
6 0.222327 0.417169 0.259224 0.413511 0.3125 0.413296 0.308547 0.438038 0.260542 0.431799 0.21988 0.435026
3 0.225715 0.507745 0.224774 0.513339 0.253012 0.515706 0.254895 0.509897
2 0.226468 0.496342 0.221574 0.51463 0.253765 0.516781 0.255648 0.512478 0.255459 0.497633
3 0.349962 0.475258 0.348833 0.481497 0.378765 0.483864 0.379706 0.478055
2 0.348268 0.465577 0.345068 0.482143 0.37933 0.484725 0.381965 0.468158
7 0.870858 0.447935 0.873117 0.456325 0.892131 0.456756 0.894202 0.466007 0.908886 0.465792 0.902861 0.449871
6 0.869917 0.446859 0.872553 0.458477 0.889496 0.457831 0.891943 0.467513 0.912086 0.467513 0.90305 0.44815
3 0.816077 0.474613 0.81683 0.479991 0.832078 0.481497 0.831325 0.476334
2 0.811559 0.467513 0.815889 0.482573 0.843374 0.484294 0.838291 0.469664
3 0.830572 0.516997 0.83189 0.522375 0.846386 0.520869 0.845633 0.515275
2 0.825678 0.506885 0.830949 0.523881 0.856363 0.520869 0.852033 0.503657
3 0.947289 0.41136 0.948419 0.415663 0.960843 0.416738 0.96009 0.412005
2 0.944089 0.403614 0.947854 0.416308 0.962161 0.417384 0.960843 0.40512
3 0.917357 0.65469 0.919616 0.662005 0.935241 0.655981 0.93317 0.649742
2 0.910203 0.645439 0.91811 0.664587 0.940136 0.655336 0.931852 0.637263
7 0.913968 0.675344 0.954443 0.670181 0.959149 0.694923 0.943524 0.69858 0.937876 0.683305 0.916227 0.686962
6 0.912086 0.672762 0.914721 0.689759 0.937124 0.686102 0.939759 0.700732 0.963479 0.695998 0.956325 0.671256 0.954066 0.66846
7 0.932794 0.739243 0.9343 0.751721 0.984375 0.743761 0.980422 0.730207
6 0.929593 0.736661 0.980422 0.72784 0.985693 0.744191 0.93317 0.754088
3 0.969691 0.697289 0.971009 0.704174 0.987575 0.702238 0.986069 0.695998
2 0.963667 0.685671 0.970256 0.70611 0.998306 0.702453 0.995105 0.693847 0.991905 0.682874
3 0.984187 0.731713 0.986069 0.737952 0.999812 0.73494 0.999812 0.727625
2 0.979857 0.722461 0.986258 0.741824 1.0 0.738167 1.0 0.716867
