3 0.005083 0.460628 0.004142 0.465577 0.025038 0.465146 0.025979 0.460413
2 0.007342 0.450947 0.00433 0.457831 0.003577 0.467513 0.024661 0.466652 0.026544 0.462349 0.028614 0.45654 0.028614 0.450732
3 0.037462 0.593158 0.036898 0.599613 0.055723 0.601549 0.056664 0.595095
2 0.038592 0.582831 0.033697 0.600258 0.056476 0.60327 0.060241 0.584983
3 0.122176 0.611446 0.1218 0.61833 0.138931 0.615964 0.138742 0.609509
2 0.120482 0.599613 0.119164 0.620267 0.149285 0.616394 0.150979 0.595955
3 0.288027 0.608003 0.286898 0.615103 0.315889 0.620912 0.317959 0.614028
2 0.286709 0.594234 0.282003 0.616824 0.315512 0.623064 0.317959 0.616824 0.320595 0.601119
5 0.412086 0.309596 0.411709 0.316265 0.457078 0.31648 0.457643 0.309596
4 0.387236 0.302281 0.384977 0.324871 0.408133 0.324656 0.409827 0.317771 0.457831 0.317126 0.458396 0.306799 0.410768 0.306368 0.410768 0.302711
5 0.415286 0.399957 0.41491 0.407057 0.445407 0.408348 0.445218 0.400818
4 0.378953 0.386188 0.376883 0.402324 0.374059 0.420396 0.409074 0.421256 0.410956 0.408563 0.44616 0.408993 0.445971 0.399957 0.412086 0.398236 0.412839 0.387048
5 0.407003 0.510327 0.406438 0.52173 0.439571 0.52216 0.439759 0.511618
4 0.358998 0.49333 0.354669 0.538081 0.395143 0.538726 0.397779 0.523666 0.440512 0.523021 0.440512 0.509897 0.398155 0.508176 0.399285 0.495482
5 0.390248 0.641566 0.39006 0.65426 0.458208 0.655981 0.457455 0.644148
4 0.345821 0.628657 0.343562 0.66222 0.380271 0.663511 0.380648 0.655981 0.460279 0.657272 0.459337 0.642212 0.381212 0.638769 0.381401 0.631885
3 0.736446 0.307874 0.735881 0.314114 0.753765 0.317341 0.754142 0.311747
2 0.733622 0.296902 0.733057 0.315189 0.752824 0.318632 0.765248 0.322504 0.764307 0.313898 0.76506 0.305508
4 0.637236 0.256454 0.639496 0.281196 0.669804 0.27883 0.669239 0.270224 0.702937 0.266997 0.70256 0.254733
3 0.670181 0.387909 0.67564 0.41932 0.682417 0.41889 0.676393 0.387048
2 0.66811 0.383821 0.674322 0.420181 0.6907 0.41889 0.692395 0.417384 0.685617 0.38296
5 0.61314 0.458046 0.613517 0.465792 0.653991 0.465792 0.654179 0.457401
4 0.593185 0.453098 0.593938 0.472892 0.612011 0.472246 0.612011 0.467083 0.655685 0.466652 0.654932 0.45611 0.611634 0.45611 0.611634 0.453098
5 0.899285 0.247418 0.90192 0.255809 0.95256 0.254088 0.949548 0.245912
4 0.867093 0.242255 0.874624 0.261188 0.898155 0.260112 0.898155 0.257745 0.953878 0.255164 0.950113 0.244621 0.892319 0.246558 0.889307 0.241824
3 0.892696 0.451807 0.894014 0.458692 0.92244 0.460413 0.920746 0.454174
2 0.886483 0.44105 0.89119 0.459122 0.923381 0.462134 0.919428 0.443632
4 0.806476 0.444277 0.810617 0.46321 0.828125 0.463425 0.827748 0.458046 0.865211 0.458046 0.863517 0.449441 0.82436 0.447935 0.822477 0.443847
3 0.94503 0.628873 0.946724 0.636403 0.978539 0.636833 0.976657 0.629948
2 0.939759 0.616179 0.943901 0.638984 0.97948 0.638984 0.975715 0.617685
4 0.846762 0.637694 0.85128 0.663296 0.871611 0.66222 0.871235 0.656626 0.913404 0.655336 0.911898 0.642427 0.868976 0.643718 0.86634 0.636833
4 0.587538 0.646084 0.589044 0.66975 0.60994 0.668675 0.61427 0.665017 0.658133 0.663296 0.657756 0.650818 0.611822 0.652108 0.609375 0.645224
3 0.801017 0.814974 0.80177 0.824656 0.838102 0.822504 0.837726 0.813683
2 0.796498 0.802281 0.798193 0.828313 0.83942 0.826162 0.837538 0.800129
5 0.668675 0.25753 0.669239 0.267642 0.701054 0.265921 0.700866 0.25667
5 0.827184 0.449871 0.828502 0.45654 0.864458 0.457401 0.86314 0.450086
5 0.870858 0.644793 0.8718 0.65469 0.912274 0.65383 0.911521 0.643933
5 0.611258 0.653184 0.612199 0.663296 0.657191 0.662005 0.657191 0.651893
