5 0.126506 0.185671 0.152485 0.182014 0.152673 0.188253 0.124623 0.192771
4 0.110128 0.187608 0.153426 0.180508 0.152673 0.189329 0.109375 0.197289
5 0.196724 0.186962 0.224398 0.185241 0.224209 0.19105 0.195783 0.192986
4 0.179029 0.184811 0.227786 0.183305 0.227033 0.193201 0.177523 0.196859
5 0.204631 0.140921 0.232116 0.139415 0.231928 0.14716 0.204819 0.148021
4 0.187312 0.142642 0.233998 0.138339 0.233622 0.14759 0.187312 0.151463
3 0.220633 0.108219 0.241717 0.107358 0.240587 0.111446 0.220256 0.112306
2 0.219126 0.102194 0.244164 0.100473 0.243035 0.113382 0.217809 0.112952
3 0.205572 0.087349 0.223456 0.089286 0.22308 0.093373 0.203878 0.092083
2 0.205761 0.08111 0.22741 0.082616 0.223268 0.095525 0.201995 0.093804
3 0.222515 0.045396 0.243411 0.041954 0.243223 0.045826 0.222327 0.048838
2 0.221574 0.039157 0.24567 0.035069 0.244541 0.047762 0.220821 0.050775
3 0.222139 0.023236 0.242282 0.018287 0.243035 0.021945 0.221762 0.026893
2 0.221386 0.018933 0.244729 0.013124 0.244729 0.022375 0.220633 0.027969
5 0.266566 0.180508 0.295557 0.179862 0.294992 0.185241 0.266943 0.186317
4 0.249624 0.180293 0.296875 0.179217 0.295934 0.187392 0.248494 0.189544
5 0.272026 0.142857 0.299887 0.140491 0.299511 0.146515 0.271273 0.148666
4 0.258095 0.145009 0.268825 0.141351 0.301393 0.138339 0.301017 0.148236 0.256024 0.152754
5 0.280874 0.10327 0.306852 0.100258 0.307417 0.106067 0.280497 0.108219
4 0.263554 0.104561 0.307605 0.099182 0.307982 0.106067 0.30817 0.106928 0.263742 0.111446
5 0.283886 0.061102 0.310806 0.05852 0.310806 0.063468 0.282944 0.066265
4 0.268072 0.060886 0.311747 0.056799 0.311747 0.064114 0.267696 0.069923
3 0.290663 0.071644 0.312876 0.067986 0.313065 0.071644 0.290851 0.075516
2 0.289533 0.067556 0.313818 0.064114 0.313818 0.072935 0.288404 0.077022
3 0.291604 0.038296 0.313441 0.038296 0.312124 0.043029 0.290851 0.043029
2 0.292357 0.035069 0.314759 0.033563 0.31363 0.04389 0.28878 0.043244
5 0.291604 0.027539 0.317583 0.024957 0.317583 0.029905 0.291227 0.032702
4 0.277297 0.027324 0.318712 0.023451 0.319089 0.031627 0.276544 0.035929
3 0.291227 0.004948 0.313441 0.001721 0.313065 0.006024 0.291039 0.008176
2 0.290851 0.000215 0.314194 0.00043 0.313253 0.008176 0.289721 0.009682
5 0.333773 0.171902 0.362952 0.170181 0.361258 0.17685 0.332267 0.177496 0.332267 0.172117
4 0.314006 0.171902 0.363893 0.168029 0.362575 0.177711 0.31363 0.180938
5 0.338855 0.131885 0.367282 0.131239 0.366717 0.136618 0.338855 0.138554
4 0.32116 0.132745 0.368411 0.129948 0.36747 0.1392 0.320595 0.141781
5 0.347139 0.089501 0.373494 0.08821 0.37387 0.094019 0.346386 0.093589
4 0.329631 0.089286 0.375 0.086919 0.374624 0.095525 0.328878 0.097676
5 0.403803 0.165448 0.435806 0.162651 0.435241 0.16889 0.404367 0.171256
4 0.384413 0.166308 0.4375 0.16136 0.436559 0.171256 0.384413 0.175129
5 0.403803 0.125645 0.432982 0.122849 0.432982 0.128657 0.403614 0.131454
4 0.387236 0.125215 0.433547 0.121988 0.433735 0.129518 0.386483 0.133176
5 0.408697 0.085413 0.438065 0.083046 0.4375 0.08821 0.408509 0.090361
4 0.392508 0.084552 0.439383 0.081971 0.438441 0.08864 0.392131 0.093589
3 0.41811 0.055723 0.439759 0.052926 0.439759 0.056799 0.417357 0.059811
2 0.415663 0.05142 0.441077 0.047547 0.441265 0.05852 0.415851 0.062392
3 0.477598 0.129733 0.501318 0.129518 0.500565 0.134251 0.477221 0.134466
2 0.475904 0.123279 0.503953 0.122849 0.501694 0.137478 0.473456 0.135757
5 0.47628 0.11833 0.499059 0.117255 0.498682 0.121988 0.47628 0.122849
4 0.474962 0.118115 0.499624 0.116179 0.500188 0.122633 0.475527 0.123064
3 0.467056 0.079389 0.470633 0.061532 0.474962 0.060456 0.471574 0.079389 0.467244 0.08025
2 0.462726 0.060026 0.476657 0.060026 0.472139 0.08111 0.457455 0.08154
5 0.611446 0.153399 0.641943 0.153399 0.643449 0.158778 0.611258 0.159854 0.610316 0.153614
4 0.590738 0.151463 0.644767 0.151248 0.646084 0.159208 0.591679 0.160714
5 0.608246 0.025387 0.64552 0.024527 0.647026 0.032272 0.60881 0.033133
4 0.584337 0.025818 0.647026 0.021299 0.649285 0.033133 0.58622 0.039157
5 0.684864 0.150387 0.716679 0.151248 0.717244 0.156842 0.686559 0.155551
4 0.665098 0.148236 0.716491 0.148881 0.718185 0.158778 0.666227 0.158133
5 0.682229 0.105637 0.712538 0.108864 0.713291 0.114243 0.683547 0.112306
4 0.662651 0.104346 0.713102 0.107358 0.71442 0.115318 0.663592 0.113382
5 0.678276 0.067556 0.706514 0.068847 0.707078 0.073795 0.679029 0.072719
4 0.665286 0.066695 0.707831 0.067986 0.70802 0.074656 0.665098 0.074225
3 0.681099 0.023666 0.703878 0.022806 0.704631 0.027108 0.681288 0.026893
2 0.680158 0.018072 0.704066 0.017857 0.705949 0.029045 0.681099 0.028614 0.679405 0.018933
5 0.773155 0.166093 0.801017 0.166954 0.802523 0.173408 0.773532 0.172117 0.772026 0.166093
4 0.7532 0.163726 0.80177 0.165017 0.803464 0.175559 0.754142 0.174053
5 0.759601 0.124355 0.788592 0.126076 0.788968 0.131885 0.760354 0.130594 0.758095 0.123924
4 0.74134 0.121988 0.789157 0.126076 0.78991 0.13253 0.743976 0.131024
5 0.74247 0.079819 0.771084 0.077668 0.771649 0.082831 0.743976 0.084552
4 0.724209 0.079604 0.771837 0.076377 0.772967 0.084768 0.727033 0.088425
5 0.735881 0.04389 0.762613 0.04389 0.764307 0.048838 0.736634 0.049053 0.734563 0.04432
4 0.717997 0.043029 0.763931 0.042814 0.765625 0.049484 0.720256 0.050344
5 0.727786 0.005809 0.753012 0.005809 0.754895 0.010327 0.728916 0.010757
4 0.709526 0.004518 0.753953 0.004088 0.756777 0.011618 0.712538 0.013124
3 0.138742 0.117685 0.159262 0.112952 0.159262 0.11704 0.139119 0.122418
2 0.13686 0.111661 0.161709 0.107573 0.159827 0.119836 0.136295 0.125861
5 0.14552 0.101979 0.172628 0.099182 0.17131 0.104346 0.145331 0.107143
4 0.131024 0.103055 0.174511 0.096816 0.172628 0.105207 0.129706 0.112091
