1 0.050264 0.139845 0.087349 0.1392 0.086596 0.145439 0.049511 0.147375
1 0.048193 0.151248 0.083584 0.149742 0.083208 0.157057 0.046687 0.158563
1 0.046122 0.16179 0.081514 0.158993 0.080761 0.166738 0.044992 0.168244
0 0.050264 0.125645 0.114646 0.122633 0.097515 0.170826 0.034074 0.173193
1 0.436935 0.187823 0.482116 0.189544 0.480986 0.200086 0.433547 0.198795
0 0.409262 0.150387 0.488517 0.143718 0.48494 0.20611 0.401167 0.200086
1 0.640437 0.19858 0.688441 0.192771 0.691077 0.201807 0.642508 0.206325
1 0.637989 0.187177 0.663404 0.186102 0.685806 0.181368 0.687312 0.187608 0.674699 0.19191 0.640248 0.194062
1 0.642884 0.211274 0.659639 0.207186 0.673758 0.207401 0.683923 0.207186 0.691642 0.204819 0.692583 0.21278 0.685241 0.214286 0.673004 0.21321 0.659827 0.215577 0.656062 0.216222 0.643637 0.215577 0.641943 0.211704
1 0.718562 0.183305 0.763366 0.18438 0.76506 0.19191 0.720256 0.190404
1 0.722703 0.195353 0.767508 0.197074 0.767508 0.20525 0.724774 0.202668
1 0.724021 0.207186 0.739646 0.208477 0.754142 0.207616 0.770143 0.208907 0.771649 0.215577 0.759789 0.215577 0.745482 0.215792 0.726468 0.215146
1 0.793863 0.186532 0.832831 0.192986 0.833584 0.199441 0.795557 0.194923
1 0.796498 0.19858 0.834526 0.203528 0.83622 0.211059 0.799134 0.20611
1 0.800452 0.212349 0.823419 0.213425 0.837726 0.216007 0.838855 0.223967 0.802334 0.219019
0 0.780497 0.16846 0.845068 0.176205 0.861069 0.233649 0.791604 0.224182
0 0.70689 0.164802 0.778426 0.166523 0.790474 0.223967 0.720068 0.220955
0 0.627071 0.172117 0.703502 0.16179 0.718374 0.218374 0.669428 0.218804 0.635166 0.214501
