1 0.36899 0.195513 0.427404 0.199359 0.427163 0.209615 0.36875 0.205128
0 0.36851 0.166987 0.365385 0.211218 0.429808 0.215064 0.43149 0.170513
1 0.486779 0.176282 0.503846 0.176282 0.520192 0.174679 0.520433 0.182372 0.501923 0.184936 0.486538 0.184615
0 0.460817 0.144872 0.463462 0.182692 0.482933 0.188462 0.499038 0.188462 0.517788 0.186538 0.525721 0.183333 0.520913 0.141026 0.496394 0.15 0.484856 0.149038 0.463942 0.146154
1 0.865865 0.233974 0.900481 0.23109 0.904567 0.238462 0.868269 0.242308
0 0.829327 0.213462 0.848798 0.248718 0.909856 0.241667 0.888462 0.204808
1 0.456971 0.68109 0.487019 0.684936 0.486538 0.696154 0.456731 0.691987
1 0.454567 0.697756 0.48774 0.702244 0.48774 0.7125 0.454087 0.708654
1 0.452644 0.716667 0.485817 0.720833 0.485577 0.73109 0.452163 0.727885
1 0.451683 0.752564 0.486298 0.751923 0.486538 0.764744 0.451923 0.765385
1 0.451442 0.771154 0.486058 0.770513 0.486298 0.783333 0.451683 0.784295
1 0.434135 0.791667 0.490144 0.789423 0.490865 0.801603 0.434375 0.802885
1 0.797837 0.783333 0.848317 0.783333 0.849279 0.798718 0.799279 0.799038
0 0.430529 0.652244 0.424519 0.73109 0.513221 0.735256 0.514183 0.65641
0 0.420192 0.733333 0.422837 0.767949 0.42524 0.811218 0.4875 0.808654 0.519952 0.804167 0.508413 0.735897 0.457692 0.734295
0 0.752404 0.719551 0.767308 0.808013 0.860096 0.809615 0.83774 0.720192
