8 0.366827 0.755449 0.367548 0.777564 0.398558 0.774359 0.396875 0.753526
3 0.371394 0.741346 0.371154 0.748077 0.400962 0.750641 0.400721 0.74359
2 0.36875 0.729167 0.367548 0.749038 0.402404 0.751923 0.402885 0.732051
3 0.302644 0.727244 0.301442 0.734615 0.320913 0.736859 0.321635 0.729808
2 0.303125 0.714423 0.299519 0.735577 0.334615 0.740064 0.33726 0.723718 0.336058 0.718269
3 0.295433 0.66891 0.293029 0.690385 0.299519 0.691346 0.301923 0.670192
2 0.287019 0.654808 0.282212 0.690705 0.300721 0.694231 0.304567 0.656731
3 0.17476 0.764423 0.173317 0.771795 0.20625 0.77532 0.206971 0.767628
2 0.175 0.751282 0.170913 0.772756 0.209135 0.776282 0.2125 0.754167
8 0.062981 0.696474 0.05625 0.721474 0.075 0.721154 0.089423 0.723718 0.095433 0.698718
7 0.003606 0.749038 0.001202 0.770833 0.013942 0.770192 0.049038 0.775962 0.082212 0.777885 0.088462 0.75609
6 0.089663 0.755449 0.083173 0.779808 0.044712 0.777244 0.013942 0.772115 0.00024 0.772115 0.002644 0.747436
3 0.069231 0.638782 0.067308 0.645513 0.088462 0.647115 0.089423 0.640705
2 0.069712 0.627244 0.064904 0.645513 0.103125 0.64968 0.10625 0.630769
7 0.487981 0.760577 0.491587 0.775641 0.511538 0.76859 0.522837 0.769231 0.569471 0.770833 0.568029 0.758013 0.553846 0.757372 0.533894 0.75609 0.502644 0.757372
6 0.486538 0.759615 0.490385 0.777885 0.511298 0.769872 0.570673 0.772115 0.56875 0.757051 0.533414 0.754808 0.500962 0.756731
3 0.61226 0.7625 0.61274 0.768269 0.639663 0.772756 0.639663 0.766346
2 0.609375 0.751282 0.610577 0.769231 0.641587 0.774359 0.640144 0.755128 0.623798 0.751923
3 0.6875 0.797756 0.688221 0.804167 0.704087 0.807051 0.703606 0.80032
2 0.684856 0.785256 0.687019 0.80609 0.716346 0.810256 0.713942 0.790385
3 0.67524 0.71891 0.676202 0.72532 0.692067 0.727244 0.690865 0.720833
2 0.671875 0.708013 0.67524 0.726603 0.703365 0.730449 0.7 0.711538
3 0.867788 0.800962 0.869712 0.807692 0.885336 0.807372 0.883894 0.801282
2 0.863462 0.790385 0.86875 0.809615 0.897115 0.809615 0.890625 0.791026
8 0.122356 0.486859 0.117308 0.503846 0.144952 0.507051 0.149279 0.490385
8 0.184856 0.507051 0.180288 0.524359 0.207212 0.529487 0.211538 0.511859
7 0.270673 0.564423 0.26875 0.574359 0.320673 0.580449 0.321394 0.571154
6 0.269712 0.5625 0.267308 0.575321 0.322115 0.582051 0.322356 0.570192
3 0.363942 0.597115 0.364183 0.603205 0.391106 0.603846 0.390865 0.597756
2 0.361538 0.5875 0.361058 0.604167 0.392308 0.605449 0.392067 0.586538
8 0.36875 0.524359 0.368269 0.540064 0.39399 0.540705 0.39375 0.52468
8 0.475962 0.542628 0.475481 0.560897 0.5 0.561859 0.498798 0.544231
8 0.583654 0.57468 0.58726 0.592949 0.610577 0.591667 0.60601 0.574038
8 0.664663 0.532372 0.666586 0.550641 0.689423 0.551282 0.686538 0.532372
3 0.751683 0.559936 0.751923 0.564744 0.77476 0.567949 0.773558 0.563462
2 0.748317 0.551923 0.750721 0.566346 0.775962 0.569551 0.773798 0.555449
3 0.81899 0.577564 0.819231 0.582051 0.832933 0.584615 0.832933 0.579808
2 0.816106 0.569231 0.817308 0.583013 0.842067 0.586859 0.842788 0.585256 0.840385 0.573397 0.818269 0.569231
3 0.85 0.648077 0.851202 0.653205 0.864183 0.652885 0.862981 0.646795
2 0.84399 0.638141 0.85 0.654808 0.873558 0.653526 0.874279 0.64968 0.869231 0.636859
8 0.924279 0.58141 0.930048 0.596154 0.948077 0.6 0.94351 0.583654
3 0.921394 0.54391 0.922596 0.547436 0.941587 0.547115 0.939183 0.542628
2 0.915865 0.535897 0.921394 0.548718 0.943029 0.548077 0.9375 0.533974
8 0.909375 0.447115 0.913702 0.459936 0.932212 0.461538 0.927404 0.448718
8 0.931731 0.448397 0.934615 0.461218 0.953846 0.464103 0.950481 0.451603
8 0.96851 0.401923 0.973077 0.412821 0.989423 0.415064 0.984615 0.403846
8 0.94375 0.397115 0.947356 0.408333 0.964663 0.410897 0.960577 0.399359
8 0.896875 0.381731 0.90024 0.394231 0.917067 0.396154 0.914423 0.384295
8 0.83726 0.36282 0.851202 0.363462 0.855769 0.374359 0.842308 0.373077
8 0.819952 0.321474 0.824038 0.33141 0.839423 0.333974 0.836058 0.322436 0.819471 0.320833
3 0.870673 0.309295 0.871635 0.312179 0.880529 0.311859 0.879808 0.308974
2 0.867308 0.304167 0.871154 0.313141 0.888221 0.312179 0.884375 0.305128 0.88125 0.304487
3 0.807692 0.259615 0.809856 0.2625 0.815385 0.258974 0.813462 0.256731
2 0.802164 0.25609 0.809375 0.264103 0.819471 0.25641 0.81226 0.25
8 0.615625 0.377244 0.615144 0.389103 0.635817 0.392628 0.634375 0.381731
8 0.585337 0.307692 0.586058 0.317949 0.604086 0.320192 0.603606 0.309936
8 0.597596 0.320833 0.598558 0.332051 0.617067 0.333654 0.615625 0.323077
8 0.605529 0.310577 0.606731 0.321154 0.62524 0.323077 0.623558 0.312821
8 0.617067 0.323397 0.61851 0.333974 0.637019 0.335256 0.635336 0.32532
8 0.62524 0.312179 0.626923 0.323077 0.644952 0.325 0.64399 0.313462
8 0.542308 0.33141 0.540385 0.342949 0.559615 0.34968 0.561538 0.33782
8 0.533894 0.2625 0.53726 0.273077 0.553846 0.271154 0.550481 0.261538
8 0.52524 0.201282 0.525481 0.210897 0.542308 0.213141 0.541827 0.204167
8 0.358894 0.28141 0.358413 0.292949 0.379567 0.295192 0.379087 0.284615
8 0.275481 0.326282 0.271394 0.339423 0.294952 0.344231 0.297115 0.330128
8 0.229567 0.33109 0.225962 0.344231 0.201442 0.339103 0.206731 0.325962
8 0.217308 0.266987 0.215144 0.278846 0.238942 0.281731 0.238702 0.270833
8 0.283413 0.276603 0.284615 0.289744 0.30601 0.288141 0.303846 0.27532
3 0.575962 0.509936 0.576923 0.524359 0.581731 0.52468 0.579808 0.510577
2 0.579808 0.50032 0.583173 0.526603 0.569712 0.52532 0.567308 0.499359
2 0.241106 0.194551 0.240865 0.203205 0.263942 0.205128 0.264423 0.195513
3 0.242308 0.199359 0.242067 0.202564 0.262981 0.203846 0.262981 0.201282
3 0.219712 0.260897 0.21875 0.264103 0.23149 0.267949 0.232933 0.265385
2 0.221154 0.255128 0.216346 0.264744 0.23149 0.26859 0.240144 0.270192 0.244231 0.26218
2 0.18774 0.358013 0.185096 0.371154 0.213702 0.374359 0.215385 0.36218
3 0.18774 0.366026 0.1875 0.370192 0.203125 0.371795 0.203365 0.367949
2 0.274279 0.350321 0.272115 0.36218 0.299279 0.365705 0.300721 0.354167
3 0.27524 0.357372 0.27476 0.361538 0.288702 0.363462 0.288942 0.359615
2 0.346154 0.348077 0.348798 0.359615 0.373798 0.356731 0.371154 0.344231
3 0.35024 0.354487 0.351202 0.358333 0.372837 0.35609 0.371875 0.351923
3 0.36274 0.274359 0.362019 0.276923 0.376202 0.282051 0.38125 0.283974 0.382212 0.28141
2 0.3625 0.267949 0.360096 0.277564 0.37476 0.282372 0.38149 0.284936 0.384615 0.27532
2 0.376923 0.203846 0.375721 0.213462 0.397596 0.21859 0.398077 0.208333
3 0.378125 0.209936 0.377885 0.213141 0.397115 0.217308 0.396635 0.213782
2 0.43726 0.223397 0.436538 0.231731 0.457933 0.236218 0.458654 0.227244
3 0.438942 0.228526 0.438702 0.23109 0.457212 0.234936 0.457212 0.232051
2 0.432212 0.282372 0.43149 0.292308 0.454327 0.297115 0.455288 0.286859
3 0.434615 0.289103 0.434135 0.291667 0.453365 0.296474 0.453846 0.292949
2 0.280288 0.258654 0.280288 0.269551 0.304567 0.271154 0.305288 0.260256
3 0.282212 0.264423 0.282212 0.268269 0.303125 0.269872 0.303365 0.266346
3 0.433413 0.358013 0.433413 0.361538 0.454327 0.364103 0.454327 0.360577
2 0.43101 0.351282 0.43101 0.36218 0.455048 0.365385 0.454327 0.353846
8 0.544471 0.414423 0.547596 0.427564 0.567308 0.428846 0.564664 0.413782
3 0.955769 0.736218 0.957692 0.742308 0.979567 0.74359 0.977885 0.738141
2 0.949519 0.725641 0.95649 0.744231 0.981971 0.745192 0.974038 0.726603
2 0.938942 0.703526 0.944712 0.720833 0.971394 0.719551 0.964663 0.703526
3 0.945433 0.714423 0.946635 0.719551 0.970433 0.71891 0.96851 0.713462
3 0.984856 0.717949 0.986779 0.722756 1.0 0.722756 1.0 0.717628
2 0.978125 0.706731 0.984135 0.724038 1.0 0.723718 1.0 0.70641
3 0.988702 0.622436 0.991346 0.625962 0.99976 0.622436 0.99976 0.616987
2 0.98101 0.614744 0.990385 0.628205 1.0 0.624038 1.0 0.606731 0.998077 0.607051
3 0.986058 0.815705 0.988462 0.821795 0.999038 0.823077 0.998317 0.816667
2 0.980529 0.803205 0.986058 0.823718 1.0 0.824359 0.99976 0.80609
7 0.643269 0.570833 0.646635 0.585256 0.683173 0.584615 0.722837 0.588141 0.721394 0.573397 0.690865 0.571474 0.664904 0.571795
6 0.641346 0.568269 0.646154 0.588782 0.68726 0.588141 0.72476 0.590064 0.723317 0.570833 0.68774 0.56891 0.661298 0.568269
