3 0.334375 0.623077 0.351683 0.631731 0.348317 0.638782 0.330529 0.628846
2 0.337981 0.610256 0.364423 0.625641 0.358173 0.645833 0.329327 0.630769 0.326442 0.628526 0.33726 0.610256
3 0.56274 0.595192 0.590385 0.599359 0.590144 0.608333 0.5625 0.602885
2 0.561298 0.586538 0.592548 0.590385 0.591106 0.610577 0.559856 0.603205
5 0.559615 0.572756 0.596394 0.57468 0.597596 0.582372 0.559615 0.58141
4 0.548077 0.570513 0.598558 0.572756 0.600481 0.585256 0.549038 0.584615
3 0.649279 0.620513 0.675721 0.619231 0.677164 0.625641 0.650721 0.627244
2 0.646875 0.613141 0.67476 0.610256 0.677885 0.627885 0.649279 0.628526
5 0.633173 0.592949 0.669471 0.59391 0.671154 0.601603 0.633894 0.600962
4 0.621875 0.591346 0.670192 0.592628 0.671875 0.602564 0.623558 0.602564
3 0.685336 0.63718 0.71226 0.640064 0.71226 0.646154 0.685096 0.643269 0.685096 0.638141
2 0.683173 0.625641 0.711779 0.629167 0.713462 0.649038 0.685096 0.646474 0.681971 0.626603
3 0.767548 0.639103 0.7875 0.64359 0.78726 0.651923 0.768029 0.646795
2 0.765385 0.629167 0.797356 0.636538 0.797115 0.654808 0.766827 0.647756
3 0.744231 0.575962 0.772356 0.578846 0.772596 0.585577 0.744712 0.583013
2 0.742788 0.566026 0.772356 0.570513 0.773798 0.586538 0.743269 0.583974
3 0.734856 0.53141 0.751683 0.530769 0.752404 0.536859 0.735817 0.5375
2 0.731971 0.520192 0.760336 0.520833 0.76226 0.538462 0.734135 0.538462
8 0.809375 0.526603 0.838702 0.525 0.847596 0.55 0.817067 0.551923 0.809135 0.527885
3 0.816587 0.63109 0.842308 0.635256 0.84351 0.643269 0.816587 0.6375
2 0.812981 0.619551 0.840865 0.625962 0.844471 0.644551 0.814183 0.63718
3 0.860337 0.652244 0.885096 0.650641 0.887019 0.657372 0.860577 0.658654 0.858654 0.652244
2 0.854808 0.64391 0.884135 0.641026 0.887981 0.658333 0.858894 0.660577
