3 0.114458 0.506454 0.106551 0.526463 0.109563 0.526893 0.11747 0.5071
2 0.114458 0.504088 0.10561 0.527108 0.113517 0.527969 0.115211 0.527108 0.122553 0.505809
3 0.093938 0.61704 0.09375 0.621558 0.112387 0.620052 0.112952 0.615749
2 0.093185 0.609294 0.09055 0.623064 0.113517 0.621127 0.115023 0.607788
3 0.603727 0.545611 0.604104 0.550129 0.625565 0.548408 0.625188 0.544535
2 0.599774 0.537436 0.601845 0.551635 0.625941 0.549914 0.626506 0.548193 0.624435 0.535929
3 0.74567 0.544105 0.746423 0.549053 0.765625 0.547332 0.764684 0.542814
2 0.742093 0.537866 0.744729 0.550559 0.76619 0.549053 0.766754 0.547978 0.764684 0.535929
5 0.380836 0.984509 0.379895 0.990964 0.401167 0.991394 0.400602 0.985585
4 0.380083 0.982573 0.378953 0.992685 0.402297 0.9929 0.40305 0.983219
3 0.281815 0.412866 0.281626 0.416093 0.297816 0.416523 0.298758 0.413296
2 0.28125 0.407487 0.279179 0.417814 0.298004 0.418029 0.30064 0.409639 0.299699 0.407487
3 0.310241 0.336704 0.309864 0.339501 0.325678 0.33864 0.325866 0.335628
2 0.3093 0.332401 0.307982 0.340577 0.326242 0.340146 0.327748 0.333692 0.324548 0.33111
3 0.44823 0.356067 0.44823 0.359079 0.466114 0.358649 0.466114 0.355852
2 0.446724 0.351764 0.446536 0.3608 0.466491 0.359725 0.466303 0.351119
3 0.565136 0.255379 0.565324 0.25796 0.580196 0.255809 0.579819 0.253442
2 0.562124 0.251721 0.563441 0.258606 0.576807 0.25753 0.580949 0.256239 0.579254 0.24957
3 0.569465 0.320568 0.569089 0.32358 0.585843 0.325732 0.58622 0.322935
2 0.568148 0.314544 0.567395 0.323795 0.587349 0.326162 0.588291 0.316695
3 0.580761 0.406196 0.581702 0.409854 0.599962 0.406196 0.599021 0.402108
2 0.577372 0.400602 0.580008 0.41179 0.601092 0.406842 0.59808 0.396515
3 0.677523 0.24957 0.677523 0.251936 0.692583 0.252582 0.692959 0.250645
2 0.675452 0.245267 0.675828 0.253227 0.692959 0.253873 0.694089 0.25043 0.692395 0.245912
3 0.693712 0.313683 0.694089 0.31605 0.710467 0.315835 0.710655 0.313468
2 0.6907 0.309165 0.692583 0.317556 0.709337 0.317556 0.711408 0.31605 0.709526 0.308735
3 0.702748 0.346386 0.702937 0.349613 0.720444 0.349182 0.720256 0.34617
2 0.699548 0.341652 0.701431 0.350688 0.721197 0.350473 0.719315 0.341222
3 0.872553 0.384036 0.874435 0.387048 0.889119 0.381885 0.887236 0.378658
2 0.866717 0.378442 0.872741 0.388339 0.890248 0.38253 0.884036 0.372633
