1 0.225481 0.510256 0.296635 0.507372 0.294952 0.521154 0.222596 0.525
0 0.228846 0.457692 0.31226 0.454167 0.301442 0.527885 0.213221 0.531731
1 0.51899 0.454487 0.571635 0.451923 0.569712 0.467628 0.535817 0.469231 0.518269 0.466987
0 0.483413 0.395192 0.517067 0.39359 0.545192 0.396474 0.57524 0.4 0.576683 0.430449 0.577163 0.474359 0.536779 0.475962 0.478365 0.473077 0.483173 0.416987
1 0.76875 0.448077 0.853125 0.448077 0.853365 0.462179 0.770433 0.463141
0 0.751923 0.396795 0.797115 0.394551 0.848798 0.391987 0.86274 0.469551 0.761538 0.472756 0.759615 0.446474 0.75601 0.420833
3 0.034375 0.732692 0.0625 0.729808 0.06226 0.736538 0.034615 0.740064
3 0.035577 0.757372 0.065385 0.752564 0.065144 0.761859 0.035577 0.764423
3 0.028846 0.783333 0.058413 0.783333 0.056971 0.790385 0.027644 0.788782
3 0.021154 0.795513 0.032212 0.796154 0.050962 0.797115 0.049279 0.801282 0.042788 0.800962 0.03125 0.8 0.01899 0.801603
2 0.020192 0.790705 0.017067 0.801603 0.022356 0.801923 0.030529 0.80032 0.037019 0.801282 0.050721 0.802244 0.053606 0.790705 0.021635 0.788782
2 0.028125 0.777885 0.061298 0.779167 0.059375 0.785256 0.057933 0.790705 0.048558 0.790064 0.024038 0.788462
2 0.033413 0.752244 0.031971 0.765705 0.055769 0.763782 0.066106 0.7625 0.065865 0.751282 0.067308 0.742949 0.038221 0.744551 0.033654 0.744872
2 0.032212 0.728846 0.033173 0.740705 0.062981 0.7375 0.064183 0.735577 0.064663 0.729808 0.065625 0.72468
7 0.072837 0.754487 0.102885 0.758974 0.098317 0.769231 0.086298 0.767308 0.081731 0.782692 0.069471 0.777244 0.072596 0.767949 0.070673 0.764103
6 0.072115 0.752885 0.103846 0.758013 0.09976 0.770192 0.0875 0.769231 0.082692 0.783974 0.067067 0.777885
3 0.230529 0.72532 0.261058 0.724038 0.259615 0.732372 0.23101 0.732692
2 0.230048 0.71218 0.263942 0.711218 0.260096 0.733654 0.226442 0.733333
7 0.278365 0.730769 0.291587 0.729487 0.307452 0.731731 0.307212 0.737179 0.306731 0.744551 0.294952 0.745833 0.291827 0.745192 0.292067 0.73782 0.275962 0.738462
6 0.276442 0.729487 0.292308 0.728846 0.308173 0.73109 0.307212 0.745513 0.291346 0.746474 0.291106 0.739103 0.27524 0.738782
5 0.330048 0.722756 0.355048 0.720833 0.354567 0.726923 0.329808 0.728846
4 0.317788 0.723077 0.355529 0.719551 0.355288 0.728205 0.317548 0.730769
3 0.371635 0.747115 0.403846 0.745513 0.403606 0.753205 0.372356 0.754487
2 0.370433 0.732692 0.405048 0.73109 0.405048 0.753526 0.369712 0.754808
3 0.420192 0.761218 0.450962 0.763141 0.451202 0.770833 0.420673 0.769231
2 0.418269 0.747436 0.45 0.747756 0.451923 0.752244 0.451923 0.771795 0.416587 0.769551
7 0.454087 0.722115 0.489183 0.721474 0.488702 0.729487 0.454327 0.729167
6 0.453365 0.721474 0.489904 0.720513 0.489904 0.730449 0.453606 0.730128
3 0.497356 0.777885 0.530529 0.779808 0.530288 0.785256 0.497837 0.782692
2 0.495673 0.769231 0.495433 0.783333 0.53149 0.785897 0.532212 0.767628
5 0.418269 0.7375 0.447596 0.736218 0.447837 0.742949 0.41851 0.744872
4 0.41899 0.723718 0.417788 0.745192 0.449519 0.74359 0.449279 0.734936 0.426683 0.735897 0.426202 0.722756
3 0.566346 0.709936 0.565144 0.717628 0.583414 0.722115 0.585096 0.714423
2 0.566346 0.697115 0.563462 0.71859 0.597837 0.726282 0.600962 0.70609
3 0.614423 0.71282 0.615144 0.720192 0.646394 0.720513 0.645914 0.7125
2 0.610577 0.700321 0.611538 0.721795 0.647356 0.722115 0.645914 0.700641
7 0.663221 0.739423 0.713462 0.733654 0.713221 0.748397 0.66226 0.755128
6 0.661779 0.7375 0.714663 0.732692 0.714183 0.749038 0.660096 0.75641
