8 0.384615 0.582372 0.382692 0.596154 0.392067 0.597115 0.401683 0.598397 0.403365 0.583333 0.383894 0.581731
8 0.421635 0.58782 0.421154 0.601282 0.4375 0.601282 0.438702 0.588782
8 0.420673 0.548718 0.419471 0.558974 0.436538 0.559936 0.4375 0.55032
8 0.447596 0.546154 0.446875 0.55609 0.459135 0.556731 0.459135 0.545513
8 0.472115 0.581731 0.472356 0.594551 0.483173 0.594551 0.483173 0.580449
8 0.484375 0.582051 0.484135 0.594872 0.501442 0.594872 0.501442 0.581731
8 0.501923 0.583013 0.502404 0.595192 0.519471 0.594551 0.519231 0.582372
8 0.472356 0.595192 0.472115 0.606731 0.482692 0.607051 0.482692 0.595513
8 0.483894 0.595513 0.483894 0.608013 0.500962 0.607692 0.500721 0.596474
8 0.501923 0.596154 0.502163 0.609295 0.520192 0.609295 0.519231 0.595833
1 0.835337 0.574038 0.83774 0.583654 0.855769 0.582372 0.873798 0.583333 0.894471 0.583013 0.890865 0.572436 0.873798 0.573397 0.858413 0.572436 0.845673 0.573718
0 0.822836 0.5375 0.835817 0.5875 0.861779 0.589744 0.886538 0.588141 0.90024 0.586859 0.891827 0.5625 0.883413 0.535897 0.866587 0.536218 0.846635 0.536538
1 0.000721 0.5125 0.000481 0.518269 0.010577 0.51891 0.030529 0.520192 0.032692 0.5125 0.016587 0.512821
1 0.000481 0.521795 0.000721 0.529487 0.009135 0.529808 0.018269 0.530769 0.025721 0.530769 0.027644 0.524038 0.017548 0.52468 0.01274 0.523077
0 0.001202 0.494231 0.000721 0.54391 0.036298 0.545513 0.057452 0.497756
3 0.847356 0.757051 0.849038 0.761538 0.860337 0.761859 0.859615 0.75641
2 0.844952 0.74968 0.848558 0.762821 0.864664 0.763141 0.861298 0.75
3 0.990144 0.745513 0.990144 0.75032 0.998798 0.751603 0.999279 0.746154
2 0.986779 0.739423 0.990144 0.752244 1.0 0.751923 0.99976 0.740064
3 0.673798 0.614423 0.675 0.61859 0.68125 0.616987 0.688702 0.616026 0.69375 0.614744 0.692067 0.610577 0.685817 0.611859 0.679327 0.613462
2 0.670192 0.608654 0.673077 0.619551 0.684375 0.617628 0.694712 0.615385 0.690865 0.602885 0.682692 0.605128 0.676442 0.606731
8 0.536298 0.570833 0.536779 0.585577 0.55649 0.583333 0.555048 0.568269
8 0.575481 0.582372 0.57524 0.598718 0.596875 0.598077 0.595433 0.583333
8 0.537019 0.59968 0.538462 0.614103 0.557692 0.615705 0.55601 0.599359
8 0.472115 0.608974 0.471154 0.61859 0.482692 0.619231 0.483173 0.608333
8 0.483654 0.608974 0.483173 0.619231 0.493269 0.619551 0.493269 0.608974
8 0.49399 0.610577 0.49351 0.61891 0.502404 0.619872 0.502163 0.609936
8 0.502885 0.610577 0.503365 0.619872 0.520913 0.620833 0.520433 0.609936
8 0.232692 0.759936 0.230529 0.776282 0.253125 0.778205 0.255529 0.761218
8 0.598077 0.748077 0.596635 0.764744 0.616587 0.769551 0.618269 0.751282
1 0.315144 0.946474 0.315144 0.953846 0.342788 0.954487 0.343269 0.946474
0 0.314904 0.93782 0.313221 0.95609 0.345433 0.957692 0.345192 0.936859
