1 0.322289 0.424268 0.321724 0.428141 0.337161 0.424268 0.337914 0.420611
1 0.320971 0.430077 0.320218 0.43395 0.336032 0.429862 0.336408 0.427065
0 0.32116 0.415448 0.3157 0.436317 0.314947 0.436962 0.313818 0.437392 0.312688 0.438898 0.311747 0.441265 0.342432 0.434811 0.34262 0.431583 0.342432 0.429862 0.344503 0.427926 0.34695 0.423623 0.348833 0.414587 0.350527 0.407702
1 0.319842 0.446429 0.319089 0.450301 0.330008 0.44815 0.330572 0.444707
1 0.31137 0.454389 0.329066 0.450732 0.328313 0.454389 0.310806 0.458262
1 0.309864 0.460628 0.308735 0.464071 0.320595 0.462565 0.327184 0.460843 0.32756 0.457616
0 0.312312 0.441265 0.310053 0.451807 0.307794 0.461704 0.304782 0.465577 0.334337 0.461919 0.336973 0.45611 0.342056 0.435241
1 0.445783 0.383821 0.445218 0.388554 0.46988 0.3821 0.470633 0.377797
1 0.444465 0.391997 0.443901 0.39673 0.469315 0.390491 0.46988 0.385327
1 0.443524 0.400172 0.442771 0.404905 0.468374 0.398451 0.468938 0.393503
0 0.44503 0.372418 0.442206 0.387048 0.439006 0.409639 0.480798 0.399312 0.485693 0.360585
1 0.493788 0.334983 0.493976 0.339501 0.520143 0.330465 0.520143 0.326377
1 0.494541 0.342298 0.494541 0.346816 0.519767 0.33778 0.519955 0.333692
0 0.49134 0.324656 0.489646 0.341867 0.487952 0.354991 0.486822 0.357788 0.532568 0.343374 0.532756 0.340361 0.533886 0.337995 0.535956 0.307014
1 0.498494 0.36704 0.498306 0.371988 0.516002 0.367255 0.516002 0.362737
1 0.48814 0.378442 0.487764 0.383606 0.515248 0.375645 0.515248 0.371127
1 0.486446 0.387263 0.486069 0.392427 0.51506 0.384466 0.515437 0.379303
0 0.486446 0.358649 0.483434 0.383821 0.482304 0.39716 0.530497 0.384682 0.53238 0.344449
1 0.690136 0.27926 0.690889 0.283563 0.726845 0.270654 0.725339 0.266136
1 0.69823 0.317771 0.69936 0.322719 0.73927 0.30938 0.737764 0.304002
1 0.701431 0.326807 0.70256 0.331756 0.74247 0.318201 0.740964 0.313038
1 0.702937 0.335413 0.704066 0.340361 0.745105 0.327668 0.743788 0.322289
1 0.756401 0.262694 0.75866 0.267212 0.799134 0.254088 0.797816 0.247849 0.781062 0.254518
1 0.760166 0.269793 0.80064 0.2571 0.802899 0.262478 0.761672 0.273881
1 0.782944 0.288511 0.783697 0.294535 0.812124 0.288081 0.810806 0.282272
1 0.785768 0.297978 0.786521 0.304002 0.814947 0.297332 0.813441 0.291738
1 0.771461 0.311532 0.816642 0.301205 0.818148 0.307229 0.773343 0.317341
0 0.679217 0.270439 0.689194 0.305938 0.736822 0.288941 0.755648 0.282487 0.741152 0.245052
0 0.743035 0.244191 0.756212 0.27883 0.817206 0.263124 0.828125 0.258391 0.822289 0.245267 0.820595 0.244836 0.817771 0.244836 0.8093 0.223322 0.772214 0.238167 0.766943 0.240318
0 0.75753 0.280981 0.830384 0.261618 0.845068 0.305508 0.768825 0.32315 0.764496 0.310026
0 0.688818 0.306583 0.756024 0.283348 0.763366 0.308305 0.768637 0.324871 0.698419 0.34617
3 0.289345 0.663081 0.288968 0.666523 0.294804 0.666093 0.294992 0.663296
2 0.28991 0.657917 0.288968 0.662005 0.288027 0.667384 0.298381 0.666523 0.299322 0.657272
3 0.40738 0.564974 0.407568 0.567771 0.420181 0.564329 0.420181 0.561317
2 0.405685 0.55938 0.40625 0.569062 0.420746 0.564759 0.420746 0.555293
5 0.39759 0.536145 0.39759 0.540017 0.417733 0.53679 0.418298 0.532917
4 0.389307 0.535284 0.387425 0.54389 0.41811 0.538726 0.418863 0.531411
3 0.401167 0.640921 0.400791 0.644363 0.415098 0.642642 0.415098 0.6392
2 0.400038 0.634897 0.39872 0.645869 0.415663 0.643718 0.415098 0.632315
3 0.60128 0.486446 0.602221 0.489888 0.619917 0.484725 0.619164 0.481282
2 0.597892 0.481067 0.600715 0.491394 0.62067 0.48494 0.618223 0.474828
3 0.561747 0.532917 0.561935 0.535714 0.575113 0.53679 0.574736 0.533348
2 0.560617 0.527324 0.560053 0.53636 0.575489 0.537436 0.574548 0.527754
3 0.566453 0.559596 0.566642 0.562608 0.575113 0.561747 0.574736 0.558735
2 0.566077 0.554432 0.5657 0.562823 0.576807 0.562177 0.576431 0.553787
3 0.663215 0.526248 0.66378 0.529905 0.6843 0.527754 0.684111 0.523881
2 0.660015 0.518503 0.661145 0.530766 0.685241 0.527969 0.684488 0.518072 0.682605 0.515921
3 0.678464 0.61833 0.678652 0.623064 0.701431 0.623279 0.701619 0.61833
2 0.675828 0.609725 0.676393 0.623709 0.703125 0.623924 0.702372 0.615749 0.701619 0.609725
3 0.695971 0.697504 0.696536 0.702668 0.721386 0.702883 0.721009 0.697935
2 0.693148 0.687608 0.694465 0.703098 0.722327 0.703528 0.721386 0.689544 0.719691 0.688038
3 0.780309 0.553356 0.781062 0.558305 0.806476 0.555723 0.805911 0.55142
2 0.775226 0.545396 0.777861 0.55938 0.807229 0.557014 0.804405 0.542814
3 0.79744 0.6463 0.798381 0.651463 0.825866 0.649957 0.825113 0.644578
2 0.792357 0.636618 0.795557 0.652539 0.827184 0.650602 0.823983 0.635972 0.822666 0.634251
3 0.911333 0.645869 0.91811 0.67685 0.923946 0.67642 0.916792 0.645439
2 0.90945 0.642857 0.917733 0.678356 0.931099 0.677926 0.935617 0.674699 0.926958 0.641781
5 0.872176 0.69148 0.874247 0.700732 0.93863 0.699226 0.936747 0.689544
4 0.843938 0.686747 0.847327 0.708692 0.940136 0.700732 0.937876 0.682659
3 0.363893 0.819492 0.363328 0.823365 0.37613 0.823795 0.376694 0.819707
2 0.362952 0.811102 0.362575 0.82401 0.376694 0.824656 0.377447 0.815835 0.375565 0.811532
3 0.956702 0.436102 0.95802 0.44105 0.987575 0.439114 0.986069 0.43438
2 0.95256 0.429002 0.955196 0.442126 0.988328 0.440404 0.985316 0.427496
