1 0.05497 0.224182 0.054405 0.2358 0.07869 0.236015 0.09262 0.236015 0.121235 0.236015 0.122929 0.225904 0.085467 0.223537
0 0.062123 0.188038 0.052523 0.217513 0.04631 0.239673 0.080761 0.241179 0.124623 0.241824 0.130459 0.212995 0.136672 0.187608 0.095821 0.187608
1 0.363328 0.238597 0.36314 0.249139 0.388931 0.249355 0.409074 0.24957 0.426958 0.250645 0.426958 0.240749 0.396084 0.238597 0.382907 0.239243
0 0.358998 0.195998 0.357681 0.223752 0.355422 0.253657 0.382718 0.254948 0.43317 0.255164 0.435241 0.218804 0.435053 0.196644 0.397026 0.195138 0.360128 0.195783
3 0.23061 0.390706 0.23061 0.395224 0.241905 0.395009 0.253012 0.393933 0.253577 0.38963 0.243411 0.389845 0.236446 0.390275
2 0.227974 0.378227 0.225904 0.39673 0.253765 0.395224 0.256024 0.378012 0.239834 0.377582
5 0.177711 0.369191 0.176958 0.373494 0.186747 0.373279 0.198419 0.372633 0.198795 0.368761
4 0.176581 0.366824 0.175452 0.374355 0.199172 0.373924 0.199548 0.366394
5 0.176017 0.408133 0.175452 0.413081 0.202937 0.412866 0.203502 0.407487
4 0.175075 0.405551 0.174322 0.414157 0.205196 0.414157 0.205008 0.40512
3 0.158321 0.464501 0.158321 0.469234 0.181476 0.466867 0.181099 0.461489
2 0.154744 0.45568 0.153803 0.473107 0.181852 0.470955 0.181664 0.453313 0.166416 0.454389
3 0.300828 0.38253 0.301017 0.387263 0.323983 0.387048 0.323983 0.38167
2 0.299322 0.361446 0.297816 0.388769 0.325113 0.387909 0.326431 0.35994
5 0.349021 0.353916 0.349021 0.359294 0.378012 0.358649 0.378012 0.352625
4 0.347327 0.351549 0.347515 0.3608 0.379706 0.36037 0.379706 0.351549
5 0.29744 0.399527 0.297816 0.404045 0.326242 0.401033 0.325678 0.396515
4 0.29631 0.39716 0.296687 0.40469 0.32869 0.401463 0.327748 0.394363
5 0.297252 0.424268 0.29744 0.428571 0.326619 0.425344 0.326431 0.421041
4 0.296122 0.422762 0.296122 0.429647 0.327937 0.426205 0.32756 0.41932
5 0.34488 0.386403 0.344691 0.390491 0.367846 0.390921 0.367846 0.386618
4 0.344126 0.384251 0.343938 0.390921 0.368599 0.391997 0.368599 0.384897
5 0.347327 0.433305 0.347139 0.439329 0.382907 0.439114 0.382718 0.432014
4 0.345633 0.430508 0.345633 0.44148 0.384036 0.439974 0.38366 0.429002
5 0.291416 0.453959 0.291416 0.459122 0.32116 0.458907 0.321536 0.454174
4 0.290663 0.452238 0.290286 0.460198 0.322477 0.460198 0.322666 0.452883
5 0.342244 0.464716 0.342056 0.47074 0.378953 0.470955 0.379142 0.465361
4 0.340926 0.462349 0.34055 0.472031 0.380083 0.472031 0.380083 0.461059
5 0.410956 0.397375 0.410956 0.402108 0.434488 0.402754 0.434488 0.397806
4 0.410392 0.396515 0.410203 0.402754 0.434864 0.403614 0.435053 0.39716
5 0.454066 0.424268 0.454443 0.429862 0.483057 0.430293 0.483057 0.424484
4 0.45369 0.423193 0.45369 0.430723 0.484375 0.431153 0.484187 0.423623
3 0.529179 0.40383 0.529367 0.407702 0.55384 0.408778 0.553652 0.40383
2 0.524661 0.380809 0.524473 0.410929 0.554782 0.412866 0.554593 0.380594
5 0.578125 0.3608 0.578313 0.365534 0.587726 0.366179 0.602033 0.366179 0.601845 0.361231
4 0.568336 0.359725 0.568524 0.366394 0.577937 0.366609 0.596762 0.367255 0.602974 0.367685 0.602974 0.3608 0.587161 0.360155 0.575489 0.35994
5 0.580384 0.388984 0.580384 0.393287 0.604669 0.393718 0.604669 0.3892
4 0.57003 0.387694 0.570218 0.393933 0.605045 0.394363 0.605233 0.388984 0.580008 0.388339
5 0.570971 0.420396 0.57116 0.425774 0.60241 0.42642 0.602033 0.420826
4 0.569654 0.41889 0.57003 0.42642 0.58942 0.427281 0.603916 0.427065 0.603539 0.419966 0.582267 0.41932
5 0.452184 0.453098 0.45256 0.459122 0.481739 0.458907 0.481928 0.452883
4 0.450113 0.452022 0.450113 0.459768 0.483434 0.459552 0.483246 0.451162
5 0.513931 0.464931 0.513742 0.472246 0.550264 0.472031 0.550075 0.464286
4 0.511483 0.462134 0.510919 0.473537 0.551958 0.473107 0.55177 0.461489
5 0.578125 0.44858 0.578878 0.454819 0.611446 0.45611 0.611822 0.449441
4 0.569465 0.447074 0.569465 0.454604 0.596574 0.456756 0.612952 0.457616 0.61314 0.44815
5 0.658697 0.424053 0.658886 0.429647 0.692018 0.428356 0.69183 0.423193 0.659262 0.423623
4 0.647967 0.422332 0.64872 0.430723 0.678276 0.429862 0.693712 0.429002 0.693524 0.420826 0.648155 0.421902
5 0.759789 0.358434 0.760919 0.363597 0.775226 0.364673 0.787086 0.365534 0.787274 0.35994 0.771837 0.358864
4 0.758848 0.356928 0.759036 0.364243 0.788592 0.366179 0.78878 0.358434
5 0.768072 0.396299 0.768449 0.401893 0.77805 0.402539 0.787274 0.402754 0.795934 0.402969 0.795369 0.39759 0.782944 0.396945 0.774285 0.396299
4 0.767319 0.395224 0.767319 0.402754 0.796498 0.40383 0.796122 0.396515
5 0.76619 0.441695 0.766566 0.447074 0.794616 0.447074 0.794804 0.441695 0.776544 0.44148
4 0.765248 0.44062 0.765625 0.447719 0.795746 0.447504 0.795369 0.44105
5 0.820407 0.444277 0.820595 0.449656 0.846574 0.450516 0.846574 0.444923
4 0.819465 0.442341 0.819465 0.450516 0.847327 0.450947 0.847327 0.443417
1 0.759224 0.215146 0.76186 0.225043 0.782568 0.225904 0.79744 0.226549 0.817395 0.228055 0.815324 0.218804 0.790098 0.217083 0.777297 0.216007
0 0.743223 0.178141 0.758471 0.230422 0.78878 0.231497 0.823795 0.233864 0.814383 0.208692 0.807417 0.185026 0.806288 0.180508 0.779932 0.180508 0.759789 0.177926
