3 0.455384 0.768072 0.455761 0.773236 0.477033 0.77216 0.476657 0.767212
2 0.453313 0.759251 0.453502 0.774312 0.478351 0.773451 0.476468 0.758176 0.455196 0.759036
7 0.678652 0.738167 0.680723 0.754948 0.695971 0.75 0.706325 0.750215 0.724774 0.75 0.725339 0.743546 0.722892 0.735585 0.71555 0.735155 0.703125 0.738597 0.694277 0.738812 0.681476 0.737306
6 0.678087 0.737306 0.680158 0.756239 0.696724 0.751721 0.726092 0.751291 0.726092 0.743546 0.724021 0.734294 0.716114 0.733864 0.70369 0.737306 0.691642 0.737306 0.681664 0.736661
8 0.917169 0.663296 0.925452 0.692556 0.949925 0.690189 0.940324 0.660714
8 0.933358 0.717943 0.943712 0.750215 0.968374 0.747418 0.958208 0.715792
8 0.960467 0.717943 0.970821 0.750215 0.999059 0.747418 0.987575 0.714501
3 0.161521 0.755594 0.160392 0.760542 0.171122 0.763124 0.172628 0.758391
2 0.162651 0.746127 0.158697 0.761188 0.178652 0.765491 0.183735 0.750215 0.164533 0.745912
3 0.111822 0.748709 0.110128 0.753442 0.121235 0.754948 0.122553 0.750215
2 0.112952 0.739458 0.108434 0.754518 0.128765 0.756454 0.127071 0.753442 0.1282 0.746988 0.13253 0.742685 0.132342 0.741824
8 0.131589 0.638769 0.125377 0.659639 0.143637 0.660929 0.148532 0.639845
8 0.149096 0.640275 0.144202 0.661145 0.155497 0.662436 0.159827 0.641781
3 0.164533 0.653184 0.164157 0.657272 0.182794 0.656842 0.183735 0.652754 0.169051 0.652754
2 0.163592 0.644793 0.160956 0.658348 0.183358 0.658348 0.185806 0.644793
8 0.242093 0.699441 0.237011 0.723537 0.256401 0.725688 0.261672 0.700947
3 0.019955 0.570568 0.01939 0.57358 0.031062 0.574656 0.035015 0.57315 0.035203 0.571429
2 0.022026 0.563683 0.016566 0.574226 0.030497 0.576162 0.036333 0.57358 0.038592 0.564759
3 0.068712 0.572289 0.067395 0.575086 0.067771 0.575732 0.076431 0.575947 0.077748 0.572935
2 0.070595 0.564974 0.066265 0.574871 0.067018 0.577022 0.082643 0.577238 0.086973 0.565835
3 0.111258 0.574656 0.110881 0.578313 0.126318 0.578098 0.127636 0.574656
2 0.111634 0.568201 0.108434 0.578098 0.108998 0.579174 0.127071 0.579389 0.129706 0.567771 0.11314 0.567771
4 0.153614 0.671041 0.150414 0.687177 0.191265 0.688683 0.193336 0.673408
5 0.163215 0.673623 0.160768 0.686102 0.190889 0.686962 0.192583 0.674484
4 0.106739 0.668675 0.10241 0.683305 0.142319 0.686962 0.144578 0.672332
5 0.116529 0.671256 0.11314 0.682874 0.141378 0.685456 0.143825 0.673623
8 0.039533 0.696859 0.032944 0.719234 0.049134 0.72074 0.053652 0.698795
8 0.021649 0.674268 0.014872 0.694277 0.03558 0.695568 0.042922 0.675559
8 0.085279 0.674484 0.078502 0.695568 0.09375 0.69815 0.099398 0.676635
7 0.060053 0.648881 0.058358 0.655551 0.065512 0.656411 0.076054 0.656196 0.077937 0.649096
6 0.059488 0.647806 0.057229 0.657057 0.076619 0.657057 0.078502 0.648666
7 0.088291 0.649312 0.08622 0.657702 0.101092 0.657057 0.108622 0.660714 0.111634 0.649742 0.095633 0.648021
6 0.087914 0.648666 0.085279 0.658348 0.100339 0.657917 0.10881 0.661575 0.112387 0.649096 0.095633 0.646945
8 0.00753 0.671687 0.000565 0.69062 0.000188 0.692771 0.013931 0.694277 0.021084 0.673408
8 0.013366 0.69901 0.005836 0.72117 0.017319 0.720955 0.022026 0.718158 0.028614 0.699656
8 0.031062 0.722676 0.024285 0.744621 0.042169 0.746127 0.047628 0.723537
4 0.108245 0.525818 0.103539 0.537651 0.139684 0.538726 0.141566 0.527539
5 0.116905 0.52883 0.114646 0.535499 0.139307 0.535714 0.140625 0.528614
4 0.056099 0.534854 0.050264 0.549484 0.09262 0.547762 0.095633 0.53679
5 0.068148 0.537005 0.064383 0.547332 0.092244 0.547332 0.094503 0.538081
4 0.026732 0.52216 0.022402 0.530766 0.052523 0.532487 0.055158 0.525172
5 0.032944 0.524096 0.031062 0.53012 0.052146 0.532057 0.05384 0.526248 0.033321 0.523666
