3 0.249059 0.086704 0.249624 0.095095 0.270708 0.094449 0.269955 0.086919
2 0.244352 0.070783 0.246235 0.097031 0.286145 0.096386 0.285392 0.076377 0.28238 0.069923
3 0.372553 0.082401 0.372553 0.090792 0.394578 0.089931 0.394014 0.081756
3 0.490023 0.072504 0.490023 0.080895 0.51186 0.08068 0.51186 0.072719
2 0.368599 0.067126 0.369729 0.092513 0.41058 0.091437 0.410956 0.072074 0.406815 0.06562
2 0.48494 0.057229 0.485693 0.082616 0.518449 0.082616 0.51939 0.071213 0.522779 0.065404 0.526355 0.060671 0.526167 0.057014
3 0.627824 0.094019 0.625753 0.103055 0.642508 0.109079 0.646461 0.109509 0.648532 0.101549
2 0.628012 0.076377 0.622364 0.10327 0.642131 0.110155 0.645331 0.10994 0.66058 0.116179 0.667357 0.092943 0.665286 0.089716
3 0.715926 0.109294 0.714797 0.1179 0.735504 0.119406 0.736446 0.111231
2 0.713667 0.093589 0.711032 0.120052 0.745294 0.122849 0.74887 0.121558 0.7532 0.097461 0.752259 0.09617
3 0.837726 0.108864 0.836032 0.117685 0.855422 0.120267 0.856739 0.112306
2 0.836785 0.092943 0.833396 0.118546 0.867093 0.123494 0.871611 0.098537
7 0.005648 0.333262 0.013178 0.351979 0.042922 0.34617 0.048946 0.348107 0.091491 0.339071 0.088102 0.322074 0.068901 0.327883 0.0657 0.332186 0.051958 0.327238 0.041227 0.332401 0.028426 0.331325
6 0.003765 0.33068 0.011107 0.355422 0.094315 0.341437 0.089232 0.318847
5 0.116717 0.312392 0.117846 0.319277 0.164157 0.315835 0.162839 0.309165
4 0.106928 0.310886 0.108622 0.320998 0.165098 0.316695 0.163404 0.306583
3 0.189759 0.30895 0.191642 0.315835 0.219315 0.311962 0.218185 0.305293
2 0.187124 0.297547 0.189571 0.318201 0.220633 0.314974 0.216303 0.29432
3 0.234187 0.304002 0.236069 0.311102 0.265625 0.30852 0.264496 0.30142
2 0.230798 0.291954 0.234187 0.312392 0.266943 0.309165 0.262236 0.289587
5 0.239081 0.314114 0.239458 0.319707 0.269014 0.318417 0.268637 0.312392
4 0.227033 0.310671 0.228163 0.321644 0.269578 0.319062 0.269202 0.310456 0.23381 0.313253 0.233434 0.310456
5 0.304405 0.317556 0.304782 0.323795 0.328878 0.322504 0.328313 0.316265
4 0.297063 0.31691 0.297628 0.325301 0.329254 0.32315 0.32869 0.31562
3 0.312876 0.353485 0.314383 0.359725 0.33189 0.355207 0.330761 0.348107
2 0.304405 0.344664 0.309864 0.365964 0.345633 0.356067 0.344503 0.343158
5 0.311559 0.373279 0.311747 0.380164 0.334337 0.379088 0.333584 0.373064
4 0.304029 0.372203 0.304405 0.381024 0.335467 0.379518 0.334902 0.371558
3 0.309864 0.391136 0.310053 0.397806 0.328125 0.39759 0.327937 0.391351
2 0.305911 0.381885 0.307605 0.398881 0.338291 0.398236 0.337538 0.380594
5 0.359375 0.328313 0.359752 0.334337 0.391943 0.333046 0.391754 0.327022
4 0.346762 0.324656 0.346762 0.336274 0.392508 0.333477 0.392319 0.324226
3 0.360504 0.348107 0.360504 0.354991 0.392319 0.354991 0.392131 0.348322
2 0.357304 0.336489 0.358622 0.356067 0.393072 0.355422 0.392508 0.347676 0.386295 0.334983
3 0.414721 0.337134 0.415474 0.344234 0.449548 0.340577 0.449172 0.333262
2 0.410015 0.323365 0.412462 0.34574 0.452937 0.341652 0.450301 0.318847
5 0.410392 0.245482 0.411145 0.254303 0.457078 0.253227 0.457643 0.243976
4 0.398155 0.2429 0.398908 0.256454 0.458584 0.254088 0.458396 0.242255
5 0.48814 0.333907 0.48814 0.339716 0.508848 0.339286 0.508848 0.333907
4 0.478916 0.33154 0.479104 0.342083 0.509601 0.341437 0.509789 0.331325
3 0.478539 0.379303 0.478916 0.385757 0.497741 0.38167 0.4968 0.375645
2 0.476468 0.366609 0.477974 0.386618 0.510354 0.380379 0.506777 0.3608
5 0.626694 0.260327 0.626318 0.266566 0.659074 0.268287 0.659262 0.262048
4 0.614834 0.256024 0.613893 0.267857 0.659639 0.269363 0.660203 0.258821
3 0.621988 0.292169 0.622176 0.299053 0.653614 0.30099 0.654179 0.294105
2 0.621988 0.27926 0.620105 0.299484 0.654367 0.30142 0.65625 0.282057
5 0.63573 0.384466 0.635354 0.390921 0.664345 0.391351 0.664345 0.385327
4 0.634789 0.38296 0.634413 0.392642 0.673381 0.393503 0.673946 0.383176
5 0.708396 0.298623 0.708396 0.306153 0.744541 0.305938 0.744729 0.299053
4 0.694277 0.29475 0.693712 0.310026 0.745482 0.309165 0.74567 0.295611
3 0.485881 0.8892 0.485693 0.896945 0.489081 0.896515 0.48927 0.888984
2 0.480233 0.884466 0.48061 0.899742 0.492282 0.898666 0.492093 0.883821
