1 0.353163 0.245697 0.352598 0.252582 0.403426 0.255164 0.403426 0.247418
0 0.35128 0.215146 0.346762 0.257315 0.40738 0.259251 0.409074 0.217728
1 0.525979 0.299699 0.526732 0.307229 0.556852 0.307444 0.575113 0.306583 0.574548 0.298408 0.546875 0.299268
0 0.518449 0.265275 0.51939 0.312392 0.58189 0.311317 0.577748 0.26463 0.561935 0.2642
1 0.881589 0.304432 0.884601 0.311747 0.908133 0.313253 0.924134 0.314329 0.922252 0.306583 0.905685 0.305938
0 0.870482 0.271945 0.877071 0.305938 0.881401 0.31605 0.929782 0.319062 0.920369 0.282702 0.918298 0.274312
1 0.153238 0.256239 0.150226 0.261403 0.164345 0.262263 0.195971 0.26463 0.19936 0.259036 0.173005 0.25753
0 0.158886 0.232143 0.156062 0.244406 0.153991 0.246343 0.154556 0.251076 0.147402 0.257315 0.142696 0.263984 0.198042 0.268503 0.205196 0.256885 0.210279 0.228055 0.1843 0.230422 0.159827 0.231282
1 0.005271 0.299053 0.0032 0.307014 0.029744 0.304432 0.044804 0.302065 0.048758 0.29432 0.027861 0.296687
0 0.058923 0.261618 0.049699 0.304862 0.024096 0.309811 0.013178 0.310026 0.0 0.311747 0.000377 0.302496 0.002824 0.296256 0.007907 0.266997 0.047252 0.262048
3 0.431476 0.966867 0.431099 0.97117 0.451619 0.974828 0.451996 0.97074
2 0.42997 0.958262 0.428087 0.971816 0.451996 0.976334 0.454066 0.963425 0.452372 0.962349 0.433735 0.958046 0.430911 0.957831
