1 0.534615 0.371474 0.535577 0.379808 0.552404 0.379487 0.593029 0.377244 0.592067 0.367949 0.558654 0.370192
0 0.52476 0.339744 0.529086 0.379487 0.530048 0.382051 0.552644 0.383654 0.599519 0.38141 0.591346 0.335256 0.528125 0.3375
4 0.50601 0.817308 0.50625 0.834615 0.569952 0.832051 0.567788 0.814744
5 0.527885 0.820192 0.528606 0.830449 0.567067 0.829487 0.565865 0.817949
3 0.160096 0.840705 0.157692 0.847115 0.172115 0.853205 0.175 0.844872
2 0.188221 0.842949 0.183413 0.859295 0.15601 0.848077 0.164183 0.828846 0.182452 0.834936
3 0.135337 0.841987 0.128606 0.862179 0.133894 0.8625 0.139183 0.842308
2 0.134856 0.8375 0.122115 0.872436 0.122837 0.877564 0.13774 0.879487 0.14976 0.8375 0.136058 0.836538
3 0.140625 0.73782 0.139904 0.743269 0.154808 0.74391 0.155769 0.738462
2 0.14375 0.726603 0.139423 0.735897 0.137981 0.74359 0.141827 0.745833 0.167308 0.746154 0.170433 0.726603
3 0.140865 0.77532 0.140144 0.780128 0.152885 0.779808 0.153365 0.77468
2 0.1375 0.761859 0.131731 0.791346 0.164663 0.789423 0.170433 0.759936 0.138702 0.760897
3 0.921635 0.7625 0.922356 0.767949 0.950481 0.771154 0.949519 0.764103 0.921875 0.761859
2 0.914423 0.749359 0.919712 0.770833 0.951683 0.772436 0.947115 0.750641
3 0.930288 0.81282 0.93125 0.81891 0.961538 0.821154 0.959856 0.814744
2 0.920913 0.796795 0.932452 0.844231 0.970914 0.84391 0.958894 0.798077
3 0.983413 0.805769 0.991346 0.826923 0.992308 0.828205 0.996394 0.826282 0.988462 0.804808
2 0.970192 0.797115 0.983654 0.832372 0.99976 0.833013 0.999519 0.804167 0.994471 0.791667 0.993029 0.786218 0.970673 0.788462 0.970673 0.792308 0.970192 0.796154
3 0.954327 0.708654 0.962019 0.728526 0.966346 0.726923 0.958654 0.708013
2 0.940144 0.697756 0.954808 0.736218 0.97476 0.734615 0.969471 0.720192 0.964183 0.710577 0.957933 0.703846 0.955288 0.695192 0.942308 0.697115
