5 0.204066 0.207186 0.230986 0.204604 0.231551 0.210198 0.20369 0.211704 0.202937 0.207401
4 0.190512 0.206325 0.232304 0.203098 0.234187 0.211704 0.191642 0.216222
3 0.128389 0.325732 0.150038 0.32315 0.149661 0.327883 0.128012 0.33025
2 0.126883 0.317556 0.150226 0.315835 0.150791 0.329174 0.125941 0.331325
3 0.187312 0.326162 0.21009 0.322289 0.210843 0.327022 0.1875 0.33111
2 0.184864 0.319062 0.210279 0.315404 0.211973 0.328528 0.184111 0.332401
5 0.237952 0.428571 0.27052 0.42685 0.27052 0.433305 0.237764 0.43438
4 0.218562 0.42685 0.272402 0.424914 0.272779 0.435886 0.21875 0.436962
3 0.298946 0.471816 0.325113 0.46988 0.325301 0.475688 0.298758 0.477194
2 0.295746 0.46278 0.323795 0.459983 0.326054 0.460843 0.325866 0.477194 0.296498 0.479131
5 0.313818 0.450301 0.353916 0.44901 0.353727 0.455465 0.314006 0.456756
4 0.304782 0.450086 0.354104 0.447719 0.354292 0.45654 0.30497 0.458046
3 0.298758 0.435241 0.324548 0.434596 0.32436 0.440189 0.297816 0.44148
2 0.298381 0.425129 0.325489 0.426205 0.324736 0.442126 0.295934 0.442341
5 0.31363 0.416954 0.351468 0.415878 0.352221 0.421687 0.3125 0.423193 0.312312 0.416093
4 0.30384 0.415663 0.353539 0.414157 0.353539 0.423408 0.304029 0.424268
5 0.309111 0.379948 0.348833 0.380594 0.348833 0.386403 0.3093 0.386618
4 0.299887 0.378658 0.350151 0.378873 0.349586 0.387909 0.30064 0.387478
5 0.310241 0.34617 0.348456 0.344664 0.348456 0.351979 0.310241 0.353055
4 0.301017 0.345525 0.348833 0.344019 0.348833 0.35284 0.301958 0.354346
5 0.387425 0.437392 0.427146 0.438898 0.42677 0.443417 0.386107 0.442986
4 0.376318 0.436962 0.427899 0.437608 0.427899 0.444923 0.376694 0.444062
5 0.387236 0.401463 0.435806 0.402539 0.435617 0.407272 0.414533 0.407702 0.38686 0.407702 0.385919 0.406196
4 0.376883 0.400818 0.437124 0.402108 0.437688 0.407917 0.377071 0.408993
5 0.396837 0.299484 0.436935 0.299268 0.436559 0.304862 0.396837 0.304862
4 0.387613 0.298193 0.438441 0.297978 0.437688 0.305723 0.387989 0.305293
5 0.463479 0.446213 0.50433 0.444492 0.50433 0.449441 0.463291 0.451592 0.462538 0.446213
4 0.452937 0.444707 0.504518 0.443847 0.505459 0.450301 0.453502 0.452453
5 0.467244 0.412651 0.507342 0.411145 0.508283 0.416954 0.466867 0.418244
4 0.45689 0.41179 0.50866 0.410284 0.509413 0.416954 0.509413 0.418244 0.457267 0.419105
5 0.466303 0.375645 0.504518 0.372633 0.505083 0.378873 0.465361 0.38167 0.464608 0.37543
4 0.455572 0.37543 0.504706 0.371342 0.506024 0.379733 0.456514 0.38296
5 0.462726 0.337134 0.503012 0.334122 0.50433 0.339931 0.463291 0.343158
4 0.454254 0.337134 0.503765 0.333477 0.505083 0.340577 0.454254 0.344449
5 0.536709 0.295611 0.576242 0.296687 0.576242 0.302281 0.535956 0.300344 0.535015 0.295396
4 0.527485 0.294535 0.577748 0.295826 0.578125 0.302496 0.577748 0.304862 0.527297 0.300774
5 0.603727 0.276893 0.640437 0.278399 0.641378 0.283348 0.603916 0.282057
4 0.594691 0.274957 0.641943 0.277324 0.642508 0.284423 0.595256 0.282487
5 0.604104 0.307659 0.643637 0.307444 0.644014 0.312608 0.60448 0.313253
4 0.59488 0.307014 0.644202 0.306799 0.644578 0.312823 0.595821 0.313683
5 0.612952 0.364888 0.65192 0.363812 0.652297 0.369836 0.613705 0.370267
4 0.602974 0.364673 0.652297 0.363382 0.65305 0.370052 0.603916 0.371773
5 0.68863 0.437177 0.728351 0.436317 0.728727 0.442341 0.688253 0.443632 0.686935 0.436962
4 0.678087 0.436532 0.729857 0.435026 0.730422 0.443632 0.678276 0.444707 0.679029 0.437392
5 0.707078 0.365749 0.715173 0.364888 0.721197 0.411575 0.713667 0.412435
4 0.705761 0.363597 0.716303 0.363382 0.722515 0.424053 0.713102 0.424914
5 0.72628 0.295611 0.732492 0.295181 0.737011 0.337995 0.731363 0.338855
4 0.723268 0.285714 0.731928 0.28636 0.73814 0.33821 0.730233 0.339931
5 0.786145 0.425129 0.825489 0.424914 0.826054 0.431799 0.785768 0.430723 0.784827 0.423838
4 0.775979 0.423838 0.826054 0.423838 0.826807 0.433305 0.776732 0.432874
5 0.781438 0.386188 0.821724 0.386403 0.823042 0.391997 0.782756 0.392857
4 0.770896 0.386188 0.821724 0.385327 0.824172 0.392427 0.772402 0.393503
5 0.767884 0.371558 0.808923 0.374785 0.808923 0.379948 0.768072 0.377582
4 0.767508 0.370912 0.81683 0.374785 0.817583 0.38167 0.767131 0.379303
3 0.76939 0.356497 0.796875 0.358219 0.797816 0.363812 0.769955 0.362522
2 0.768825 0.355422 0.799322 0.355852 0.801581 0.372418 0.770331 0.370482
3 0.768261 0.313253 0.794051 0.318847 0.794239 0.324656 0.768449 0.318847
2 0.765437 0.304002 0.795369 0.309165 0.795934 0.325947 0.765625 0.319707
5 0.853916 0.291954 0.859375 0.291738 0.863893 0.335843 0.858434 0.334768
4 0.852598 0.282487 0.859752 0.282917 0.865023 0.336919 0.858057 0.336059
5 0.847515 0.353916 0.886107 0.35284 0.886672 0.358649 0.849209 0.359509
4 0.838667 0.35241 0.888742 0.351334 0.89006 0.358864 0.844126 0.36037 0.83942 0.360155
5 0.851845 0.391136 0.888178 0.390491 0.889872 0.39673 0.852974 0.398236 0.85128 0.390921
4 0.841867 0.391136 0.887989 0.389415 0.890813 0.39716 0.84262 0.398881
3 0.872176 0.41136 0.896084 0.410284 0.897402 0.417384 0.872929 0.417384
2 0.867658 0.400387 0.894578 0.400602 0.898908 0.418244 0.870858 0.418244
5 0.85241 0.430938 0.89006 0.430723 0.89006 0.436962 0.852221 0.436962
4 0.844126 0.429647 0.890437 0.429647 0.89119 0.437608 0.845068 0.438038
5 0.534827 0.382745 0.541792 0.381454 0.541792 0.425129 0.535768 0.42599
4 0.533697 0.380379 0.544239 0.379303 0.542922 0.437608 0.534262 0.436962
