1 0.038592 0.317126 0.072289 0.317771 0.069654 0.326162 0.032944 0.325516
0 0.037462 0.288081 0.085467 0.287866 0.097515 0.290017 0.070971 0.329604 0.007154 0.332186 0.007718 0.328744 0.036521 0.292814
1 0.382154 0.214716 0.424511 0.216007 0.424134 0.221816 0.38253 0.220525
1 0.380271 0.223322 0.424511 0.222892 0.422816 0.229131 0.379706 0.229131
1 0.378389 0.231497 0.422628 0.231497 0.422063 0.236446 0.378012 0.236876
1 0.377259 0.24247 0.420557 0.240964 0.419992 0.245697 0.376694 0.247849
1 0.379142 0.251076 0.419804 0.247633 0.418675 0.254088 0.378577 0.256239
1 0.374247 0.261188 0.41811 0.258176 0.418486 0.264845 0.37387 0.267642 0.373682 0.261833
1 0.372553 0.273451 0.417733 0.272375 0.418486 0.280981 0.372364 0.281196
0 0.37933 0.202883 0.446913 0.204174 0.439194 0.30938 0.361069 0.310026 0.371235 0.239028
1 0.531062 0.302926 0.595633 0.306368 0.597327 0.316695 0.53125 0.311747
0 0.525602 0.271945 0.596762 0.276463 0.600715 0.321859 0.525791 0.315835 0.524473 0.27173
1 0.73927 0.311317 0.794992 0.315189 0.79744 0.324871 0.741905 0.320138
0 0.721574 0.27883 0.788027 0.282702 0.804782 0.329174 0.735693 0.32401 0.721009 0.281411
3 0.298381 0.554002 0.317583 0.554002 0.317206 0.560241 0.298569 0.559165
2 0.298004 0.54389 0.330196 0.542814 0.327937 0.560456 0.295557 0.560456
3 0.526732 0.587349 0.544616 0.585198 0.54631 0.591867 0.527673 0.594449
2 0.522967 0.575947 0.555346 0.572289 0.559488 0.592083 0.524661 0.595525 0.521837 0.576377
3 0.64872 0.47031 0.654744 0.470095 0.656438 0.489028 0.649849 0.487737
2 0.637801 0.459552 0.652861 0.459122 0.658321 0.490534 0.642319 0.490318
3 0.77692 0.467298 0.794239 0.465792 0.794804 0.471386 0.777861 0.472461
2 0.771837 0.458692 0.800452 0.456756 0.804593 0.471601 0.776167 0.473537
3 0.792357 0.534208 0.810429 0.533563 0.811559 0.539802 0.793675 0.540448
2 0.787839 0.524096 0.817771 0.524527 0.821536 0.541954 0.792357 0.540878
3 0.839044 0.44148 0.853539 0.44191 0.855045 0.447074 0.840173 0.446213
2 0.834714 0.433735 0.859563 0.43438 0.865399 0.447504 0.839608 0.447289
3 0.879518 0.532702 0.89552 0.532917 0.896837 0.539372 0.880648 0.538942
2 0.875565 0.523666 0.90192 0.522806 0.906815 0.540232 0.880648 0.540663 0.875565 0.527539
