1 0.133283 0.350043 0.130459 0.354991 0.157756 0.358003 0.159074 0.35327
1 0.129706 0.357358 0.126883 0.362306 0.140248 0.363597 0.153991 0.365103 0.154932 0.360155
0 0.135166 0.339071 0.124435 0.356497 0.115587 0.374139 0.162651 0.378658 0.180723 0.342728
1 0.624059 0.353485 0.624435 0.357358 0.658321 0.359079 0.657568 0.355207
1 0.547816 0.352194 0.547628 0.356282 0.580384 0.357788 0.580572 0.353701
1 0.545934 0.357573 0.545934 0.362306 0.580949 0.364028 0.580949 0.359294
1 0.545746 0.364888 0.545369 0.371127 0.580949 0.373064 0.580761 0.367685
0 0.541604 0.344449 0.540286 0.376506 0.598456 0.378873 0.599021 0.360155 0.59695 0.34574
0 0.618976 0.340146 0.621988 0.378227 0.659827 0.374139 0.679782 0.378873 0.672063 0.347031 0.632342 0.344664
1 0.931476 0.393287 0.933547 0.400387 0.97308 0.408348 0.970068 0.400172
0 0.919239 0.364888 0.932229 0.403184 0.97628 0.412866 0.961408 0.37457 0.942959 0.369191
1 0.034827 0.628227 0.032003 0.639845 0.080384 0.644148 0.084714 0.634682
0 0.045745 0.586489 0.026732 0.644793 0.083773 0.650387 0.10241 0.591652
3 0.7532 0.589501 0.7532 0.593589 0.773908 0.597461 0.773908 0.592728
2 0.75 0.58111 0.75113 0.593804 0.775414 0.598322 0.774096 0.585198
