1 0.402297 0.204389 0.402673 0.210843 0.432794 0.207831 0.43317 0.202022
1 0.402297 0.214716 0.402673 0.22117 0.432417 0.218374 0.432982 0.212349
1 0.401544 0.224613 0.40192 0.231067 0.431664 0.22827 0.432417 0.222246
0 0.378953 0.191695 0.375 0.239243 0.458396 0.231067 0.457455 0.185026
1 0.719126 0.149096 0.71988 0.155336 0.746423 0.157702 0.744541 0.151893
1 0.719691 0.158133 0.720821 0.165017 0.749435 0.167169 0.747553 0.16136
0 0.685994 0.131239 0.696724 0.175129 0.779179 0.18309 0.764119 0.140491
3 0.1843 0.390921 0.176205 0.415663 0.180911 0.415663 0.18863 0.390921
2 0.177711 0.39006 0.167733 0.418244 0.182041 0.417814 0.190889 0.389415
3 0.13366 0.682659 0.126694 0.72827 0.133471 0.727194 0.139684 0.683735
2 0.131589 0.676635 0.124435 0.729346 0.144014 0.727625 0.149661 0.679432
3 0.22308 0.611016 0.22195 0.6179 0.251883 0.619836 0.253577 0.612306
2 0.223268 0.598107 0.216303 0.620052 0.251883 0.621558 0.256024 0.601334
3 0.343374 0.523666 0.34262 0.52969 0.374247 0.530551 0.374624 0.524096
2 0.342244 0.510972 0.338667 0.530766 0.374624 0.531411 0.3782 0.511833
3 0.484375 0.60241 0.485316 0.60994 0.522779 0.605207 0.522214 0.597676
2 0.479857 0.58864 0.481551 0.612306 0.524661 0.606928 0.521837 0.582616
3 0.254518 0.403614 0.25433 0.408563 0.279367 0.407702 0.28012 0.402539
2 0.256589 0.395869 0.253389 0.401033 0.251883 0.409854 0.280497 0.408348 0.281815 0.394793
