1 0.15512 0.050344 0.153991 0.055508 0.184864 0.050559 0.185994 0.046902
1 0.153614 0.057659 0.153991 0.061747 0.182417 0.056799 0.182229 0.052281
1 0.150979 0.063898 0.150979 0.069277 0.180911 0.065189 0.181664 0.060241
0 0.15738 0.04346 0.149661 0.056799 0.144955 0.070998 0.19616 0.066695 0.198795 0.058305 0.200113 0.052496 0.202748 0.047547 0.206702 0.036575
1 0.806288 0.004303 0.808735 0.008606 0.835279 0.010757 0.833773 0.007745 0.816077 0.005379
1 0.810241 0.009682 0.828502 0.012263 0.837726 0.012048 0.838479 0.016136 0.813441 0.013554
1 0.815512 0.014845 0.817771 0.018933 0.840738 0.021084 0.84055 0.017212
0 0.799134 0.00043 0.809676 0.01506 0.823795 0.033778 0.842997 0.038726 0.857492 0.037866 0.875565 0.031842 0.845633 0.0
8 0.07436 0.567341 0.060617 0.633821 0.067959 0.63296 0.081702 0.569277
8 0.100339 0.577453 0.085843 0.635972 0.094127 0.637263 0.108057 0.578313
8 0.112011 0.601549 0.10128 0.655336 0.10881 0.655336 0.118788 0.600043
3 0.975151 0.444923 0.975527 0.449656 0.993223 0.44858 0.991905 0.444277
2 0.971009 0.436532 0.974962 0.450516 0.995858 0.448795 0.991529 0.436532
3 0.818336 0.287005 0.818712 0.291093 0.836596 0.290878 0.835843 0.28722
2 0.814383 0.280766 0.817771 0.292169 0.838291 0.291523 0.835467 0.280766 0.814947 0.280981
