8 0.258173 0.342628 0.257212 0.353205 0.274279 0.354167 0.276442 0.342308
8 0.256731 0.376603 0.253846 0.38718 0.271154 0.38782 0.273317 0.377564
8 0.247356 0.410256 0.245673 0.423397 0.264904 0.422436 0.265865 0.410256
8 0.250962 0.449038 0.249519 0.4625 0.269712 0.4625 0.270913 0.44968
8 0.161058 0.568269 0.158173 0.583974 0.179327 0.583654 0.18149 0.567628
8 0.152163 0.603205 0.149038 0.61891 0.170913 0.619551 0.173558 0.603526
8 0.145673 0.646474 0.144231 0.654808 0.142788 0.663141 0.165625 0.663141 0.167788 0.646154
8 0.186298 0.64359 0.183894 0.661538 0.206731 0.661218 0.208894 0.644872
8 0.150721 0.702564 0.147115 0.721474 0.170433 0.721795 0.173558 0.702244
8 0.261538 0.63718 0.259856 0.653846 0.282933 0.652244 0.284135 0.635577
8 0.211538 0.67532 0.209375 0.691346 0.231731 0.691667 0.233654 0.675 0.212019 0.674359
8 0.259615 0.704167 0.258173 0.722756 0.28125 0.721795 0.282692 0.703205
8 0.344471 0.622756 0.343269 0.640064 0.365385 0.641667 0.366587 0.624038
8 0.335337 0.691346 0.333894 0.710577 0.357452 0.710256 0.358413 0.691667
8 0.3875 0.677564 0.386058 0.696795 0.409615 0.696474 0.410577 0.677885
8 0.357452 0.554167 0.35649 0.570833 0.377404 0.572115 0.378125 0.555769
8 0.432692 0.563782 0.431971 0.578526 0.452885 0.579808 0.453125 0.564744
8 0.438702 0.614103 0.438462 0.63109 0.460337 0.629487 0.460096 0.613141 0.43774 0.614103
8 0.431731 0.692308 0.433654 0.710256 0.45601 0.705449 0.453606 0.686859
8 0.508894 0.571154 0.509135 0.58782 0.53101 0.588782 0.530529 0.571795
8 0.563942 0.640385 0.564183 0.656731 0.586298 0.657692 0.585577 0.641026
8 0.571394 0.578846 0.572356 0.594872 0.59375 0.594231 0.593029 0.578205
8 0.624279 0.554167 0.626202 0.569551 0.647596 0.566667 0.645192 0.552564
8 0.588942 0.692628 0.589423 0.71282 0.613462 0.7125 0.61226 0.69359
5 0.140144 0.694872 0.171875 0.694872 0.171154 0.700641 0.139663 0.700641
4 0.130769 0.692308 0.172837 0.69359 0.172115 0.701603 0.137981 0.701923 0.129808 0.701923
5 0.255769 0.686538 0.285577 0.685897 0.285577 0.691987 0.255048 0.692949 0.255288 0.68718
4 0.240144 0.683654 0.239423 0.697115 0.254327 0.697115 0.254567 0.69359 0.285817 0.692949 0.286058 0.685256 0.254567 0.686538 0.254567 0.683654
5 0.331971 0.68109 0.358413 0.680769 0.358173 0.685256 0.331731 0.685897
4 0.322596 0.679167 0.332692 0.678846 0.332933 0.680449 0.359135 0.679808 0.359135 0.686859 0.322837 0.688141
5 0.500721 0.640385 0.528365 0.640064 0.528365 0.644231 0.500721 0.644872
4 0.488462 0.639423 0.529327 0.638782 0.529567 0.645192 0.488221 0.646474
3 0.155529 0.642308 0.178846 0.642308 0.178606 0.645513 0.155048 0.645513
2 0.155769 0.635897 0.153365 0.645513 0.163702 0.645833 0.179567 0.646154 0.180769 0.6375 0.177885 0.635256 0.155769 0.634936
3 0.282212 0.621154 0.298558 0.619231 0.298317 0.625 0.281971 0.626603
2 0.281731 0.613462 0.28101 0.628205 0.298558 0.626282 0.299038 0.611218 0.281971 0.614103
3 0.28774 0.691667 0.311058 0.691346 0.310817 0.698077 0.28774 0.697115
2 0.286779 0.682051 0.285817 0.698397 0.31226 0.699038 0.31274 0.682372
3 0.375962 0.536538 0.387981 0.538462 0.38774 0.542949 0.375481 0.541026
2 0.375481 0.529808 0.373317 0.542308 0.39375 0.546795 0.395192 0.533333
3 0.449038 0.600641 0.470673 0.604487 0.470192 0.609615 0.448558 0.604808
2 0.448077 0.592308 0.446635 0.605128 0.471154 0.610577 0.472356 0.597115
5 0.502404 0.625 0.523798 0.625641 0.524038 0.629808 0.502404 0.629808
4 0.487981 0.624038 0.525481 0.624038 0.525721 0.63141 0.49976 0.63109 0.499519 0.634936 0.488221 0.635256
3 0.637019 0.576603 0.640385 0.599359 0.644952 0.599038 0.641346 0.576603
2 0.634135 0.572115 0.638221 0.601923 0.652644 0.600962 0.648317 0.570513
