1 0.555529 0.420513 0.555529 0.426282 0.593269 0.429808 0.593269 0.421795
1 0.556731 0.430769 0.556731 0.4375 0.595914 0.440385 0.595192 0.433333
0 0.550481 0.403526 0.55024 0.448397 0.573558 0.454487 0.604086 0.45609 0.615865 0.455449 0.61226 0.407372 0.551442 0.403526
3 0.679087 0.85641 0.679567 0.861218 0.703125 0.861538 0.702163 0.855128
2 0.675 0.845513 0.676923 0.864103 0.705288 0.863141 0.701683 0.84391
2 0.73101 0.866667 0.734375 0.885577 0.761779 0.882372 0.757212 0.863462
2 0.733894 0.892949 0.7375 0.913462 0.765625 0.911859 0.761779 0.889423
3 0.738942 0.905128 0.739904 0.909936 0.763221 0.908974 0.761779 0.902244
3 0.735096 0.878205 0.736298 0.883333 0.760096 0.88109 0.758894 0.875962
2 0.766827 0.885256 0.76875 0.905449 0.798077 0.904167 0.794712 0.883013
3 0.770433 0.898718 0.771394 0.903846 0.795913 0.901603 0.795192 0.894872 0.770673 0.897115
