1 0.504706 0.21321 0.568712 0.216437 0.568148 0.225043 0.50433 0.222461
1 0.668298 0.206756 0.730798 0.203528 0.732116 0.214931 0.670557 0.217083
0 0.500565 0.177711 0.572854 0.183305 0.572289 0.231497 0.4968 0.226549
0 0.658886 0.166093 0.730798 0.170396 0.739646 0.219234 0.664533 0.219234
1 0.946913 0.207616 0.97741 0.203959 0.979292 0.21364 0.950866 0.217513
0 0.908133 0.174699 0.962349 0.170826 0.973456 0.18395 0.981363 0.201162 0.983246 0.218804 0.9343 0.223752 0.926581 0.209768 0.919804 0.194492 0.912462 0.181583
3 0.271461 0.371988 0.293675 0.369836 0.293675 0.373494 0.271837 0.375861
2 0.27052 0.364673 0.294428 0.362091 0.293863 0.37457 0.26939 0.376506
3 0.82116 0.473752 0.841491 0.471386 0.842056 0.476979 0.821724 0.478916
2 0.817583 0.464931 0.840173 0.464716 0.843374 0.47784 0.821913 0.479776
3 0.888366 0.53679 0.892319 0.536575 0.898532 0.564329 0.894767 0.565189
2 0.888554 0.535929 0.893261 0.535714 0.899661 0.566265 0.894578 0.566695
