7 0.434488 0.620482 0.537839 0.614673 0.571913 0.614243 0.570971 0.645654 0.432041 0.655551 0.427523 0.623279
6 0.421498 0.616394 0.576807 0.612952 0.577937 0.646515 0.427523 0.657272
3 0.014495 0.586704 0.036145 0.58821 0.034074 0.593374 0.013931 0.592728
2 0.014495 0.579174 0.03878 0.579604 0.036333 0.594664 0.012236 0.593589
3 0.035392 0.520869 0.054782 0.520654 0.053464 0.526463 0.034639 0.526033
2 0.03558 0.512048 0.057982 0.512909 0.056476 0.527324 0.032944 0.527539
3 0.073042 0.402539 0.090926 0.402539 0.090738 0.406842 0.072289 0.406626
2 0.072101 0.395439 0.092432 0.395654 0.09262 0.408133 0.070971 0.407272
3 0.08302 0.36037 0.10128 0.360585 0.101468 0.364243 0.082267 0.364243
2 0.083208 0.353485 0.102974 0.353916 0.102598 0.365103 0.081325 0.365103 0.082643 0.353485
3 0.035392 0.443417 0.052523 0.443847 0.05177 0.447935 0.034827 0.447289
2 0.035768 0.436747 0.055158 0.436317 0.053276 0.449656 0.03238 0.44815
1 0.103351 0.033348 0.149473 0.021084 0.147026 0.029905 0.101845 0.039372
0 0.111258 0.012694 0.157756 0.000645 0.149849 0.031411 0.097892 0.04389 0.109375 0.012909
1 0.615399 0.009466 0.666227 0.010972 0.665663 0.018072 0.616905 0.016136
0 0.603539 0.00043 0.664533 0.00043 0.669239 0.020224 0.605986 0.018933
1 0.340926 0.005594 0.362575 0.000215 0.376506 0.000215 0.375 0.002367 0.355798 0.006024 0.33942 0.009251
0 0.338291 0.000861 0.336596 0.013339 0.359375 0.007745 0.386672 0.004733 0.392319 0.005809 0.394014 0.0
