1 0.024473 0.29432 0.022967 0.303356 0.039345 0.301635 0.055911 0.299053 0.071724 0.296041 0.073607 0.285714 0.053464 0.289802 0.038592 0.292599
0 0.027861 0.255594 0.024661 0.27216 0.016755 0.291523 0.011672 0.308305 0.042357 0.306368 0.076619 0.300344 0.085843 0.265706 0.089608 0.246773 0.0657 0.251291 0.040098 0.255164
5 0.291416 0.301205 0.291227 0.307014 0.30817 0.305938 0.320971 0.305723 0.334337 0.305077 0.334337 0.298408 0.310617 0.299914 0.30064 0.300129
4 0.276355 0.300129 0.275602 0.310241 0.286898 0.309596 0.335843 0.307444 0.336032 0.295611 0.310053 0.297547 0.288592 0.299699
5 0.353916 0.285714 0.353727 0.293244 0.376694 0.292384 0.398908 0.291954 0.399285 0.284639 0.378389 0.285284 0.363328 0.285499
4 0.337914 0.285714 0.337161 0.296041 0.348456 0.295181 0.402108 0.293244 0.402108 0.284208 0.371423 0.284639 0.350151 0.285284
5 0.301393 0.254088 0.300828 0.260327 0.34055 0.258821 0.34055 0.251936 0.318901 0.253012
4 0.286521 0.254088 0.285956 0.262694 0.297628 0.262263 0.312688 0.261833 0.341114 0.260327 0.341114 0.25043 0.313818 0.252151 0.29744 0.252367 0.291039 0.253442
5 0.314006 0.205895 0.31363 0.212995 0.353163 0.211274 0.352974 0.203959
4 0.298946 0.20611 0.298758 0.215361 0.337914 0.21364 0.354104 0.212995 0.35448 0.201807 0.320595 0.203959
5 0.369917 0.18438 0.370105 0.191265 0.395896 0.189974 0.411333 0.189114 0.410956 0.182014 0.38686 0.183305
4 0.355798 0.184811 0.355986 0.193847 0.378953 0.192341 0.412462 0.189974 0.412274 0.180938 0.389119 0.181368 0.368788 0.18352
3 0.624435 0.283563 0.625 0.288081 0.6282 0.287866 0.632154 0.287651 0.63573 0.287866 0.64119 0.288081 0.64439 0.288296 0.64439 0.284208 0.635542 0.283778 0.630083 0.283778 0.626694 0.283563
2 0.623117 0.276678 0.623117 0.291308 0.647779 0.291308 0.646084 0.277539 0.631024 0.276893
3 0.628389 0.313683 0.628765 0.317126 0.635542 0.317986 0.642696 0.318847 0.64872 0.319707 0.649096 0.315189 0.641754 0.314329 0.634601 0.313898
2 0.626883 0.30938 0.627447 0.319492 0.650414 0.320783 0.648532 0.309165 0.634977 0.309165
3 0.66811 0.303571 0.668486 0.306583 0.688253 0.307229 0.687688 0.303141 0.676393 0.303356
2 0.661333 0.288726 0.664157 0.30852 0.689383 0.308735 0.685053 0.289587
3 0.662086 0.255594 0.662274 0.258606 0.669428 0.259251 0.674887 0.259682 0.681288 0.260542 0.681476 0.257315 0.675452 0.256454 0.667545 0.255594 0.664157 0.255164
2 0.660768 0.24957 0.660392 0.259251 0.681852 0.261833 0.681852 0.25 0.670557 0.249355
