3 0.708333 0.846875 0.707372 0.86274 0.715064 0.863462 0.716026 0.848077
2 0.697115 0.83726 0.694551 0.863462 0.716346 0.866346 0.717949 0.838702 0.703846 0.836058
2 0.53141 0.838702 0.533654 0.852644 0.571474 0.851683 0.574359 0.849038 0.571474 0.83774
3 0.53718 0.847356 0.538141 0.851683 0.559615 0.850962 0.558974 0.846394
3 0.29359 0.878125 0.292628 0.883654 0.316987 0.884375 0.316346 0.879087 0.29391 0.877885
2 0.278205 0.875962 0.274679 0.891106 0.275641 0.893029 0.31859 0.894712 0.320833 0.877644
3 0.920192 0.705769 0.923077 0.708894 0.95 0.703846 0.947115 0.70024
2 0.911538 0.699519 0.921154 0.710337 0.951603 0.704567 0.940064 0.693269
3 0.877244 0.63774 0.879487 0.640625 0.90609 0.636779 0.903526 0.633654
2 0.870192 0.632692 0.878846 0.642548 0.907692 0.63726 0.898077 0.628365
3 0.839744 0.565625 0.84391 0.572356 0.849038 0.572596 0.844551 0.565144
2 0.829808 0.56226 0.836859 0.574519 0.853205 0.575481 0.84391 0.561779
7 0.65609 0.607452 0.657372 0.622115 0.778846 0.620192 0.776603 0.607692
6 0.654167 0.60601 0.655449 0.623077 0.780769 0.621394 0.778526 0.60625
7 0.66282 0.651683 0.666667 0.667308 0.785256 0.66226 0.783013 0.649038
6 0.660577 0.65024 0.664744 0.669231 0.788141 0.663702 0.784615 0.647596
8 0.526923 0.661298 0.526603 0.674279 0.557051 0.673798 0.555128 0.662981 0.549038 0.662019
3 0.574038 0.589423 0.574359 0.591827 0.600641 0.592788 0.600641 0.590385
2 0.572436 0.585096 0.571795 0.592308 0.602244 0.593269 0.601282 0.585337
3 0.596474 0.548558 0.598077 0.559135 0.602885 0.559135 0.600641 0.548558
2 0.609295 0.547356 0.611538 0.560817 0.597115 0.560577 0.595513 0.547837
3 0.682372 0.509375 0.683333 0.511538 0.705128 0.510096 0.703846 0.508413
2 0.678205 0.507212 0.680769 0.51274 0.706731 0.511058 0.702885 0.505769 0.683654 0.50649
8 0.313462 0.677404 0.312821 0.689664 0.34391 0.68774 0.34391 0.676442
8 0.328526 0.578365 0.32468 0.585577 0.348718 0.586538 0.353205 0.578846
3 0.227244 0.525962 0.226603 0.527885 0.249679 0.528846 0.25 0.526683
2 0.226282 0.522837 0.223718 0.528846 0.250962 0.529808 0.251603 0.523798
8 0.123397 0.669952 0.118269 0.681971 0.149679 0.683413 0.153526 0.674279 0.150962 0.671635 0.13141 0.670673
