3 0.403426 0.067341 0.421687 0.066265 0.421875 0.070138 0.402861 0.070783 0.402673 0.067771
2 0.400979 0.060671 0.422816 0.061102 0.422816 0.070998 0.400602 0.071859
3 0.489834 0.053571 0.508471 0.05099 0.508471 0.055723 0.490399 0.057874
2 0.487952 0.049269 0.508095 0.047117 0.509413 0.056583 0.488893 0.059165
3 0.441077 0.002797 0.459902 0.001721 0.459902 0.006024 0.440889 0.00667
2 0.439571 0.0 0.460655 0.000215 0.460467 0.006454 0.440889 0.00796
5 0.563253 0.056799 0.583396 0.057444 0.583961 0.061102 0.56363 0.060456
4 0.561935 0.055723 0.585279 0.055938 0.585467 0.062823 0.5625 0.062392
5 0.56137 0.019363 0.579443 0.020009 0.580384 0.024527 0.56137 0.024527
4 0.559864 0.018718 0.581514 0.018287 0.582078 0.025602 0.561182 0.025818 0.560617 0.025602
5 0.625376 0.019148 0.642131 0.020009 0.642884 0.023881 0.625565 0.023451 0.625376 0.019793
4 0.624624 0.017642 0.642884 0.017427 0.643261 0.024312 0.624812 0.024527
5 0.631024 0.054647 0.649849 0.055508 0.650602 0.059596 0.630836 0.058305 0.630271 0.054432
4 0.62933 0.053141 0.650414 0.054217 0.652485 0.060886 0.630083 0.059165
5 0.289533 0.84531 0.313818 0.847461 0.312688 0.85284 0.288968 0.851334
4 0.288968 0.843589 0.317395 0.845525 0.316265 0.855637 0.28878 0.854776
5 0.433547 0.845525 0.457831 0.845095 0.457455 0.850688 0.43317 0.851334
4 0.431288 0.844019 0.459902 0.842943 0.459337 0.851334 0.432041 0.852625
5 0.430158 0.921256 0.456514 0.920826 0.457455 0.927711 0.430911 0.927926
4 0.429405 0.920396 0.459149 0.91975 0.46009 0.928571 0.429782 0.929432
5 0.559676 0.934811 0.584337 0.935671 0.583584 0.942341 0.558735 0.942126 0.557417 0.93438
4 0.555158 0.93438 0.588291 0.934165 0.588855 0.944707 0.555346 0.944062
5 0.532003 0.799053 0.551205 0.799053 0.551393 0.803141 0.532944 0.803571
4 0.531626 0.798193 0.552146 0.797332 0.552334 0.804647 0.532756 0.804432
5 0.529367 0.842298 0.549322 0.842298 0.550075 0.846816 0.529367 0.847031 0.52805 0.841652
4 0.527673 0.841007 0.55064 0.841222 0.55064 0.848322 0.529179 0.848107 0.526732 0.842083
5 0.069277 0.985585 0.100715 0.988597 0.100339 0.995267 0.070783 0.993546
4 0.068148 0.983219 0.101468 0.986446 0.102033 0.995912 0.070595 0.995267
5 0.303276 0.69901 0.317771 0.69858 0.317959 0.701807 0.303652 0.702022
4 0.302523 0.697289 0.318901 0.697289 0.319089 0.703313 0.302146 0.702883
5 0.48814 0.685241 0.5 0.684811 0.500377 0.688253 0.488328 0.688253
4 0.487011 0.68438 0.500941 0.683735 0.500941 0.689759 0.487952 0.689544
