3 0.04399 0.519551 0.076923 0.526603 0.073077 0.536218 0.039423 0.529808
2 0.046875 0.507692 0.08125 0.513462 0.07476 0.53718 0.038221 0.531731
3 0.172596 0.422115 0.180048 0.421795 0.171635 0.464103 0.163221 0.463462
2 0.170913 0.421154 0.190865 0.421474 0.182933 0.464423 0.162019 0.464423
3 0.210096 0.439103 0.240625 0.442628 0.242548 0.443269 0.240385 0.450962 0.207452 0.447436
2 0.211538 0.426282 0.245913 0.43109 0.240865 0.452244 0.205529 0.448718
3 0.208413 0.413782 0.241827 0.411538 0.241106 0.41859 0.207452 0.420192
2 0.208173 0.40032 0.243269 0.399679 0.241346 0.419551 0.204087 0.421154
3 0.223558 0.382692 0.250481 0.380449 0.249038 0.38782 0.217067 0.389744 0.218029 0.382692
2 0.216827 0.371154 0.252163 0.367949 0.24976 0.389744 0.213221 0.391987
3 0.225721 0.351603 0.257212 0.349359 0.254567 0.35641 0.22524 0.357692
2 0.225 0.341026 0.259856 0.339103 0.256971 0.357372 0.223317 0.358974 0.22476 0.340705
5 0.198317 0.514103 0.240625 0.511859 0.239423 0.520192 0.195192 0.522756 0.197115 0.514744
4 0.181971 0.511218 0.241587 0.508654 0.241106 0.524038 0.179567 0.526923
5 0.205048 0.463462 0.236298 0.461538 0.235577 0.467949 0.204808 0.470192
4 0.190144 0.461218 0.236298 0.459295 0.236779 0.46859 0.188702 0.473397
8 0.282212 0.433013 0.290144 0.432692 0.285577 0.458333 0.277404 0.458333
7 0.060817 0.40032 0.096394 0.402244 0.095913 0.418269 0.05625 0.417308
6 0.059856 0.399359 0.103365 0.400962 0.10024 0.424038 0.054567 0.421154
5 0.337981 0.516026 0.383654 0.516346 0.381971 0.52532 0.334615 0.524038 0.336538 0.515705
4 0.320192 0.51218 0.385817 0.515064 0.384135 0.528846 0.317548 0.526282
3 0.390144 0.51859 0.425721 0.521154 0.425721 0.526282 0.424038 0.528846 0.38774 0.526923
2 0.389183 0.50609 0.429087 0.508333 0.425962 0.530449 0.385337 0.527885
3 0.342067 0.477885 0.376923 0.475 0.376683 0.483333 0.341346 0.486538
2 0.342067 0.465385 0.380048 0.461859 0.378125 0.484936 0.339423 0.488141
5 0.361779 0.402885 0.403846 0.403846 0.402885 0.413141 0.360817 0.413141
4 0.346394 0.400641 0.40649 0.400962 0.405769 0.415385 0.344231 0.415385
3 0.413462 0.355449 0.445913 0.352564 0.445192 0.359936 0.413462 0.36218
2 0.412019 0.341987 0.447115 0.341346 0.446394 0.360897 0.408654 0.363782
3 0.501683 0.435256 0.536779 0.433974 0.53726 0.441987 0.500481 0.44359 0.500721 0.435577
2 0.498317 0.422115 0.53774 0.420513 0.538462 0.443269 0.497596 0.444551
5 0.497596 0.515705 0.530048 0.514423 0.530529 0.523077 0.497115 0.523718 0.496635 0.516026
4 0.486058 0.515385 0.529808 0.513141 0.530769 0.512821 0.532212 0.523397 0.485337 0.526923
3 0.623077 0.551282 0.634856 0.551923 0.634615 0.555449 0.622596 0.554167
2 0.621635 0.546474 0.635096 0.548397 0.635577 0.55609 0.621154 0.554808
3 0.736058 0.541987 0.747115 0.541987 0.747115 0.545513 0.736298 0.545192
2 0.734135 0.53782 0.747596 0.5375 0.747836 0.546154 0.734856 0.545833
3 0.839423 0.517308 0.851683 0.516987 0.852404 0.520513 0.839423 0.520513
2 0.83774 0.513462 0.853365 0.51218 0.855529 0.521795 0.838942 0.522436
3 0.84976 0.546795 0.861058 0.545192 0.861538 0.549038 0.850481 0.549679
2 0.847115 0.542308 0.860577 0.540705 0.86274 0.549359 0.85024 0.551282
3 0.853365 0.565705 0.865144 0.567308 0.866106 0.571154 0.853125 0.56891
2 0.850721 0.561538 0.865625 0.56282 0.866587 0.571474 0.851923 0.569551
3 0.883413 0.525 0.894712 0.524038 0.895433 0.527244 0.884135 0.527885
2 0.880288 0.520513 0.894712 0.520192 0.896154 0.528205 0.882692 0.528846
3 0.890625 0.549359 0.900481 0.545833 0.903606 0.547115 0.902163 0.55032 0.891827 0.552244
2 0.88726 0.545192 0.897115 0.542628 0.901202 0.54359 0.904327 0.548077 0.904086 0.550641 0.890625 0.553205 0.887019 0.545833
