1 0.330196 0.194062 0.365776 0.199225 0.36427 0.204389 0.328313 0.197935
1 0.329631 0.201162 0.363705 0.20654 0.361634 0.211919 0.32756 0.205895
1 0.322666 0.208692 0.360128 0.213855 0.359187 0.218374 0.320407 0.214071
1 0.384036 0.203959 0.403426 0.203959 0.422063 0.20611 0.421687 0.209552 0.402108 0.208262 0.383283 0.208477
1 0.386107 0.211489 0.405685 0.211274 0.421122 0.212995 0.42131 0.217083 0.402297 0.216007 0.38573 0.215577
1 0.384224 0.21988 0.40738 0.219019 0.420934 0.220095 0.420557 0.225473 0.384224 0.225473
1 0.399285 0.228701 0.420369 0.228916 0.419992 0.233649 0.399285 0.233219
1 0.399096 0.237952 0.419992 0.237522 0.420181 0.244406 0.399473 0.244836
1 0.396273 0.24957 0.419992 0.24957 0.419804 0.256024 0.396084 0.254733
1 0.38253 0.260757 0.418863 0.259897 0.417922 0.2642 0.381401 0.265275 0.380836 0.260757
1 0.381212 0.268503 0.41811 0.267427 0.417922 0.27259 0.380271 0.273881
1 0.378389 0.277108 0.41698 0.275387 0.417169 0.279905 0.377447 0.282057 0.3782 0.277754
1 0.393637 0.285284 0.415663 0.284423 0.415663 0.288081 0.393072 0.289802
1 0.389119 0.292169 0.41378 0.290017 0.414157 0.29432 0.388178 0.296902
1 0.389119 0.298408 0.413592 0.297762 0.412651 0.303141 0.388366 0.303141
1 0.383471 0.313683 0.407756 0.318417 0.406438 0.322719 0.380083 0.317986 0.382342 0.313468
1 0.378389 0.319492 0.403991 0.324871 0.402297 0.329174 0.376694 0.323795
1 0.375376 0.325516 0.400791 0.33154 0.399849 0.334983 0.374059 0.330034
0 0.329066 0.187823 0.386295 0.194277 0.377071 0.225688 0.315512 0.218589 0.32116 0.19815
0 0.38686 0.195138 0.377636 0.226119 0.368223 0.296256 0.365964 0.307874 0.433358 0.305293 0.438818 0.260112 0.440512 0.19815 0.437124 0.195998
0 0.347327 0.325516 0.363517 0.306368 0.365776 0.308735 0.424322 0.307014 0.43317 0.307229 0.42564 0.331325 0.424511 0.333262 0.399661 0.336059 0.378577 0.334552
1 0.637236 0.19148 0.678276 0.195998 0.679782 0.200732 0.637801 0.195998
1 0.639307 0.199441 0.680723 0.203959 0.682417 0.208477 0.640248 0.204604
1 0.644767 0.209122 0.683358 0.211489 0.6843 0.217513 0.64552 0.214071
1 0.645708 0.220095 0.685994 0.222892 0.686747 0.22741 0.646461 0.225688
1 0.645708 0.229991 0.688253 0.232573 0.689006 0.238812 0.646837 0.236661 0.645331 0.230852
1 0.644578 0.241609 0.689571 0.243976 0.689571 0.251721 0.645143 0.248924
1 0.722892 0.201162 0.745105 0.201377 0.747176 0.205895 0.725527 0.206325
1 0.724586 0.208907 0.749059 0.209552 0.75113 0.214286 0.726468 0.213425
1 0.727974 0.217513 0.753953 0.217298 0.754706 0.222892 0.729857 0.223107
1 0.730045 0.227625 0.756401 0.22741 0.758848 0.233003 0.732492 0.234725
1 0.733246 0.236446 0.760919 0.237306 0.763554 0.24247 0.736822 0.24247
1 0.739646 0.245912 0.766002 0.245267 0.767508 0.251291 0.74247 0.252367
1 0.724398 0.257745 0.755083 0.256239 0.770896 0.255594 0.772779 0.261403 0.727033 0.2642
1 0.731739 0.267212 0.774285 0.265491 0.775979 0.273236 0.73381 0.273881
1 0.733622 0.277754 0.778426 0.277108 0.779556 0.284639 0.736069 0.286145
0 0.627071 0.184811 0.695218 0.189974 0.709337 0.229131 0.713855 0.260112 0.638178 0.255809 0.633848 0.204174
0 0.695971 0.188683 0.762236 0.192771 0.786333 0.244191 0.801017 0.274312 0.80384 0.291738 0.730045 0.291523 0.713291 0.2358 0.711785 0.231928
3 0.193901 0.481928 0.218562 0.48494 0.217244 0.490318 0.192395 0.486661
2 0.196913 0.473107 0.222515 0.476119 0.218374 0.491179 0.1907 0.488597 0.195971 0.473752
3 0.262236 0.653614 0.291227 0.652324 0.28991 0.659208 0.260542 0.660284
2 0.260354 0.63963 0.293675 0.638984 0.292922 0.660499 0.258471 0.661145
3 0.457643 0.46364 0.485693 0.465146 0.485504 0.472892 0.457078 0.470955
2 0.45689 0.454819 0.48814 0.457401 0.489646 0.47031 0.486822 0.474182 0.454254 0.473537
8 0.381777 0.442556 0.420934 0.442126 0.417357 0.478055 0.378012 0.475473
3 0.444465 0.555723 0.473645 0.560241 0.474021 0.56605 0.444465 0.564114
2 0.444654 0.545396 0.475527 0.549053 0.475151 0.567771 0.443336 0.564544
3 0.541604 0.447289 0.567206 0.443632 0.569089 0.448365 0.543298 0.452022
2 0.540474 0.440189 0.566077 0.437177 0.569654 0.449656 0.541604 0.453313 0.539721 0.440835
3 0.622364 0.554432 0.624059 0.522806 0.628953 0.523021 0.628765 0.553571
2 0.615023 0.519363 0.632154 0.52173 0.631589 0.558305 0.612764 0.552281
3 0.720633 0.482788 0.745858 0.484509 0.7468 0.490318 0.721009 0.488382
2 0.719503 0.482358 0.746988 0.483434 0.746988 0.491609 0.720256 0.489243
8 0.711785 0.46321 0.740776 0.464071 0.742093 0.469234 0.712349 0.468158 0.710843 0.463425
