3 0.151923 0.255449 0.156971 0.254808 0.157212 0.274679 0.151442 0.275
2 0.150721 0.254167 0.164423 0.250962 0.16274 0.275 0.14976 0.275641
3 0.458894 0.30032 0.477404 0.30609 0.474519 0.310897 0.45649 0.304487
2 0.460337 0.292628 0.48149 0.301603 0.482692 0.303846 0.478846 0.310897 0.473798 0.311538 0.454567 0.304487
3 0.534856 0.352244 0.540144 0.353526 0.535096 0.376282 0.529808 0.374679
2 0.534375 0.35 0.547356 0.354167 0.541827 0.382692 0.534856 0.379487 0.528846 0.375641 0.533894 0.350321
3 0.631971 0.359615 0.659375 0.361538 0.658654 0.368269 0.632452 0.365385
2 0.63149 0.351923 0.660817 0.353846 0.659856 0.369231 0.629327 0.366026
3 0.655529 0.288141 0.668029 0.283333 0.670673 0.2875 0.658173 0.292949
2 0.65024 0.282372 0.673077 0.274038 0.679808 0.284936 0.657212 0.294872
5 0.589904 0.205769 0.619471 0.208974 0.619471 0.215385 0.589183 0.211218
4 0.578846 0.202564 0.621635 0.208013 0.620673 0.21859 0.579087 0.212179
3 0.767067 0.372115 0.793029 0.375 0.793029 0.380769 0.767548 0.377564
2 0.763942 0.364423 0.79351 0.366346 0.794231 0.38141 0.765144 0.377885
3 0.926923 0.380769 0.946394 0.381731 0.946635 0.38718 0.927885 0.385897
2 0.923558 0.372436 0.951683 0.373718 0.95649 0.389744 0.927404 0.388462
3 0.097115 0.699038 0.124038 0.710897 0.119471 0.71859 0.09399 0.70609
2 0.101923 0.689744 0.128846 0.699038 0.126923 0.70641 0.119952 0.719872 0.091106 0.707372
3 0.059135 0.808333 0.092548 0.797115 0.09351 0.804167 0.059856 0.816346
2 0.056731 0.796795 0.091827 0.786538 0.094471 0.804808 0.059135 0.81859
3 0.197356 0.736218 0.227885 0.73141 0.227644 0.739103 0.195913 0.742949
2 0.196154 0.72468 0.23101 0.720513 0.228846 0.741346 0.192788 0.74359
3 0.267308 0.784615 0.28726 0.782051 0.287019 0.790385 0.267067 0.79391
2 0.266827 0.772756 0.302885 0.766987 0.301923 0.791026 0.265385 0.795513
3 0.373077 0.763782 0.403365 0.75641 0.404087 0.765064 0.373798 0.771154 0.372596 0.764423
2 0.369712 0.751282 0.402885 0.744551 0.407452 0.757051 0.405769 0.768269 0.372115 0.773718 0.370433 0.773397
3 0.414423 0.683333 0.423317 0.666987 0.427885 0.655769 0.433413 0.65641 0.431971 0.663782 0.427404 0.674038 0.418029 0.689744 0.413942 0.684295
2 0.413221 0.683333 0.423317 0.663141 0.428365 0.651603 0.44375 0.659295 0.44351 0.6625 0.434375 0.683333 0.427644 0.694872 0.423558 0.694551 0.417548 0.689744 0.41226 0.683333
3 0.520433 0.647115 0.549279 0.636218 0.550481 0.641346 0.544712 0.646154 0.522596 0.654167
2 0.514904 0.635577 0.548077 0.625641 0.551683 0.642308 0.545192 0.648077 0.520433 0.65609 0.515865 0.637821
3 0.536779 0.75 0.555288 0.76218 0.550962 0.770833 0.533173 0.757692
2 0.538462 0.736859 0.56851 0.757692 0.570192 0.758013 0.569471 0.765064 0.562981 0.779808 0.530529 0.757051
3 0.688702 0.628526 0.71851 0.621474 0.719471 0.628205 0.691346 0.635256
2 0.684375 0.618269 0.711538 0.611859 0.715625 0.612179 0.721154 0.628526 0.689423 0.636538 0.684615 0.619872
3 0.695433 0.711538 0.714904 0.709615 0.716106 0.719231 0.696875 0.719872
2 0.691587 0.699359 0.725962 0.695833 0.729086 0.719872 0.69399 0.721154
3 0.766346 0.609615 0.797356 0.611859 0.797596 0.617308 0.767788 0.616667
2 0.763221 0.599038 0.796154 0.600641 0.799038 0.613141 0.798077 0.61891 0.794952 0.619551 0.764663 0.617949
