8 0.303365 0.625641 0.32476 0.629487 0.317788 0.64359 0.297596 0.636538
8 0.351923 0.651923 0.374279 0.655449 0.370673 0.667949 0.348558 0.665705 0.351202 0.652564
8 0.399279 0.653205 0.421154 0.653526 0.420192 0.666667 0.396875 0.664423
8 0.45601 0.614103 0.476202 0.613141 0.477163 0.625641 0.45601 0.626282
8 0.493029 0.616667 0.512981 0.614423 0.515144 0.626282 0.493029 0.628846
8 0.52524 0.597436 0.541346 0.591667 0.545673 0.590705 0.545673 0.601923 0.534135 0.605449 0.525962 0.610577
8 0.553846 0.625641 0.574519 0.626282 0.576202 0.638462 0.554327 0.637821
5 0.584135 0.547756 0.604327 0.548718 0.604327 0.552244 0.583894 0.551282
4 0.574519 0.545833 0.605048 0.547115 0.605769 0.552885 0.57524 0.551923
5 0.646875 0.591346 0.651923 0.591346 0.656731 0.6125 0.651923 0.6125
4 0.632212 0.591667 0.653125 0.591026 0.659375 0.622436 0.6375 0.622436
5 0.654567 0.630128 0.659615 0.629808 0.664423 0.653846 0.659615 0.654167
4 0.6375 0.630128 0.661058 0.628526 0.667788 0.66282 0.643029 0.663782
3 0.633173 0.627885 0.636298 0.628205 0.638462 0.646795 0.634375 0.647115
2 0.626442 0.627564 0.636538 0.627564 0.638942 0.647756 0.628846 0.648077 0.626683 0.639423
5 0.4625 0.570192 0.484375 0.571474 0.484135 0.575962 0.461779 0.574038
4 0.452644 0.56891 0.484615 0.570192 0.484856 0.576282 0.452404 0.574038
5 0.375 0.57468 0.400481 0.575962 0.4 0.580769 0.374038 0.579487
4 0.360096 0.571474 0.403125 0.573077 0.400721 0.583654 0.356971 0.580769
5 0.322837 0.554167 0.350962 0.555769 0.35 0.563462 0.321635 0.560256
4 0.309135 0.551282 0.353365 0.553846 0.351202 0.566346 0.30625 0.560577
