3 0.025791 0.4929 0.024473 0.496988 0.040474 0.497418 0.041039 0.493115
2 0.026732 0.486876 0.023155 0.497418 0.040851 0.498064 0.043486 0.487522
3 0.008283 0.533133 0.007718 0.537651 0.02259 0.538511 0.024285 0.533993
2 0.009789 0.526463 0.005459 0.537436 0.023155 0.539157 0.027297 0.527108
3 0.043675 0.537436 0.042545 0.541093 0.058358 0.543029 0.059488 0.538942
2 0.044428 0.530336 0.040474 0.540878 0.059111 0.54346 0.060617 0.535714 0.055723 0.531626
3 0.059676 0.494621 0.05817 0.497849 0.068901 0.500215 0.07323 0.50043 0.074736 0.496988
2 0.060429 0.487952 0.056099 0.49957 0.073419 0.501291 0.077184 0.4929 0.076431 0.490103
3 0.095633 0.497203 0.094503 0.501291 0.109752 0.502152 0.111069 0.498709
2 0.096574 0.490964 0.092432 0.502152 0.10994 0.503442 0.113705 0.495267 0.113328 0.49204
3 0.085279 0.519793 0.084337 0.523451 0.099586 0.525387 0.100904 0.521299
2 0.086596 0.513339 0.081702 0.523881 0.099774 0.526678 0.103163 0.517427 0.102974 0.514845
3 0.114081 0.541308 0.112575 0.545611 0.128765 0.548193 0.130648 0.544105
2 0.11634 0.534208 0.110316 0.546902 0.128765 0.549053 0.13366 0.537436
3 0.138931 0.476979 0.138366 0.480852 0.154367 0.480207 0.155309 0.476979
2 0.139307 0.470095 0.13573 0.481497 0.154367 0.481497 0.157003 0.475043 0.156626 0.46988
3 0.150602 0.54475 0.150038 0.548408 0.167922 0.551635 0.168863 0.546902
2 0.151167 0.53722 0.14872 0.543675 0.148532 0.549914 0.16811 0.552926 0.169992 0.54475 0.169992 0.540017
3 0.217244 0.550774 0.216114 0.555077 0.235881 0.556799 0.236634 0.552926
2 0.217432 0.543244 0.214232 0.556368 0.236446 0.558305 0.239458 0.545181
3 0.226468 0.502152 0.225904 0.506239 0.243411 0.5071 0.244541 0.503657
2 0.22741 0.494836 0.222703 0.506024 0.243788 0.508606 0.247176 0.496558
3 0.274285 0.479776 0.274096 0.484079 0.291604 0.48494 0.292545 0.484079 0.292922 0.481282
2 0.274473 0.473322 0.271273 0.48494 0.291039 0.486446 0.29311 0.484509 0.294992 0.474828
3 0.270896 0.522806 0.269955 0.526248 0.288592 0.530551 0.28991 0.526248
2 0.271649 0.51506 0.267696 0.527108 0.288968 0.531411 0.292545 0.518933
3 0.312312 0.475258 0.311747 0.479131 0.329819 0.481497 0.330761 0.47784
2 0.312312 0.468158 0.3093 0.479776 0.330008 0.482358 0.332455 0.474828 0.332267 0.471601
3 0.306099 0.557229 0.305346 0.561317 0.325301 0.563253 0.326242 0.559165
2 0.307229 0.550559 0.302899 0.562608 0.326054 0.564544 0.327184 0.558305 0.329254 0.552711
3 0.341114 0.530551 0.341114 0.535284 0.360128 0.535714 0.360504 0.531626
2 0.340738 0.523021 0.338102 0.535284 0.34262 0.536575 0.360316 0.537005 0.360693 0.535714 0.362199 0.524312
3 0.367282 0.530551 0.367093 0.534639 0.38686 0.53722 0.387425 0.532917
2 0.366905 0.52259 0.36427 0.535714 0.387236 0.538296 0.388554 0.525172
3 0.391943 0.533993 0.393449 0.537651 0.413027 0.52883 0.411898 0.525172
2 0.388931 0.527754 0.408133 0.517857 0.412462 0.521084 0.41491 0.528399 0.39119 0.539157 0.388178 0.530551
3 0.413404 0.538511 0.413215 0.542384 0.433923 0.541954 0.434488 0.538081
2 0.412086 0.530981 0.410768 0.543675 0.434864 0.54346 0.435053 0.530551
3 0.481928 0.564329 0.481928 0.569062 0.495858 0.569277 0.496423 0.564544
2 0.480422 0.556368 0.480422 0.570998 0.504518 0.570568 0.505459 0.556799
3 0.643261 0.535284 0.643825 0.539802 0.656626 0.540232 0.656626 0.536575
2 0.64119 0.528184 0.642696 0.541093 0.666039 0.541738 0.664157 0.52926
3 0.647779 0.57358 0.64759 0.578313 0.661709 0.579174 0.661898 0.574656
2 0.645708 0.56605 0.646837 0.579389 0.670369 0.58025 0.669428 0.567341
3 0.720633 0.577022 0.721009 0.581971 0.73494 0.581971 0.734375 0.577453
2 0.717809 0.569492 0.718938 0.582401 0.743976 0.584337 0.742658 0.570568
3 0.188441 0.601979 0.187876 0.606713 0.206514 0.609725 0.20802 0.604991
2 0.189194 0.593374 0.184864 0.607573 0.20689 0.610585 0.210655 0.597461
3 0.211032 0.649957 0.21122 0.654905 0.231363 0.65469 0.233057 0.650172
2 0.210467 0.640921 0.208208 0.656196 0.23061 0.656411 0.232116 0.654905 0.235505 0.641351
3 0.331325 0.604991 0.32756 0.629948 0.332267 0.631024 0.335843 0.605207
2 0.330384 0.601764 0.326807 0.630594 0.329443 0.63167 0.340361 0.63167 0.34375 0.60241
3 0.308923 0.669966 0.308358 0.675129 0.330761 0.67642 0.331702 0.671902
2 0.30817 0.660714 0.306099 0.67642 0.331325 0.677926 0.333396 0.662651
3 0.346009 0.66179 0.345256 0.667169 0.368035 0.669966 0.368788 0.664372
2 0.345444 0.652324 0.342432 0.668029 0.368599 0.671472 0.371047 0.654905
3 0.378389 0.649096 0.378012 0.654475 0.401167 0.654045 0.40192 0.649096
2 0.376506 0.63963 0.375565 0.656196 0.40192 0.655551 0.402673 0.640706
3 0.540098 0.641136 0.539345 0.657917 0.543486 0.658348 0.544428 0.641781
3 0.551581 0.637263 0.551581 0.642212 0.575866 0.643503 0.575489 0.638769
2 0.550075 0.627797 0.551205 0.643287 0.576996 0.644363 0.576431 0.629088
2 0.534262 0.628657 0.532756 0.659854 0.543863 0.660714 0.545934 0.629303
3 0.644955 0.671902 0.646273 0.700301 0.651355 0.700086 0.650038 0.671902
2 0.636672 0.672117 0.638366 0.703959 0.653426 0.704174 0.651355 0.670611 0.643825 0.670396
3 0.777861 0.650602 0.779932 0.667814 0.784262 0.667384 0.78238 0.650387
2 0.769578 0.6392 0.772779 0.669966 0.786145 0.670826 0.781438 0.6392
3 0.785768 0.67642 0.789721 0.705034 0.794616 0.705034 0.790663 0.676635
2 0.778614 0.679432 0.782944 0.675129 0.790663 0.675129 0.792357 0.677496 0.796875 0.708046 0.783133 0.708262 0.779367 0.694707
3 0.119729 0.66975 0.118788 0.674914 0.138366 0.677281 0.14006 0.672978
2 0.119541 0.665878 0.117282 0.67642 0.138554 0.678571 0.141943 0.668244
1 0.867658 0.40383 0.869164 0.410069 0.903426 0.412866 0.901732 0.406626
1 0.869541 0.413726 0.871235 0.419966 0.906815 0.423193 0.905874 0.416738
0 0.858057 0.388339 0.872176 0.434811 0.930911 0.439114 0.914157 0.393287
