3 0.291416 0.324226 0.312312 0.322289 0.3125 0.327022 0.291792 0.328959
3 0.325678 0.328313 0.348268 0.330465 0.348456 0.335198 0.326242 0.333046
3 0.451054 0.290017 0.474209 0.287866 0.474586 0.292814 0.451619 0.295181
3 0.475904 0.285284 0.5 0.28722 0.499812 0.292599 0.475904 0.290448
3 0.504518 0.288511 0.527861 0.287005 0.52805 0.292169 0.504895 0.29389 0.504518 0.289372
3 0.53558 0.286145 0.532568 0.313038 0.536898 0.313898 0.540098 0.287005
3 0.576996 0.282487 0.572666 0.309811 0.576996 0.310886 0.581137 0.283348
3 0.591679 0.333477 0.614458 0.335628 0.614081 0.340577 0.591114 0.338425
3 0.630459 0.292814 0.654179 0.293675 0.653991 0.299053 0.630459 0.298408
3 0.663027 0.288726 0.68637 0.289372 0.686182 0.294535 0.662651 0.294105 0.662651 0.288726
3 0.688818 0.289587 0.71122 0.289802 0.710843 0.295396 0.688441 0.29475
3 0.792545 0.316695 0.815512 0.315835 0.815324 0.320783 0.792545 0.321644
3 0.804029 0.27926 0.826054 0.285069 0.824925 0.290232 0.802899 0.284854 0.804217 0.279905
3 0.845821 0.298838 0.838855 0.325516 0.833961 0.324871 0.841303 0.297978
3 0.878012 0.331325 0.898532 0.334983 0.897402 0.339931 0.876883 0.336919
2 0.294239 0.313898 0.289345 0.320568 0.291039 0.333262 0.315324 0.330895 0.314947 0.326807 0.31363 0.325947 0.31363 0.320138 0.311747 0.312608
2 0.323795 0.319492 0.324172 0.334122 0.348833 0.336704 0.348833 0.32401 0.34695 0.321644
2 0.450113 0.281842 0.451054 0.296256 0.475151 0.29389 0.474774 0.287651 0.471762 0.279905
2 0.474398 0.276248 0.474398 0.285929 0.475339 0.287435 0.475527 0.292169 0.498682 0.294535 0.50113 0.292599 0.501318 0.277324 0.474774 0.275602
2 0.501694 0.27969 0.502447 0.295826 0.529179 0.293675 0.528238 0.280336 0.525602 0.277539
2 0.535015 0.283133 0.531438 0.313898 0.540286 0.315404 0.544239 0.314114 0.548004 0.284639 0.53558 0.282487
2 0.569842 0.280766 0.564947 0.310671 0.565512 0.311962 0.577372 0.313898 0.582643 0.282917
2 0.589608 0.325086 0.588667 0.340146 0.614458 0.342298 0.615587 0.329604 0.613517 0.326807 0.590361 0.324871
2 0.62933 0.284423 0.628012 0.299914 0.654367 0.301205 0.65625 0.287005 0.653803 0.284854 0.629895 0.283778
2 0.66058 0.279475 0.65945 0.296256 0.686559 0.296256 0.687688 0.281842 0.68637 0.28012
2 0.688253 0.280766 0.687312 0.296902 0.711785 0.296902 0.712726 0.280551
2 0.791416 0.308735 0.790098 0.323795 0.811935 0.322935 0.816077 0.320998 0.816453 0.30938 0.814947 0.307229
2 0.804593 0.270439 0.800452 0.285714 0.823983 0.291954 0.826619 0.290448 0.829066 0.276248
2 0.854104 0.296472 0.845444 0.327668 0.832078 0.325947 0.840738 0.294105
2 0.877447 0.323795 0.874435 0.33821 0.898155 0.341867 0.901544 0.326807 0.878389 0.322719
