3 0.220433 0.825962 0.252163 0.827244 0.249519 0.835897 0.21875 0.833974
2 0.216827 0.814423 0.252644 0.817308 0.252644 0.83718 0.214904 0.834936
3 0.327404 0.80032 0.333413 0.798718 0.341346 0.831731 0.333654 0.832051
2 0.316587 0.80032 0.334856 0.797436 0.341827 0.833654 0.32476 0.836538
3 0.425721 0.834295 0.44375 0.839103 0.442548 0.847436 0.42476 0.842949
2 0.415865 0.830769 0.414904 0.850962 0.44351 0.859295 0.445433 0.839423
3 0.492548 0.898397 0.517788 0.896154 0.518029 0.904487 0.49399 0.90609
2 0.48726 0.887821 0.517788 0.887821 0.519952 0.906731 0.491106 0.908013
3 0.629087 0.910256 0.644952 0.910256 0.645914 0.917949 0.629327 0.915705
2 0.622836 0.896154 0.651683 0.899038 0.654808 0.920833 0.627164 0.916667
3 0.68774 0.946154 0.704087 0.948397 0.704567 0.957692 0.689183 0.95609
2 0.685096 0.936859 0.71226 0.941346 0.714904 0.960256 0.686779 0.958013
3 0.738942 0.905769 0.758413 0.903526 0.760817 0.911218 0.741587 0.910897
2 0.732692 0.895192 0.757452 0.894551 0.763702 0.914103 0.738942 0.914423
3 0.642308 0.87532 0.65625 0.873718 0.658414 0.880449 0.64399 0.882692
2 0.640625 0.866667 0.664904 0.863782 0.665625 0.88109 0.642788 0.884936 0.63774 0.868269
3 0.879808 0.867308 0.89351 0.86891 0.894231 0.87468 0.879567 0.872436
2 0.874519 0.857372 0.90024 0.860577 0.902163 0.878205 0.876442 0.875
5 0.184856 0.873718 0.249519 0.877244 0.247356 0.892308 0.182212 0.888462
4 0.158654 0.866346 0.255048 0.870192 0.250962 0.897756 0.153606 0.892308
