3 0.12067 0.822719 0.150226 0.82401 0.148908 0.83111 0.120294 0.829389
2 0.120482 0.80895 0.117093 0.830465 0.150414 0.833692 0.153991 0.817126 0.151355 0.812177
3 0.178652 0.814544 0.208208 0.811532 0.208208 0.818632 0.178652 0.820568
2 0.177711 0.802711 0.176017 0.822719 0.208584 0.820998 0.211032 0.799699
3 0.247553 0.795611 0.273155 0.798193 0.272214 0.804647 0.247176 0.802281
2 0.246235 0.783348 0.244164 0.803141 0.273343 0.806153 0.275414 0.785714
3 0.313065 0.843158 0.342997 0.843589 0.34262 0.850473 0.311559 0.849613 0.311559 0.843374
2 0.310806 0.828959 0.34262 0.830465 0.34488 0.833262 0.343562 0.85241 0.308735 0.850904
3 0.307982 0.790017 0.299887 0.825301 0.305535 0.826162 0.313441 0.790448 0.308547 0.788511
2 0.299511 0.78722 0.292357 0.824226 0.305911 0.827453 0.315512 0.788726 0.299699 0.786145
5 0.323607 0.653184 0.346762 0.65383 0.346574 0.658563 0.323607 0.658348
4 0.3093 0.647375 0.307605 0.662436 0.323042 0.663081 0.323042 0.659208 0.347515 0.660284 0.347515 0.652324 0.32436 0.652324 0.324172 0.647806
5 0.34262 0.60994 0.363517 0.60994 0.363705 0.614028 0.34262 0.613812
4 0.327184 0.601979 0.325113 0.619836 0.340738 0.620482 0.341303 0.615318 0.364834 0.615103 0.364458 0.609294 0.343562 0.608864 0.342997 0.602194
5 0.398532 0.649096 0.423946 0.648451 0.423946 0.65383 0.398532 0.65383
4 0.397967 0.640275 0.397967 0.655551 0.424887 0.654905 0.424887 0.647806 0.406062 0.64716 0.405497 0.63963
5 0.603916 0.607143 0.618976 0.606067 0.619164 0.609079 0.604292 0.610155
4 0.595821 0.606282 0.602786 0.605422 0.603351 0.606713 0.619541 0.605637 0.620294 0.609509 0.603727 0.611016 0.603539 0.612091 0.596197 0.612952
