3 0.033886 0.180508 0.060241 0.178356 0.060053 0.184811 0.034827 0.185886
2 0.033321 0.168029 0.058547 0.166738 0.061182 0.174268 0.059864 0.186747 0.032756 0.186962
3 0.086785 0.166523 0.114834 0.163081 0.11427 0.16975 0.086408 0.173623
2 0.083208 0.156842 0.113328 0.150387 0.115964 0.171041 0.085467 0.175129
7 0.131965 0.174914 0.181288 0.165232 0.182417 0.176635 0.132154 0.18438
6 0.131212 0.174268 0.18317 0.163511 0.184488 0.179647 0.129518 0.186747
3 0.336032 0.210628 0.368411 0.214716 0.367282 0.222461 0.336032 0.218158
2 0.333208 0.196859 0.369352 0.201807 0.368223 0.223752 0.332831 0.218804
3 0.566453 0.118546 0.598645 0.113812 0.599774 0.122418 0.566265 0.12543
3 0.587538 0.209122 0.620482 0.206971 0.621611 0.216007 0.588479 0.217083
2 0.582643 0.197719 0.619541 0.194062 0.622741 0.217083 0.584149 0.219234
2 0.561747 0.105637 0.598456 0.100904 0.600715 0.122849 0.562688 0.127582
3 0.711973 0.150602 0.745858 0.147375 0.746235 0.155336 0.713479 0.157272
2 0.708396 0.137048 0.74567 0.133821 0.746235 0.156842 0.71009 0.158778
5 0.826054 0.204174 0.862011 0.208262 0.862011 0.216007 0.824736 0.211274
4 0.824736 0.203098 0.873494 0.208477 0.8718 0.218374 0.823983 0.212349
3 0.831514 0.159423 0.861446 0.165663 0.861446 0.172547 0.830572 0.166523
2 0.831137 0.148451 0.855798 0.153614 0.862575 0.153614 0.863517 0.163726 0.864458 0.173408 0.830196 0.167814
5 0.831514 0.12457 0.858057 0.128442 0.858434 0.134466 0.831702 0.129733
4 0.831325 0.123064 0.86634 0.129088 0.864834 0.137048 0.830384 0.130379
3 0.838479 0.111446 0.869352 0.115318 0.868976 0.122633 0.838855 0.118546
2 0.836408 0.099613 0.836408 0.121988 0.870294 0.125645 0.870858 0.104776
3 0.933358 0.16222 0.963291 0.166954 0.962161 0.174484 0.93317 0.16889
2 0.930346 0.149096 0.965361 0.154475 0.963479 0.17642 0.930346 0.16975
3 0.838479 0.367685 0.868788 0.366394 0.868599 0.373279 0.838291 0.375
2 0.835279 0.354991 0.868788 0.353485 0.869729 0.355637 0.869352 0.375645 0.833773 0.377151
3 0.860128 0.415232 0.865211 0.414372 0.865023 0.435456 0.858998 0.435456
2 0.858434 0.409208 0.875753 0.409208 0.872741 0.448795 0.857304 0.44858
3 0.733434 0.410284 0.76506 0.409423 0.76506 0.416093 0.733057 0.416093
2 0.732492 0.396515 0.767884 0.39673 0.768637 0.416738 0.730233 0.416093
3 0.600904 0.332616 0.63366 0.326162 0.634224 0.333477 0.60241 0.338855
2 0.594315 0.321213 0.632718 0.313683 0.635354 0.335198 0.597515 0.342298
5 0.568336 0.365534 0.610881 0.363597 0.611258 0.37543 0.567583 0.37543
4 0.551958 0.363382 0.612764 0.362522 0.611446 0.376506 0.551581 0.376506
5 0.442583 0.358003 0.486258 0.361016 0.486258 0.370697 0.443712 0.368976
4 0.42564 0.354991 0.487011 0.359294 0.487199 0.371988 0.427334 0.370267
3 0.370858 0.346386 0.40305 0.345095 0.40305 0.351979 0.371611 0.353055
2 0.366717 0.333692 0.403238 0.332831 0.403991 0.354991 0.367282 0.355207
3 0.358434 0.412005 0.389496 0.413081 0.390437 0.419966 0.359752 0.418244
2 0.358434 0.410284 0.392884 0.41222 0.392696 0.432014 0.358246 0.431368
7 0.305723 0.393933 0.34055 0.391566 0.346009 0.395224 0.345633 0.405551 0.305911 0.407057
6 0.303087 0.393072 0.305346 0.408563 0.347515 0.407057 0.347515 0.395439 0.340173 0.390491
3 0.135166 0.417384 0.15945 0.41846 0.159639 0.425129 0.134789 0.423838
2 0.131024 0.407057 0.157191 0.408348 0.158886 0.412866 0.16058 0.427281 0.131401 0.424914
3 0.202184 0.353701 0.226092 0.342083 0.22741 0.348107 0.20369 0.359509
2 0.19503 0.343804 0.222139 0.330895 0.229292 0.349828 0.201431 0.362522
3 0.200866 0.442986 0.226092 0.443417 0.22741 0.450301 0.201431 0.44858
2 0.19616 0.430938 0.224774 0.431368 0.227598 0.435671 0.227786 0.451592 0.198607 0.450086
3 0.096009 0.449226 0.110693 0.448795 0.111446 0.455034 0.09695 0.454819
2 0.091114 0.438898 0.093373 0.45654 0.121988 0.456756 0.119917 0.438253
