1 0.370105 0.111876 0.43637 0.1179 0.435994 0.126076 0.369352 0.118115
0 0.371235 0.091007 0.421687 0.094449 0.44823 0.094449 0.44183 0.131024 0.35994 0.121558 0.369729 0.094019
1 0.70256 0.469019 0.713291 0.469449 0.713102 0.471816 0.70256 0.47117
0 0.701054 0.463855 0.701242 0.479561 0.719126 0.479991 0.718562 0.463855
1 0.60994 0.467943 0.619917 0.468158 0.620105 0.470095 0.609752 0.470095
1 0.608622 0.471386 0.619917 0.47117 0.619917 0.473537 0.609375 0.473322
0 0.608057 0.462565 0.625188 0.46278 0.625753 0.478701 0.611069 0.478701 0.609752 0.476979 0.609752 0.473967 0.607869 0.471601
1 0.593185 0.466222 0.600527 0.466222 0.600715 0.468374 0.593562 0.468158
0 0.588102 0.460198 0.60561 0.461274 0.605986 0.470525 0.59262 0.471386 0.587726 0.472246
1 0.538404 0.452022 0.545746 0.451807 0.545557 0.454174 0.53878 0.454389
1 0.534639 0.455895 0.546122 0.45525 0.546122 0.457186 0.534639 0.457616
1 0.535392 0.458692 0.546498 0.458046 0.546498 0.460198 0.535392 0.460413
0 0.533133 0.446859 0.551017 0.445783 0.551958 0.461489 0.534074 0.461704 0.533321 0.454819
1 0.520143 0.453313 0.527108 0.452453 0.527485 0.454389 0.520331 0.45525
1 0.520708 0.45654 0.527485 0.455895 0.527485 0.457616 0.520708 0.458262
1 0.520708 0.459337 0.527861 0.458692 0.52805 0.460413 0.520896 0.461274
0 0.514684 0.44858 0.532003 0.446213 0.533133 0.461704 0.515813 0.463425
1 0.533509 0.469664 0.544239 0.468804 0.544428 0.47117 0.533509 0.471601
1 0.533321 0.472676 0.544804 0.472031 0.544992 0.474828 0.533321 0.475688
0 0.53125 0.463855 0.549887 0.46321 0.550828 0.476549 0.532003 0.476334
1 0.513931 0.470525 0.524096 0.47031 0.523908 0.472676 0.513742 0.472676
1 0.512801 0.474182 0.523908 0.473967 0.524096 0.476119 0.513178 0.476334
1 0.513178 0.47741 0.524096 0.477194 0.524096 0.479346 0.512801 0.479561
0 0.511107 0.464931 0.511295 0.481497 0.53012 0.481282 0.529932 0.464931
1 0.502636 0.455465 0.509413 0.454389 0.509413 0.45654 0.502824 0.457401
1 0.502824 0.458477 0.509601 0.457616 0.509224 0.459768 0.502824 0.460413
1 0.502636 0.461059 0.509413 0.460628 0.509601 0.46278 0.502447 0.463425
0 0.496423 0.450732 0.514119 0.448365 0.51506 0.463425 0.497176 0.466222
