3 0.422252 0.419966 0.461032 0.421472 0.461032 0.428571 0.421687 0.42685
3 0.480986 0.3679 0.516754 0.373709 0.515625 0.379948 0.479857 0.373709
3 0.147779 0.326377 0.176205 0.324656 0.175828 0.330895 0.146837 0.332616 0.14759 0.327022
3 0.21442 0.295181 0.246047 0.290448 0.245858 0.296041 0.214232 0.299914
3 0.207267 0.359725 0.242282 0.355422 0.241905 0.361661 0.207078 0.366179
3 0.265813 0.361661 0.301581 0.359079 0.301205 0.365318 0.265813 0.36747
2 0.146837 0.317986 0.143637 0.334983 0.17564 0.333477 0.180535 0.31648
2 0.203878 0.351334 0.203502 0.368761 0.243411 0.364458 0.244164 0.346816
2 0.212914 0.285714 0.210655 0.30099 0.246611 0.297547 0.247364 0.282487 0.213479 0.285499
2 0.264119 0.35241 0.261107 0.370267 0.302711 0.368115 0.303087 0.348967
2 0.418863 0.405981 0.418298 0.428571 0.462538 0.430508 0.463102 0.406411
2 0.478916 0.356067 0.476657 0.375215 0.516754 0.3821 0.519014 0.362306
8 0.10994 0.352625 0.108622 0.358219 0.099398 0.394148 0.156815 0.393933 0.167357 0.351549
8 0.172252 0.357358 0.158886 0.402754 0.22948 0.402754 0.239081 0.366394 0.202184 0.371558 0.202748 0.357573
5 0.32869 0.350473 0.380083 0.35241 0.379706 0.361446 0.32756 0.359079
4 0.326242 0.34574 0.324925 0.359725 0.380836 0.362522 0.381212 0.351119 0.349774 0.349828 0.349586 0.345955 0.327184 0.344664
3 0.54198 0.150602 0.560994 0.150818 0.560617 0.154905 0.542169 0.15469
2 0.539721 0.144363 0.540286 0.156196 0.571913 0.156196 0.570595 0.144363
3 0.538027 0.165017 0.567583 0.165448 0.567583 0.16975 0.537839 0.169105
2 0.534639 0.157917 0.535768 0.170181 0.568712 0.170826 0.567771 0.158133
3 0.643449 0.15512 0.67244 0.158348 0.672063 0.162435 0.642884 0.158563
2 0.641378 0.149096 0.64119 0.160714 0.673381 0.163941 0.673004 0.152108
3 0.596762 0.130809 0.623306 0.13167 0.623682 0.135327 0.597327 0.134251
2 0.59375 0.125 0.594691 0.134682 0.624812 0.135972 0.622176 0.126291
3 0.44823 0.141351 0.467997 0.141997 0.467809 0.146515 0.448607 0.145224
2 0.448607 0.134682 0.479857 0.136188 0.478916 0.14759 0.447477 0.14673
3 0.450301 0.175775 0.468562 0.176635 0.467809 0.181153 0.44823 0.180077 0.448607 0.175775
2 0.450678 0.169105 0.48061 0.16975 0.479292 0.18309 0.446724 0.180723 0.447854 0.16889 0.449736 0.169105
3 0.403803 0.160069 0.399661 0.174914 0.405685 0.175129 0.409074 0.160929
2 0.396837 0.151248 0.389684 0.175129 0.405874 0.177065 0.412274 0.154045
3 0.440136 0.107788 0.458208 0.107143 0.45802 0.111015 0.439947 0.111446
2 0.438441 0.103055 0.438818 0.112952 0.46762 0.111661 0.468938 0.101979 0.438818 0.10241
3 0.286521 0.164587 0.281438 0.188253 0.288215 0.189114 0.292733 0.165017
2 0.286521 0.162866 0.301958 0.164372 0.297063 0.189759 0.28012 0.189544
3 0.537839 0.069923 0.556099 0.069492 0.556664 0.072719 0.538027 0.072289
3 0.521084 0.080895 0.546122 0.079819 0.546498 0.083046 0.521273 0.083477
2 0.518261 0.075516 0.519014 0.084983 0.547628 0.084337 0.54631 0.074871
2 0.535392 0.064544 0.53558 0.07358 0.563065 0.07401 0.561935 0.064759
3 0.725151 0.165663 0.752824 0.165663 0.75433 0.170181 0.72628 0.170181
2 0.722139 0.159423 0.752447 0.159208 0.755459 0.171687 0.724774 0.171687
8 0.482492 0.380164 0.482304 0.417169 0.559676 0.421256 0.557041 0.375215 0.520331 0.371988 0.517884 0.383821 0.482116 0.377151
3 0.92677 0.437392 0.956702 0.436962 0.958208 0.443632 0.927899 0.443847
3 0.972327 0.442986 0.997553 0.442126 0.999059 0.44858 0.974021 0.449656
2 0.918863 0.425129 0.926017 0.446644 0.96009 0.444923 0.953313 0.424484
2 0.966303 0.431799 0.972515 0.452022 0.999812 0.450516 0.999812 0.442341 0.99247 0.430723 0.967244 0.431799
