1 0.066827 0.368269 0.121394 0.372756 0.119712 0.380449 0.063942 0.375962
0 0.076442 0.340064 0.13726 0.347756 0.121875 0.383654 0.058173 0.378205 0.070913 0.353205
1 0.382212 0.339423 0.43726 0.341346 0.43726 0.347756 0.382452 0.346474
0 0.381971 0.315385 0.442308 0.317628 0.440385 0.351282 0.377644 0.350641
1 0.617308 0.341667 0.649038 0.339744 0.667788 0.339744 0.66875 0.34359 0.652404 0.348077 0.617548 0.348718
0 0.610817 0.305449 0.627404 0.313782 0.638942 0.312821 0.65 0.312821 0.667067 0.309615 0.669471 0.321474 0.674038 0.339103 0.674038 0.341987 0.657212 0.348077 0.648317 0.348718 0.614904 0.352244 0.610817 0.343269 0.610817 0.313141
1 0.93726 0.342308 0.98774 0.340705 0.991106 0.348077 0.942788 0.351282
0 0.917548 0.319551 0.975962 0.316987 0.989664 0.3375 0.999279 0.350641 0.999038 0.354487 0.93774 0.355128 0.925721 0.334295
9 0.346875 0.790385 0.377163 0.71218 0.403846 0.719872 0.40601 0.72468 0.379567 0.803205
9 0.485817 0.47468 0.508654 0.478205 0.505048 0.520513 0.480048 0.514423
9 0.63101 0.485577 0.655769 0.488462 0.652163 0.530769 0.627164 0.52468
9 0.66274 0.46891 0.684856 0.473718 0.686058 0.514744 0.660817 0.508654
9 0.863221 0.622436 0.875962 0.620513 0.896635 0.66891 0.88125 0.66891
9 0.099519 0.514744 0.122115 0.474038 0.145192 0.475 0.125 0.520513
