1 0.34976 0.303846 0.394471 0.309936 0.393029 0.320192 0.347596 0.311538
0 0.325 0.269551 0.321154 0.292308 0.31851 0.301923 0.315625 0.310897 0.361779 0.318269 0.397596 0.327564 0.404087 0.279808 0.325481 0.264423
1 0.632692 0.416346 0.671635 0.416987 0.706971 0.417628 0.709375 0.427564 0.680288 0.429808 0.635096 0.427885
0 0.623077 0.375641 0.633413 0.433013 0.66274 0.432692 0.684375 0.435577 0.695192 0.434615 0.714423 0.428846 0.70625 0.408333 0.697836 0.378205 0.627164 0.375 0.623317 0.374038
3 0.153846 0.553205 0.180288 0.560256 0.178125 0.566346 0.152163 0.558654
2 0.154567 0.542628 0.149519 0.558333 0.179087 0.568269 0.184375 0.550962
3 0.161058 0.623397 0.191106 0.622436 0.190865 0.628846 0.160817 0.630128
2 0.161058 0.611218 0.157452 0.63141 0.191346 0.63109 0.193029 0.614423 0.188702 0.611859
8 0.366587 0.56282 0.364183 0.590385 0.380529 0.591346 0.381971 0.564103
8 0.298798 0.67532 0.297837 0.697115 0.326202 0.697756 0.326683 0.676923
8 0.509375 0.571474 0.509135 0.589103 0.533894 0.590064 0.533654 0.572115
8 0.509135 0.698718 0.509375 0.720833 0.536298 0.720513 0.535577 0.698718
3 0.612981 0.583013 0.639183 0.585577 0.639183 0.590705 0.612981 0.588141
2 0.61226 0.574038 0.61226 0.589744 0.639423 0.592628 0.639663 0.576923
3 0.723317 0.603526 0.738462 0.609615 0.738462 0.615705 0.722837 0.609615
2 0.722837 0.59391 0.720673 0.613462 0.744471 0.622115 0.746635 0.622756 0.751202 0.621474 0.751442 0.603526 0.746154 0.603526
3 0.826683 0.606731 0.853365 0.608333 0.854327 0.613782 0.826923 0.611538
2 0.823077 0.595833 0.826202 0.613462 0.855769 0.615385 0.852163 0.598077
3 0.883654 0.72468 0.9125 0.728526 0.913702 0.734936 0.884135 0.730769 0.883894 0.725962 0.882933 0.724038
2 0.880529 0.710897 0.882212 0.732372 0.914904 0.737179 0.912019 0.716346
3 0.771394 0.673397 0.788462 0.672756 0.789663 0.678846 0.772115 0.679487
2 0.767067 0.660897 0.771154 0.681731 0.800721 0.680128 0.796394 0.661538
