3 0.183358 0.114028 0.182982 0.118976 0.201807 0.111231 0.201242 0.105852 0.183358 0.113167
2 0.181476 0.105207 0.180723 0.121773 0.209149 0.10994 0.20802 0.094664
3 0.129706 0.140706 0.129142 0.146299 0.138554 0.142857 0.158509 0.135112 0.159262 0.130164
2 0.129518 0.131454 0.126506 0.14006 0.127071 0.149312 0.15945 0.136833 0.162086 0.123709 0.161333 0.120482
2 0.133095 0.1108 0.130836 0.126506 0.164721 0.113382 0.166792 0.098752
3 0.134977 0.11833 0.134789 0.123064 0.164157 0.112952 0.164157 0.107573 0.149285 0.112522
3 0.14119 0.098752 0.141002 0.103055 0.155309 0.098537 0.167733 0.094449 0.168486 0.090577 0.148908 0.096601
2 0.141755 0.090577 0.137613 0.100258 0.136672 0.105852 0.167922 0.09617 0.172816 0.084552 0.173569 0.080895
4 0.181476 0.071644 0.178464 0.086489 0.201807 0.08068 0.203125 0.076592 0.229669 0.068632 0.228916 0.05895
5 0.197289 0.070138 0.196348 0.078098 0.206325 0.074656 0.228539 0.068201 0.228163 0.060456 0.197289 0.068847
3 0.257342 0.069277 0.257718 0.074225 0.265248 0.070783 0.28878 0.061317 0.288968 0.055938 0.280685 0.05852 0.264684 0.065835
2 0.253765 0.063683 0.2532 0.079174 0.267131 0.071429 0.28991 0.062177 0.28991 0.048838 0.283697 0.047547 0.268449 0.054647 0.261107 0.058735
3 0.254895 0.04346 0.254706 0.048838 0.273908 0.042169 0.273532 0.037005
2 0.254518 0.034639 0.2532 0.05099 0.286521 0.039372 0.287086 0.026678 0.286145 0.023666
3 0.297252 0.055077 0.296875 0.060456 0.317959 0.055293 0.317959 0.049484
2 0.294992 0.047332 0.293298 0.064329 0.330761 0.053356 0.33302 0.039372 0.330384 0.036575 0.299887 0.045826
3 0.347327 0.033348 0.347327 0.038511 0.370294 0.031627 0.369352 0.025602
2 0.342997 0.025172 0.343562 0.041523 0.384789 0.026893 0.381965 0.012263 0.376506 0.013124 0.347892 0.023021
3 0.470633 0.029045 0.471197 0.034639 0.495294 0.028184 0.493976 0.023021
2 0.467056 0.020224 0.468185 0.03722 0.511107 0.026033 0.509977 0.011618 0.506777 0.009036 0.470821 0.018933
3 0.219315 0.030336 0.219503 0.035069 0.24567 0.024312 0.249435 0.022806 0.248494 0.018287
2 0.217056 0.023021 0.216303 0.037866 0.25 0.024527 0.25 0.011403 0.248494 0.010327
8 0.139119 0.810241 0.14006 0.81691 0.175264 0.799053 0.173946 0.792814
8 0.054217 0.835843 0.05384 0.844019 0.087726 0.844019 0.087538 0.836919
