1 0.294804 0.097461 0.36634 0.08864 0.364458 0.101334 0.293486 0.109079
0 0.293863 0.056368 0.376506 0.045181 0.369541 0.106713 0.287086 0.114673
1 0.780685 0.052281 0.822289 0.058305 0.823795 0.071213 0.778614 0.065189
0 0.743599 0.005164 0.782003 0.013985 0.82323 0.016136 0.830196 0.078098 0.744541 0.067126 0.742658 0.009466 0.743976 0.006885
3 0.951807 0.232788 0.975151 0.229776 0.975904 0.23537 0.954443 0.238382
2 0.947477 0.224398 0.973833 0.221386 0.978539 0.237522 0.952748 0.240318
5 0.933735 0.247418 0.96122 0.245912 0.981363 0.247203 0.990587 0.250215 0.991905 0.258821 0.967056 0.255379 0.934864 0.256885 0.932229 0.248709
4 0.931288 0.245482 0.98381 0.246343 0.990776 0.246127 0.994164 0.260327 0.967809 0.256024 0.933358 0.258391
5 0.847327 0.61037 0.887048 0.605637 0.888178 0.620697 0.848833 0.62543
4 0.844691 0.58154 0.88686 0.579389 0.890248 0.623709 0.845821 0.629303
8 0.271273 0.694707 0.290286 0.694707 0.289533 0.70525 0.271273 0.702883
8 0.053464 0.680723 0.06683 0.680938 0.064194 0.689114 0.051958 0.687823
