1 0.289345 0.371342 0.288027 0.378873 0.33622 0.384251 0.337538 0.376506
0 0.29631 0.344234 0.283697 0.383176 0.311559 0.385112 0.338102 0.387909 0.348833 0.349613 0.318336 0.34574
1 0.560241 0.302496 0.560806 0.307444 0.596197 0.309165 0.595821 0.303787
1 0.560994 0.336704 0.560806 0.342083 0.599962 0.345095 0.600339 0.339501
1 0.561935 0.34617 0.561747 0.351549 0.600527 0.354131 0.601092 0.348322
1 0.560806 0.355637 0.560429 0.361661 0.600151 0.364458 0.600527 0.358219
0 0.553464 0.289157 0.553652 0.328313 0.615587 0.330034 0.61314 0.292599 0.581325 0.289587
0 0.555535 0.328744 0.619352 0.330465 0.621423 0.36747 0.603916 0.369621 0.554029 0.365318
1 0.113705 0.707831 0.110316 0.72074 0.167545 0.732358 0.170745 0.71988
0 0.125 0.656626 0.103727 0.725904 0.168863 0.740749 0.189571 0.668244
1 0.339985 0.728916 0.337726 0.744406 0.41058 0.756885 0.412651 0.74204
0 0.34488 0.673408 0.331137 0.751506 0.41378 0.76506 0.424511 0.685241
1 0.629518 0.744191 0.629895 0.759682 0.706325 0.765491 0.706514 0.751721
0 0.622741 0.68438 0.623494 0.767427 0.713855 0.775172 0.70689 0.692986
5 0.919239 0.592728 0.926205 0.613597 0.955949 0.61037 0.952937 0.600688 0.941642 0.60241 0.937876 0.590146
4 0.901167 0.591867 0.906626 0.613382 0.923946 0.611661 0.924699 0.615318 0.958208 0.612306 0.955384 0.597461 0.943712 0.598752 0.940136 0.586919
