3 0.300075 0.20525 0.299887 0.21278 0.342244 0.210843 0.343185 0.203528
2 0.299134 0.194923 0.295181 0.202883 0.294804 0.214501 0.344503 0.211274 0.345444 0.202453 0.342997 0.192556
3 0.277673 0.276248 0.277108 0.283563 0.321913 0.280981 0.323983 0.273236
2 0.274473 0.265491 0.269955 0.28722 0.32323 0.283778 0.324925 0.273666 0.322666 0.262478
3 0.266943 0.355852 0.266566 0.364888 0.3157 0.358864 0.317018 0.350258
2 0.265625 0.340792 0.262048 0.366179 0.317583 0.359725 0.320783 0.33821 0.318336 0.334768
3 0.386107 0.409639 0.387801 0.419966 0.441453 0.406842 0.440136 0.397375
2 0.377071 0.395009 0.381212 0.424699 0.442771 0.409208 0.437876 0.381024
3 0.505271 0.381885 0.506212 0.391566 0.557982 0.382315 0.556852 0.374139
2 0.496988 0.368546 0.501318 0.395224 0.560806 0.385757 0.554405 0.359725
3 0.769955 0.394793 0.771461 0.404045 0.802334 0.40512 0.800452 0.396299
2 0.761107 0.379518 0.767508 0.406196 0.82323 0.408993 0.815512 0.381024
3 0.749247 0.326592 0.749624 0.334768 0.778991 0.335843 0.77805 0.328098
2 0.741717 0.312823 0.747176 0.336704 0.799699 0.339071 0.794239 0.31562
3 0.005459 0.71278 0.002636 0.72741 0.035956 0.727625 0.038027 0.71278
2 0.009224 0.688683 0.0 0.717943 0.0 0.732143 0.058547 0.733864 0.069089 0.689544
3 0.089044 0.780766 0.087914 0.796472 0.153803 0.79346 0.155309 0.777969
2 0.088291 0.753227 0.081514 0.800774 0.155497 0.799053 0.159639 0.751506
3 0.074925 0.844449 0.074172 0.8608 0.137425 0.858864 0.139684 0.842513
2 0.073795 0.814114 0.066077 0.864243 0.138178 0.862952 0.144014 0.818417 0.13686 0.811532
3 0.191077 0.799053 0.190889 0.814974 0.232869 0.811962 0.234187 0.795611
2 0.18637 0.771084 0.183547 0.820783 0.261107 0.811962 0.260919 0.768933 0.25433 0.763339
3 0.174887 0.874139 0.173946 0.892642 0.216114 0.891781 0.21762 0.87457
2 0.171875 0.842513 0.166227 0.895869 0.245105 0.896515 0.249812 0.851549 0.243035 0.841437
7 0.305346 0.74204 0.301205 0.779905 0.347515 0.778399 0.351657 0.771515 0.365587 0.769793 0.365964 0.77969 0.406438 0.782702 0.409827 0.744191
6 0.304029 0.7358 0.297252 0.784208 0.408697 0.785714 0.411898 0.738597
3 0.457831 0.795611 0.458208 0.813683 0.504518 0.814329 0.505648 0.797117
2 0.451054 0.765491 0.449925 0.819492 0.537274 0.818847 0.53558 0.766781
3 0.461785 0.877797 0.464044 0.895439 0.538592 0.885972 0.537651 0.8679
2 0.450678 0.845525 0.453878 0.900602 0.539533 0.892212 0.540474 0.8821 0.536333 0.837134
3 0.886672 0.580034 0.888366 0.591867 0.9407 0.598322 0.938253 0.586704
2 0.875753 0.557659 0.882718 0.594234 0.94183 0.600688 0.937876 0.579604 0.93317 0.564114
3 0.932229 0.675774 0.933735 0.690189 0.989081 0.69105 0.986822 0.677926
2 0.920934 0.652324 0.929405 0.693201 0.991152 0.695783 0.983622 0.657917 0.979292 0.65512
