3 0.495192 0.655449 0.511538 0.654167 0.511298 0.658333 0.495433 0.659936
2 0.494712 0.647756 0.519231 0.647115 0.520192 0.658333 0.49375 0.660577
3 0.493029 0.720833 0.492067 0.725962 0.507452 0.727885 0.508654 0.722756
2 0.492308 0.713782 0.489423 0.726923 0.517548 0.730128 0.519952 0.716346
3 0.590144 0.729808 0.591346 0.734615 0.611779 0.735256 0.6125 0.729487
2 0.589423 0.722756 0.58774 0.731731 0.590144 0.734615 0.6125 0.736218 0.614664 0.733013 0.614183 0.724038
3 0.591346 0.677564 0.590625 0.681731 0.600481 0.684615 0.610817 0.6875 0.614183 0.683654 0.602404 0.679808
2 0.590144 0.670513 0.587019 0.680769 0.611058 0.688462 0.614904 0.685256 0.616827 0.677885
9 0.677164 0.607692 0.68125 0.633013 0.709615 0.632692 0.704808 0.608333
3 0.816827 0.70609 0.821635 0.705449 0.828846 0.720192 0.823077 0.720192
2 0.815625 0.704808 0.828365 0.702885 0.840144 0.728846 0.825721 0.728526
3 0.404567 0.759615 0.404808 0.762821 0.41851 0.7625 0.418269 0.758974
2 0.402404 0.753205 0.401683 0.764103 0.419471 0.763462 0.419712 0.752244
3 0.41851 0.713462 0.417308 0.717308 0.432452 0.717949 0.433173 0.713462
2 0.41875 0.705769 0.414423 0.719551 0.419231 0.71859 0.427404 0.719231 0.436298 0.71859 0.440144 0.716987 0.440625 0.703846
3 0.13726 0.946474 0.15625 0.945513 0.15601 0.952244 0.134856 0.953205
2 0.136298 0.933654 0.173317 0.931731 0.167788 0.951923 0.13149 0.954808
3 0.267067 0.930128 0.266106 0.936859 0.286298 0.9375 0.286779 0.929487
2 0.266587 0.919872 0.26274 0.939423 0.274279 0.938782 0.296154 0.939423 0.298317 0.939423 0.3 0.930128 0.298558 0.926282 0.295192 0.91891
