3 0.492282 0.361016 0.491905 0.367255 0.51506 0.370697 0.515248 0.364243
2 0.490023 0.350904 0.487199 0.368546 0.529179 0.375645 0.531626 0.358864 0.529367 0.355422 0.495105 0.350688
4 0.536709 0.291308 0.536709 0.314114 0.654556 0.317771 0.652861 0.294966
5 0.570218 0.296687 0.570218 0.310026 0.652108 0.312392 0.650791 0.298408
4 0.749247 0.547978 0.752259 0.584768 0.832831 0.585198 0.832078 0.572289 0.897026 0.569707 0.89006 0.541954
5 0.833773 0.557659 0.835655 0.569923 0.89552 0.568632 0.892131 0.554217
4 0.893449 0.541954 0.89872 0.569707 0.987575 0.569923 0.985693 0.540017
5 0.928652 0.555938 0.931664 0.568201 0.986634 0.567771 0.983434 0.554647
4 0.896084 0.637909 0.897402 0.645869 0.949736 0.644578 0.948983 0.636188
4 0.898343 0.649096 0.899096 0.657272 0.953313 0.65512 0.951431 0.64673
5 0.916227 0.638554 0.917357 0.644363 0.949172 0.643503 0.947854 0.637263
5 0.91811 0.649096 0.919804 0.655981 0.951807 0.65469 0.950678 0.64759
3 0.72308 0.69858 0.724398 0.708907 0.753012 0.705895 0.75113 0.695568
2 0.714232 0.678356 0.720633 0.711704 0.770896 0.70654 0.766943 0.677711 0.764119 0.673838
3 0.551393 0.673408 0.557794 0.679432 0.574548 0.653614 0.567395 0.648451
2 0.537086 0.665878 0.557982 0.685886 0.586785 0.638984 0.564383 0.620482
7 0.166604 0.325516 0.164345 0.336704 0.203878 0.333907 0.205196 0.323795
6 0.164157 0.32358 0.161145 0.337995 0.205196 0.335413 0.206514 0.322935
5 0.092056 0.376291 0.08942 0.385327 0.129142 0.409854 0.131965 0.401248
4 0.091303 0.374785 0.087726 0.385542 0.129518 0.41179 0.133283 0.400172
3 0.23814 0.205465 0.237011 0.210198 0.264872 0.20654 0.265437 0.202668
2 0.235505 0.203528 0.232116 0.217083 0.263554 0.214716 0.265437 0.212565 0.268072 0.202238 0.262801 0.200947 0.246611 0.201377
3 0.312124 0.102625 0.311747 0.106282 0.336408 0.102625 0.336408 0.098322
2 0.310429 0.096816 0.307794 0.108649 0.337538 0.104561 0.339232 0.093158
3 0.488893 0.137694 0.489458 0.141566 0.517884 0.140491 0.517884 0.136188 0.48927 0.137478
2 0.485504 0.131239 0.485881 0.142427 0.518637 0.141997 0.518637 0.129948
3 0.642319 0.188253 0.642696 0.193201 0.674322 0.193632 0.674322 0.189329
2 0.639307 0.180293 0.640437 0.197504 0.676017 0.196644 0.675828 0.18438 0.674699 0.181368 0.641566 0.179432
4 0.696913 0.170826 0.697289 0.175775 0.749435 0.174484 0.747741 0.16846
5 0.712349 0.171041 0.712914 0.174268 0.744352 0.174053 0.744164 0.16975
3 0.502259 0.454604 0.503012 0.461489 0.541227 0.457831 0.540851 0.450301
2 0.496423 0.441695 0.498494 0.464071 0.508471 0.464716 0.542169 0.460628 0.542169 0.450301 0.542169 0.447935 0.539157 0.436532
