5 0.197289 0.033993 0.229669 0.026678 0.229669 0.031627 0.197666 0.038726
5 0.193524 0.056583 0.225527 0.050559 0.225527 0.054862 0.193524 0.060886
5 0.185617 0.079819 0.215738 0.074225 0.215738 0.078528 0.185617 0.084122
5 0.179593 0.101549 0.209714 0.095955 0.209714 0.100258 0.179593 0.105852
5 0.176581 0.1179 0.20689 0.112091 0.20689 0.11704 0.17677 0.122633
5 0.169992 0.137048 0.199925 0.1321 0.200113 0.136833 0.170181 0.141781
5 0.166039 0.156842 0.195971 0.151893 0.196348 0.157057 0.166227 0.161575
5 0.167357 0.18395 0.197289 0.179002 0.197666 0.184811 0.167733 0.189759
5 0.162086 0.204604 0.192018 0.199656 0.192395 0.205465 0.162274 0.210198
5 0.160392 0.226334 0.191077 0.220955 0.191265 0.226979 0.16058 0.231713
5 0.281626 0.079604 0.318901 0.074871 0.318901 0.079389 0.282003 0.084768
5 0.276732 0.096601 0.314383 0.091007 0.314383 0.096386 0.27692 0.101764
5 0.273532 0.11747 0.311182 0.112737 0.311747 0.1179 0.273908 0.122633
5 0.270143 0.140491 0.309111 0.135757 0.309488 0.140921 0.270331 0.145654
5 0.402673 0.064759 0.442959 0.060026 0.443524 0.064974 0.40305 0.069923
5 0.400791 0.024096 0.400602 0.028614 0.431099 0.024527 0.432605 0.02259 0.440889 0.021084 0.4407 0.017857
5 0.400602 0.106067 0.444465 0.100043 0.444654 0.105422 0.401167 0.111015
5 0.455196 0.048838 0.455196 0.051205 0.4968 0.046472 0.496611 0.042169 0.459714 0.046041 0.459714 0.047762 0.455196 0.048193
3 0.444842 0.006454 0.471574 0.002797 0.471574 0.007315 0.444842 0.010112
3 0.434488 0.029045 0.461973 0.024957 0.461973 0.03012 0.434488 0.033993
3 0.42884 0.040017 0.456514 0.035929 0.456514 0.041093 0.429029 0.04475
3 0.437688 0.072504 0.466491 0.070353 0.466679 0.075086 0.437876 0.077453
3 0.380271 0.141781 0.409639 0.137048 0.410015 0.141566 0.380459 0.146299
5 0.555723 0.016781 0.594315 0.013769 0.594503 0.018503 0.555911 0.021084
5 0.556288 0.040448 0.595444 0.039157 0.595633 0.043675 0.556852 0.045396
5 0.559864 0.05895 0.600527 0.05895 0.601092 0.063253 0.560429 0.063898
5 0.565324 0.077883 0.606175 0.077238 0.606363 0.082186 0.565324 0.082831
5 0.569842 0.100258 0.611446 0.100258 0.611258 0.105422 0.569842 0.105422
5 0.572854 0.121988 0.615023 0.121773 0.615023 0.127797 0.57323 0.128012
5 0.57436 0.147375 0.616529 0.14716 0.61634 0.153184 0.574548 0.153184
5 0.576242 0.166308 0.620105 0.166093 0.619917 0.172332 0.576619 0.172332
5 0.715926 0.051635 0.754706 0.051635 0.755271 0.056583 0.716679 0.057014
5 0.713479 0.078959 0.752636 0.080895 0.753577 0.085628 0.714232 0.084122
5 0.711785 0.092728 0.751318 0.093804 0.751883 0.099613 0.712349 0.097892
5 0.728916 0.114673 0.769202 0.116609 0.769767 0.121558 0.729669 0.119836
5 0.733057 0.136403 0.773343 0.136833 0.774473 0.141997 0.733622 0.141566
5 0.737952 0.156842 0.780874 0.156196 0.781062 0.162005 0.738705 0.162005
3 0.800075 0.122849 0.826431 0.124139 0.82756 0.128873 0.801205 0.127367
3 0.795934 0.159423 0.823042 0.157272 0.823795 0.162435 0.797063 0.164157
5 0.021837 0.075086 0.04744 0.067341 0.047816 0.072074 0.021649 0.079604
5 0.016002 0.095095 0.042922 0.087565 0.042922 0.092513 0.016002 0.099613
5 0.01073 0.113382 0.038592 0.106497 0.038404 0.111446 0.01073 0.118115
5 0.004706 0.129518 0.03238 0.122633 0.03238 0.127582 0.004518 0.134251
5 0.000753 0.150818 0.028426 0.143933 0.028426 0.148881 0.000565 0.155551
5 0.000565 0.17642 0.028238 0.16932 0.028238 0.174268 0.000377 0.180938
5 0.968185 0.082401 0.999435 0.085843 0.999624 0.090146 0.969126 0.086704
5 0.954443 0.045181 0.985693 0.047978 0.986634 0.052711 0.955384 0.050559
3 0.288968 0.195783 0.315889 0.192771 0.3157 0.19815 0.28878 0.200301
3 0.290286 0.170611 0.317206 0.167814 0.317018 0.172978 0.290098 0.175129
2 0.289721 0.163511 0.288027 0.177496 0.317771 0.175129 0.319089 0.160069
2 0.288215 0.188898 0.286521 0.202668 0.316265 0.200516 0.317583 0.185456
4 0.271649 0.080034 0.320218 0.073365 0.320218 0.081756 0.273155 0.087565 0.272214 0.087565
4 0.265813 0.096601 0.315324 0.089501 0.315136 0.097676 0.267319 0.104131 0.266378 0.104131
4 0.263554 0.117685 0.312312 0.111661 0.312876 0.119406 0.26506 0.125 0.263178 0.125
4 0.26073 0.14006 0.310053 0.134682 0.310053 0.141997 0.262425 0.14759 0.260542 0.147806
4 0.190324 0.034639 0.190324 0.041093 0.230798 0.032487 0.230422 0.025387
4 0.184864 0.057659 0.184864 0.064114 0.226468 0.055723 0.226092 0.048838
4 0.178087 0.080465 0.178276 0.087349 0.216679 0.079604 0.216303 0.073365
4 0.17244 0.101979 0.172628 0.108864 0.211032 0.101119 0.210655 0.09488
4 0.169051 0.118546 0.169239 0.12543 0.207643 0.11747 0.207267 0.111231
4 0.161333 0.138124 0.161521 0.145009 0.201431 0.138124 0.200866 0.131024
4 0.158133 0.157487 0.15738 0.164802 0.197477 0.158563 0.196913 0.150602
4 0.158321 0.184811 0.158697 0.192126 0.198795 0.186102 0.19823 0.177926
4 0.153426 0.205465 0.153803 0.21278 0.193901 0.206756 0.193336 0.198795
4 0.151544 0.226549 0.15192 0.234079 0.19183 0.228055 0.191265 0.21988
2 0.432417 0.025387 0.432229 0.035499 0.463479 0.031196 0.462161 0.018072 0.442206 0.021084 0.440324 0.02259 0.434864 0.023236 0.4343 0.025387
2 0.427899 0.040017 0.429029 0.05099 0.430346 0.052065 0.452748 0.048623 0.45369 0.047762 0.459149 0.046902 0.458396 0.035069 0.428087 0.038941
4 0.454254 0.047978 0.459526 0.047332 0.459526 0.045611 0.497176 0.041308 0.497364 0.047332 0.454443 0.052065
4 0.400038 0.023236 0.441453 0.017212 0.441642 0.021084 0.440889 0.021515 0.432982 0.023021 0.431476 0.024957 0.400038 0.029475
4 0.401732 0.063898 0.443712 0.05938 0.443901 0.06562 0.40192 0.071213
2 0.435994 0.067771 0.435241 0.078744 0.467432 0.076592 0.467432 0.062823 0.444465 0.066695 0.437688 0.06691 0.435994 0.067126
2 0.441642 0.001506 0.441265 0.012048 0.472703 0.008821 0.47195 0.000861 0.442771 0.000861
2 0.377259 0.133821 0.377636 0.147375 0.411898 0.142212 0.411333 0.128227
4 0.387989 0.106067 0.445407 0.098752 0.445595 0.106497 0.388178 0.114028
4 0.545181 0.016136 0.595256 0.012478 0.595633 0.019578 0.545369 0.023451
4 0.545557 0.040232 0.596009 0.038296 0.596574 0.04475 0.545746 0.047117
4 0.549322 0.058735 0.601657 0.057659 0.602033 0.064114 0.549511 0.065404
4 0.56363 0.077022 0.608057 0.075947 0.608057 0.083262 0.563818 0.083692
4 0.558735 0.098322 0.612387 0.099182 0.612199 0.107358 0.558923 0.106497
4 0.562688 0.120052 0.61634 0.120912 0.616152 0.128873 0.562876 0.128227
4 0.563253 0.145654 0.617093 0.146299 0.617093 0.15469 0.563441 0.15383
4 0.565512 0.165017 0.620858 0.165017 0.620858 0.174268 0.565889 0.174268
5 0.711785 0.026248 0.751694 0.025602 0.752636 0.03012 0.712161 0.030766 0.712161 0.027539
4 0.701242 0.024742 0.702372 0.032272 0.753953 0.030981 0.752447 0.023881
4 0.705196 0.049914 0.706325 0.057444 0.756777 0.057444 0.755271 0.050344
4 0.703502 0.077668 0.704631 0.085198 0.755459 0.08778 0.754142 0.079174
4 0.699925 0.091437 0.701054 0.098967 0.753389 0.100473 0.752447 0.092513
4 0.716679 0.113597 0.717809 0.121127 0.770331 0.122633 0.769767 0.114673
4 0.720633 0.134897 0.721762 0.142427 0.775226 0.143503 0.774285 0.135542
4 0.725904 0.155551 0.72741 0.164587 0.78238 0.163511 0.781626 0.154905
2 0.789533 0.152539 0.795181 0.165878 0.825301 0.163941 0.822666 0.153399 0.818148 0.152108 0.791227 0.152108
2 0.796498 0.116179 0.799699 0.129948 0.829066 0.130809 0.823795 0.116609 0.79744 0.115318
4 0.953125 0.04432 0.986069 0.045611 0.98814 0.053571 0.954631 0.052281
4 0.966491 0.081325 1.0 0.084337 1.0 0.091437 0.966867 0.088425
4 0.01506 0.075947 0.048005 0.066265 0.048569 0.07315 0.014684 0.083046
4 0.009036 0.09531 0.043486 0.086059 0.043675 0.093373 0.00866 0.102625
4 0.004895 0.113382 0.038968 0.105207 0.039157 0.112522 0.00433 0.120697
4 0.000377 0.129088 0.033697 0.121343 0.033697 0.128657 0.0 0.136403
4 0.000377 0.149312 0.029744 0.142212 0.029556 0.149527 0.0 0.156626
4 0.0 0.175344 0.028991 0.168029 0.028991 0.175344 0.0 0.182444
