3 0.398908 0.569492 0.39872 0.574871 0.425452 0.574656 0.425828 0.568632
2 0.397026 0.560671 0.397026 0.575947 0.426205 0.575516 0.426205 0.560026
3 0.395143 0.495697 0.409639 0.49333 0.409827 0.498494 0.395331 0.500215
2 0.393825 0.488812 0.393637 0.500645 0.413592 0.498709 0.413968 0.4858
3 0.706325 0.555938 0.708208 0.561317 0.730422 0.555938 0.728727 0.550559
2 0.701619 0.548408 0.706514 0.563038 0.731739 0.557444 0.72628 0.542599
3 0.816077 0.489028 0.833396 0.482788 0.835655 0.486876 0.81683 0.493115 0.815136 0.489243
2 0.815324 0.478916 0.83189 0.473537 0.838102 0.486446 0.816265 0.493546 0.813441 0.490534 0.815136 0.484294
3 0.616529 0.287005 0.616905 0.290232 0.637425 0.292814 0.637236 0.288941
2 0.615023 0.281196 0.615211 0.291523 0.638178 0.294105 0.637048 0.283133
3 0.601657 0.445783 0.620105 0.441265 0.621047 0.444923 0.602598 0.449871
2 0.596762 0.438898 0.610881 0.435241 0.614458 0.436102 0.618223 0.435456 0.621988 0.445998 0.601657 0.451377 0.599962 0.447719
