1 0.423569 0.353055 0.471197 0.353916 0.471574 0.361446 0.423758 0.3608
0 0.420181 0.323795 0.474209 0.32358 0.474962 0.365103 0.418863 0.364458
1 0.675452 0.330034 0.693148 0.33068 0.692959 0.335843 0.675828 0.334768
1 0.665663 0.337349 0.694089 0.339286 0.694654 0.344664 0.666227 0.342083
0 0.658886 0.31648 0.705761 0.319062 0.711408 0.356928 0.662839 0.355637
1 0.876318 0.324871 0.900791 0.328098 0.901167 0.333692 0.877447 0.330034
1 0.878953 0.333262 0.902485 0.336919 0.902673 0.342083 0.879895 0.338425
0 0.872929 0.311317 0.910203 0.317556 0.923193 0.357788 0.877636 0.349828 0.870858 0.311747
3 0.730798 0.489458 0.745482 0.489673 0.746235 0.4929 0.731363 0.492685
2 0.728916 0.483434 0.745482 0.483219 0.746988 0.493761 0.730798 0.493546 0.729857 0.491609
3 0.716867 0.421902 0.730986 0.420611 0.732116 0.424268 0.71762 0.424914
2 0.714044 0.415878 0.730798 0.415017 0.732869 0.424484 0.716491 0.42599
