5 0.313253 0.218804 0.312876 0.228055 0.368976 0.221601 0.368976 0.21321
4 0.289721 0.217083 0.286709 0.234294 0.370482 0.226979 0.369917 0.209983
3 0.679217 0.243976 0.680158 0.247203 0.700489 0.245697 0.699548 0.242685
2 0.67564 0.238167 0.678652 0.248279 0.701431 0.246127 0.700678 0.237522 0.69823 0.236876
3 0.154556 0.521299 0.153991 0.526033 0.172063 0.526033 0.173758 0.520869
2 0.154367 0.512909 0.15192 0.527969 0.172816 0.527108 0.175828 0.511618
3 0.198419 0.466222 0.197477 0.47074 0.219503 0.471601 0.220821 0.467083
2 0.198419 0.457401 0.194654 0.471816 0.21988 0.472461 0.223456 0.458907
3 0.268261 0.43438 0.268261 0.439114 0.283133 0.437177 0.282944 0.43309
2 0.266002 0.430938 0.266943 0.44062 0.291416 0.438468 0.293675 0.435241 0.293486 0.425559
3 0.442018 0.447504 0.442018 0.452453 0.466867 0.452453 0.467056 0.447935
2 0.439759 0.439974 0.439006 0.453959 0.467809 0.454604 0.468374 0.44062
3 0.444277 0.481497 0.444277 0.486876 0.469691 0.487091 0.470068 0.482358
2 0.443901 0.472892 0.443524 0.487522 0.470068 0.488597 0.471386 0.472892
3 0.451807 0.520869 0.451807 0.526033 0.478163 0.526463 0.478539 0.521515
2 0.450301 0.510972 0.450678 0.527969 0.478916 0.527969 0.479104 0.511188
3 0.501318 0.420181 0.501506 0.424914 0.525226 0.425344 0.525602 0.421256
2 0.499435 0.41222 0.499435 0.425774 0.52692 0.42599 0.526732 0.412005
3 0.49887 0.459337 0.499059 0.464071 0.523908 0.464286 0.524096 0.459983
2 0.496988 0.451592 0.496423 0.465792 0.525038 0.466437 0.525791 0.453528 0.524849 0.451377
3 0.509789 0.522375 0.510542 0.527969 0.536709 0.528184 0.536898 0.523021
2 0.507907 0.512694 0.50753 0.529475 0.537462 0.52926 0.537839 0.512478
3 0.497929 0.490964 0.498117 0.496127 0.524285 0.495267 0.523908 0.490103
2 0.494917 0.481497 0.495294 0.497849 0.524473 0.496558 0.524285 0.481282
3 0.549887 0.450301 0.550075 0.45568 0.575866 0.454819 0.575489 0.449871
2 0.547628 0.441695 0.548381 0.456325 0.577372 0.455465 0.576431 0.440835
8 0.537086 0.416093 0.537651 0.440404 0.57756 0.439544 0.578502 0.438683 0.577184 0.415448
3 0.557041 0.521515 0.557982 0.527539 0.583961 0.526678 0.583961 0.521299
2 0.554217 0.512263 0.555158 0.528184 0.585655 0.527754 0.585467 0.516781 0.584337 0.510972
8 0.542357 0.482788 0.543298 0.510112 0.585279 0.510112 0.586785 0.508821 0.584526 0.482358
3 0.610693 0.414157 0.611069 0.418029 0.636107 0.41846 0.635542 0.414372
2 0.608622 0.405336 0.609187 0.419105 0.638554 0.419105 0.637236 0.405766
3 0.619352 0.484079 0.619729 0.488597 0.644767 0.490534 0.645331 0.489243 0.64552 0.486231
2 0.61747 0.474182 0.617658 0.489028 0.64552 0.490964 0.646461 0.487522 0.64759 0.481713 0.647214 0.477625 0.646084 0.476549
3 0.684864 0.434596 0.685617 0.439329 0.710467 0.439974 0.709526 0.435241
2 0.681664 0.425344 0.68317 0.440189 0.711596 0.44062 0.709714 0.426205
3 0.692959 0.517427 0.693901 0.52259 0.721009 0.523666 0.720633 0.518072
2 0.689947 0.50667 0.691265 0.523236 0.721762 0.524742 0.722703 0.523881 0.720821 0.508176
3 0.767884 0.427711 0.768825 0.432659 0.792733 0.434165 0.79311 0.429217
2 0.763742 0.41932 0.764872 0.431799 0.766378 0.434165 0.792357 0.435456 0.793675 0.432659 0.79198 0.41975 0.782003 0.420611
3 0.097515 0.583262 0.09695 0.58864 0.118599 0.587995 0.118788 0.582831
2 0.097515 0.573795 0.094691 0.589286 0.119541 0.58821 0.122553 0.573365
3 0.120482 0.587134 0.119164 0.592513 0.14119 0.591867 0.141755 0.586704
2 0.122176 0.577453 0.118788 0.592728 0.141755 0.592513 0.143261 0.576807
3 0.115587 0.620482 0.116152 0.626506 0.129518 0.623494 0.129518 0.617685
2 0.11314 0.611661 0.11427 0.628012 0.123682 0.626721 0.137613 0.623494 0.138931 0.621988 0.138554 0.614888 0.139872 0.608219 0.138931 0.606713
3 0.122741 0.643503 0.121611 0.649957 0.13573 0.649957 0.137236 0.644363
2 0.122364 0.634036 0.118599 0.651463 0.144767 0.652754 0.148532 0.635112
3 0.152297 0.592513 0.151355 0.598322 0.165286 0.598752 0.166039 0.593589
2 0.152673 0.582831 0.149849 0.599398 0.174511 0.600473 0.177711 0.584122
5 0.165851 0.631239 0.165474 0.637694 0.194465 0.638554 0.195971 0.6321
4 0.157003 0.629088 0.155874 0.638769 0.195407 0.639415 0.196913 0.630594
3 0.211785 0.719664 0.21122 0.726764 0.227221 0.727625 0.228163 0.721386
2 0.21122 0.707401 0.209149 0.726979 0.237575 0.729991 0.240023 0.710843
3 0.27052 0.725473 0.269578 0.731928 0.287086 0.734079 0.288027 0.72741
2 0.270143 0.712564 0.266943 0.733434 0.298193 0.736661 0.300828 0.719449 0.29744 0.715577
3 0.311935 0.596601 0.311747 0.60241 0.327184 0.603485 0.328125 0.597676
2 0.31137 0.585843 0.308358 0.60284 0.310241 0.603485 0.338102 0.605852 0.340361 0.587995
3 0.348833 0.629088 0.348645 0.635542 0.365399 0.635757 0.365776 0.630164
2 0.347327 0.6179 0.345821 0.636403 0.376318 0.637694 0.377824 0.631885 0.378389 0.619621
3 0.365587 0.728055 0.365023 0.734725 0.383283 0.7358 0.38366 0.729346
2 0.36427 0.714286 0.361258 0.735585 0.39552 0.737952 0.396273 0.720095 0.394767 0.717083
3 0.46555 0.660714 0.465926 0.667384 0.484187 0.665017 0.483246 0.658778
2 0.46122 0.649957 0.463667 0.66975 0.496235 0.666308 0.494729 0.647375 0.493599 0.646515
5 0.532756 0.673408 0.532756 0.680938 0.570595 0.681153 0.570783 0.674268
4 0.513178 0.672117 0.512989 0.682014 0.57116 0.681583 0.571348 0.672547
3 0.571536 0.732358 0.572289 0.739458 0.602786 0.739028 0.60241 0.732573
2 0.567583 0.720525 0.569654 0.742685 0.604292 0.74204 0.602221 0.719449
3 0.66811 0.62457 0.669051 0.631024 0.697101 0.629948 0.69616 0.623924
2 0.664157 0.612522 0.666792 0.63167 0.698607 0.630594 0.695971 0.612306
3 0.671875 0.677065 0.672628 0.68352 0.701996 0.68352 0.701242 0.67685
2 0.668298 0.664802 0.670181 0.685026 0.703125 0.684165 0.701054 0.664157
3 0.680723 0.728916 0.681288 0.736231 0.711596 0.736661 0.711408 0.729776
2 0.676958 0.719234 0.67884 0.717728 0.711785 0.719449 0.712726 0.739673 0.677523 0.738812
3 0.746988 0.60994 0.747929 0.616609 0.773908 0.615749 0.773155 0.610155
2 0.742846 0.598967 0.745105 0.617685 0.775226 0.616824 0.773155 0.597892
3 0.756024 0.669966 0.756965 0.67599 0.785203 0.674268 0.784639 0.668029
2 0.751318 0.660069 0.754895 0.679647 0.786898 0.677926 0.783321 0.658133
3 0.758471 0.729131 0.759413 0.736016 0.788215 0.7358 0.787651 0.729346
2 0.75433 0.716007 0.756777 0.737306 0.789533 0.737091 0.789721 0.732358 0.787651 0.716437
3 0.052711 0.563038 0.045181 0.58821 0.049887 0.588425 0.057229 0.563898
2 0.04744 0.559165 0.037086 0.592083 0.049511 0.593374 0.058547 0.560886
3 0.564383 0.628012 0.564571 0.634251 0.594691 0.634466 0.594315 0.628442
2 0.560241 0.616609 0.56137 0.636618 0.595256 0.636403 0.594315 0.620697 0.59262 0.616824
