1 0.718185 0.266351 0.743788 0.266566 0.764496 0.268287 0.777108 0.269578 0.779179 0.277969 0.7468 0.273451 0.720068 0.274527
0 0.705196 0.238597 0.715361 0.27883 0.737952 0.27883 0.754895 0.278184 0.763366 0.280551 0.784074 0.283133 0.779744 0.267857 0.769767 0.240318 0.736069 0.237306
1 0.396084 0.268933 0.395143 0.277324 0.461785 0.278184 0.461408 0.269363
0 0.397026 0.238167 0.389496 0.281842 0.40738 0.281626 0.465926 0.283133 0.468374 0.240103
1 0.128389 0.235155 0.126883 0.240103 0.146273 0.238382 0.146837 0.233434
1 0.123117 0.24333 0.121047 0.247849 0.142131 0.246773 0.143449 0.24204
1 0.118223 0.251076 0.116717 0.255379 0.137989 0.255164 0.139119 0.25
1 0.112011 0.261403 0.111446 0.266351 0.134036 0.26463 0.135166 0.260327
1 0.107304 0.269578 0.10561 0.275602 0.128389 0.273021 0.130271 0.268072
1 0.104669 0.279045 0.125565 0.276248 0.124435 0.280766 0.101845 0.283778
1 0.083584 0.291308 0.082643 0.296687 0.119541 0.291308 0.12067 0.28679
1 0.08189 0.300774 0.116529 0.295826 0.115964 0.302065 0.080761 0.305938
1 0.077184 0.311317 0.076242 0.317126 0.111822 0.313253 0.11427 0.306368
1 0.05497 0.237306 0.088667 0.236876 0.087349 0.241179 0.053276 0.241179
1 0.049699 0.244836 0.048381 0.249355 0.08302 0.249139 0.084149 0.243976
1 0.047252 0.252797 0.045557 0.25796 0.07869 0.257315 0.079255 0.252582
1 0.040474 0.263124 0.07003 0.262263 0.067959 0.267642 0.038404 0.268718
1 0.035768 0.273236 0.067771 0.271945 0.067583 0.277324 0.035768 0.278399
1 0.03125 0.284208 0.065324 0.282272 0.065512 0.288511 0.03012 0.290448
0 0.036145 0.262048 0.03125 0.272806 0.026355 0.284639 0.025038 0.296472 0.046122 0.295826 0.07869 0.29389 0.085467 0.281626 0.092244 0.260972
0 0.058923 0.230637 0.085467 0.229131 0.108998 0.232788 0.106551 0.239888 0.092997 0.260542 0.036145 0.261188 0.045369 0.245267 0.054405 0.234079
0 0.113705 0.226764 0.13366 0.224613 0.158509 0.222031 0.173758 0.221386 0.163968 0.236446 0.159639 0.245697 0.153426 0.255594 0.097327 0.25753 0.106928 0.240103
0 0.097892 0.258606 0.090926 0.270869 0.081514 0.290232 0.102786 0.287866 0.124247 0.285284 0.139684 0.283563 0.153426 0.25667 0.12067 0.2571
0 0.081137 0.291308 0.077748 0.298623 0.068524 0.322935 0.082078 0.321859 0.112575 0.318847 0.132718 0.31691 0.135354 0.298193 0.139872 0.283993 0.119164 0.286145 0.089797 0.289802
7 0.150791 0.505594 0.149661 0.513124 0.206325 0.513984 0.206325 0.505594
6 0.150414 0.503442 0.147967 0.51463 0.207643 0.514845 0.207643 0.504303
3 0.25 0.53012 0.249435 0.535069 0.272402 0.535069 0.27372 0.530766
2 0.249247 0.52216 0.246235 0.536145 0.27259 0.53679 0.275791 0.522375
3 0.304217 0.472676 0.30817 0.472676 0.306288 0.488167 0.302523 0.487952
2 0.298004 0.46321 0.310617 0.462995 0.306664 0.489243 0.294239 0.489888
3 0.373117 0.5142 0.373306 0.519148 0.398343 0.518718 0.398532 0.513984
2 0.371235 0.504948 0.400602 0.504518 0.400226 0.518503 0.396273 0.520009 0.37067 0.520009
3 0.442771 0.569923 0.442395 0.574871 0.468938 0.575947 0.46875 0.570783
2 0.441642 0.559811 0.458773 0.560241 0.471009 0.560886 0.470068 0.577022 0.465738 0.577022 0.440512 0.576162
3 0.496988 0.466007 0.500753 0.466007 0.498682 0.489243 0.494541 0.488597
2 0.496423 0.462995 0.509224 0.464071 0.507342 0.489028 0.505459 0.490749 0.493599 0.489243
3 0.638931 0.530551 0.663215 0.52883 0.663968 0.533563 0.639872 0.534854
2 0.635166 0.520654 0.662274 0.519363 0.665663 0.533778 0.639496 0.536145 0.637989 0.535499
3 0.729857 0.525172 0.752447 0.526033 0.752636 0.530336 0.730045 0.52883
2 0.726092 0.515706 0.75113 0.516997 0.753765 0.531411 0.727786 0.529905
3 0.813441 0.521299 0.814383 0.525602 0.834902 0.526678 0.833773 0.522375
2 0.809676 0.512694 0.832455 0.5142 0.836032 0.528184 0.821348 0.527324 0.813253 0.526463 0.811935 0.526033
3 0.877636 0.678356 0.905874 0.68309 0.90625 0.689114 0.878389 0.68352
2 0.875188 0.667169 0.904932 0.672762 0.906815 0.690835 0.877824 0.686102
3 0.700866 0.689114 0.72741 0.682014 0.729292 0.688038 0.703125 0.695138
2 0.694842 0.678141 0.724774 0.670396 0.730422 0.689329 0.701807 0.696859 0.69936 0.695783
3 0.599021 0.69858 0.616529 0.704604 0.615399 0.710628 0.597515 0.704819
2 0.599398 0.685886 0.617282 0.691695 0.631965 0.696429 0.628953 0.715361 0.614458 0.711704 0.597327 0.706325 0.595633 0.703744
3 0.474962 0.707831 0.504706 0.71321 0.504142 0.719449 0.474209 0.714716
2 0.473833 0.694062 0.507154 0.699656 0.505271 0.72117 0.470633 0.714931
7 0.294616 0.703528 0.297252 0.707186 0.31137 0.710413 0.317018 0.708692 0.334337 0.71321 0.343374 0.716652 0.354292 0.715577 0.369164 0.720095 0.365964 0.737522 0.343374 0.736016 0.332078 0.736876 0.318148 0.736661 0.307794 0.737522 0.283321 0.72827
6 0.288592 0.701377 0.373494 0.715146 0.368788 0.744836 0.281438 0.735585
3 0.241152 0.704174 0.270331 0.703528 0.269955 0.710198 0.241152 0.710843
2 0.236634 0.693201 0.272967 0.693201 0.270896 0.712564 0.249624 0.711704 0.23494 0.712564
