3 0.017067 0.29359 0.015625 0.298397 0.029567 0.299359 0.03101 0.295192
2 0.019231 0.285897 0.012981 0.299359 0.039663 0.300962 0.044952 0.288782
3 0.312981 0.274679 0.3125 0.279167 0.334615 0.282372 0.335096 0.278205
2 0.313702 0.268269 0.311298 0.280128 0.335577 0.283013 0.335817 0.271474
3 0.334135 0.35 0.336779 0.374359 0.342308 0.373397 0.339423 0.349359
2 0.331971 0.349359 0.335096 0.375321 0.35 0.373397 0.345913 0.347756
3 0.525 0.273397 0.525 0.276282 0.545913 0.274038 0.545913 0.272115
2 0.524038 0.267308 0.524279 0.276923 0.546394 0.275962 0.545913 0.266026
3 0.526923 0.311538 0.527163 0.315064 0.55024 0.313141 0.55024 0.309936
2 0.525721 0.304808 0.526202 0.315385 0.551202 0.313782 0.550481 0.302885
3 0.530769 0.353846 0.53101 0.358333 0.555048 0.35609 0.554567 0.351603
2 0.529808 0.346154 0.530769 0.359295 0.55649 0.35641 0.555288 0.344231
3 0.535577 0.368269 0.536298 0.372756 0.560096 0.372756 0.562019 0.371795 0.561298 0.367949
2 0.534375 0.361859 0.535817 0.373718 0.562981 0.372756 0.561538 0.366346 0.558654 0.361538
3 0.57476 0.304808 0.575 0.308974 0.59351 0.308974 0.596875 0.307051 0.596875 0.304167
2 0.571875 0.298718 0.572356 0.310897 0.594952 0.309936 0.60024 0.305449 0.598798 0.297756
3 0.578125 0.348397 0.578365 0.352564 0.602404 0.351282 0.601923 0.347115
2 0.57476 0.342308 0.57524 0.354808 0.603365 0.352885 0.602163 0.340385
3 0.590385 0.398718 0.590385 0.403526 0.614423 0.401923 0.613942 0.397756
2 0.588942 0.391667 0.589904 0.404167 0.615144 0.402244 0.613702 0.389744
3 0.91226 0.308013 0.91274 0.311538 0.933173 0.313782 0.932933 0.310256
2 0.906971 0.300962 0.910337 0.3125 0.934615 0.314744 0.931731 0.302885
3 0.961298 0.333654 0.969952 0.357692 0.975481 0.357051 0.965385 0.333654
2 0.953365 0.333333 0.963462 0.360897 0.977404 0.358974 0.965625 0.330449
3 0.069712 0.492628 0.06875 0.499038 0.085337 0.5 0.085817 0.494231
2 0.070913 0.483013 0.065865 0.500962 0.086779 0.502244 0.089183 0.493269 0.100481 0.49359 0.101923 0.483654
3 0.162981 0.515705 0.163702 0.526923 0.169471 0.526923 0.168269 0.515064
2 0.161779 0.513462 0.16226 0.527885 0.18125 0.527244 0.178846 0.509615
3 0.2 0.616026 0.199279 0.622756 0.218269 0.622436 0.219231 0.616026
2 0.200721 0.604167 0.196394 0.62468 0.21899 0.62468 0.219712 0.610256 0.234135 0.609295 0.234375 0.603205
3 0.420673 0.520513 0.421154 0.525962 0.448798 0.527564 0.447837 0.521795
2 0.417308 0.514103 0.418269 0.526282 0.45 0.528526 0.447115 0.511538
3 0.415865 0.582051 0.415865 0.588462 0.445673 0.589423 0.445673 0.582692
2 0.413462 0.571795 0.4125 0.58718 0.415144 0.591346 0.446394 0.591667 0.447115 0.573077 0.413221 0.571154
3 0.575 0.558333 0.574038 0.563782 0.591586 0.56859 0.592308 0.5625
2 0.573558 0.547115 0.571875 0.564744 0.592067 0.569231 0.604327 0.569551 0.605288 0.556731 0.603365 0.553846
3 0.579327 0.592949 0.585096 0.626282 0.590385 0.624359 0.584856 0.592949
2 0.568029 0.592949 0.575 0.629808 0.592067 0.628526 0.585096 0.592308
3 0.651442 0.508013 0.652404 0.513141 0.680048 0.511859 0.679087 0.50641
2 0.646635 0.498397 0.65 0.514103 0.68149 0.512821 0.676202 0.494872
3 0.665625 0.582692 0.665385 0.588141 0.696154 0.592308 0.695433 0.586859
2 0.6625 0.570513 0.663462 0.589423 0.696875 0.593269 0.695433 0.573397
3 0.735337 0.553526 0.7375 0.558974 0.764663 0.554487 0.763702 0.548718
2 0.729567 0.543269 0.735337 0.56218 0.766827 0.555128 0.761058 0.536859
8 0.740144 0.589423 0.740144 0.596474 0.765144 0.595513 0.764663 0.588782
3 0.973558 0.478526 0.975721 0.483974 0.998798 0.480769 0.995673 0.475321
2 0.965144 0.470192 0.973317 0.484295 0.991827 0.483333 0.999519 0.480769 0.989664 0.465385
3 0.176202 0.780128 0.17524 0.789103 0.211538 0.784936 0.21226 0.776923
2 0.175481 0.765064 0.172356 0.790705 0.213221 0.786538 0.214423 0.760577
3 0.245433 0.766346 0.244952 0.776282 0.279567 0.77468 0.280288 0.767308
2 0.24375 0.752564 0.239183 0.776603 0.279808 0.779487 0.282933 0.750962
3 0.311058 0.790385 0.310577 0.798718 0.345192 0.799038 0.345913 0.791346
2 0.309375 0.776282 0.30601 0.801282 0.346394 0.800641 0.348317 0.776923
3 0.498317 0.75609 0.498798 0.763782 0.53149 0.76218 0.53149 0.754808
2 0.494471 0.742308 0.496394 0.765705 0.533654 0.764103 0.53125 0.740705
3 0.588221 0.702564 0.589423 0.710256 0.621635 0.703205 0.620673 0.696474
2 0.581971 0.689423 0.586298 0.711859 0.622836 0.704487 0.617548 0.681731
3 0.684135 0.723718 0.685096 0.731731 0.717308 0.732372 0.716106 0.725
2 0.678365 0.709936 0.68101 0.733013 0.718269 0.733974 0.715385 0.71891 0.710096 0.710577
3 0.773317 0.754808 0.775721 0.7625 0.806971 0.760577 0.805529 0.752885
2 0.767308 0.741667 0.772596 0.764103 0.808894 0.76218 0.802644 0.738782
