3 0.383848 0.298193 0.403614 0.296902 0.403614 0.300344 0.383848 0.301205
2 0.382154 0.292384 0.404179 0.291738 0.404744 0.300774 0.381965 0.30185
3 0.321724 0.299268 0.340361 0.298623 0.33942 0.302281 0.321348 0.302065
2 0.320971 0.29389 0.341679 0.29389 0.339797 0.303571 0.318901 0.302926
3 0.44823 0.350043 0.46988 0.350258 0.46988 0.355422 0.44936 0.354131
2 0.446913 0.344664 0.471197 0.344449 0.470256 0.355637 0.449736 0.354776 0.448042 0.352625 0.445783 0.352625
3 0.449172 0.319062 0.469315 0.318417 0.469126 0.321859 0.44936 0.321859
2 0.447289 0.312823 0.469503 0.312392 0.46988 0.322719 0.446913 0.322504
3 0.451054 0.288726 0.470256 0.289587 0.470444 0.293244 0.451242 0.291738
2 0.449172 0.283778 0.471574 0.284639 0.471009 0.29432 0.448795 0.292814
3 0.450489 0.258391 0.450866 0.261618 0.46988 0.260972 0.46988 0.2571
2 0.448419 0.253873 0.470256 0.252797 0.471009 0.261403 0.449736 0.262478
3 0.604104 0.331971 0.625 0.332616 0.623117 0.334983 0.604292 0.334983
2 0.602974 0.326807 0.625188 0.327668 0.62613 0.332401 0.624059 0.335628 0.603539 0.335413
3 0.732116 0.284854 0.752259 0.28722 0.752824 0.290663 0.731928 0.287651
2 0.729669 0.27926 0.751694 0.282057 0.753577 0.291523 0.730422 0.288081
3 0.163404 0.531842 0.171498 0.534208 0.181852 0.538511 0.179782 0.543029 0.16058 0.535929
2 0.165098 0.523881 0.185241 0.532057 0.17997 0.545826 0.158133 0.537005
3 0.211785 0.474398 0.210843 0.478485 0.232304 0.479131 0.233057 0.475258
2 0.211785 0.467513 0.234375 0.468158 0.232492 0.481282 0.209149 0.479991
3 0.267696 0.535499 0.26619 0.540232 0.291792 0.539802 0.292733 0.534423
2 0.268825 0.527324 0.295557 0.526893 0.292545 0.540878 0.266002 0.541308
3 0.298004 0.454604 0.321348 0.454604 0.320595 0.459122 0.297816 0.459122
2 0.296875 0.447289 0.322854 0.446213 0.320971 0.459768 0.295557 0.459337
3 0.380271 0.428141 0.37933 0.432444 0.402485 0.433735 0.403238 0.429647
2 0.380648 0.421041 0.405309 0.423193 0.403614 0.435241 0.377824 0.433305
3 0.380083 0.467728 0.404556 0.465146 0.404556 0.469449 0.379706 0.472246
2 0.379518 0.460198 0.405309 0.457616 0.405497 0.47074 0.37933 0.473752
3 0.366152 0.509036 0.390248 0.508606 0.390248 0.5142 0.366152 0.513554
2 0.365023 0.500861 0.39119 0.501506 0.390813 0.516136 0.363328 0.514845
3 0.469126 0.515921 0.495105 0.516997 0.494541 0.522806 0.469503 0.520869
2 0.467432 0.5071 0.495858 0.507315 0.495482 0.523021 0.467244 0.52216
3 0.465926 0.474613 0.490211 0.472676 0.490023 0.47784 0.466114 0.478701
2 0.463102 0.465792 0.489834 0.464286 0.490587 0.478916 0.463479 0.479776
3 0.47195 0.427281 0.496423 0.427926 0.49567 0.432874 0.47195 0.432014
2 0.470633 0.420181 0.496988 0.419966 0.496423 0.433305 0.470633 0.432874
3 0.670369 0.476334 0.695407 0.47741 0.695971 0.482573 0.669992 0.481067
2 0.668486 0.469234 0.695971 0.47031 0.697289 0.484509 0.669616 0.482573
3 0.653614 0.570138 0.680346 0.570568 0.680723 0.575516 0.654367 0.574871
2 0.650979 0.561317 0.679593 0.561532 0.682041 0.563898 0.682229 0.577453 0.653614 0.576162
3 0.736822 0.483219 0.759789 0.486016 0.759789 0.490534 0.736634 0.487522
2 0.734563 0.475473 0.759413 0.478916 0.760166 0.491609 0.735316 0.489028
3 0.790286 0.681153 0.817206 0.689114 0.816453 0.695138 0.790474 0.687823
2 0.785768 0.671256 0.818901 0.678787 0.817018 0.696644 0.78991 0.688468
3 0.717432 0.69858 0.747553 0.69858 0.747364 0.705465 0.719126 0.704604
3 0.716867 0.736016 0.746423 0.733649 0.746988 0.739673 0.718374 0.7429
2 0.715926 0.688038 0.7468 0.688468 0.749247 0.70654 0.716867 0.706756
2 0.712726 0.725473 0.744729 0.722031 0.748494 0.741179 0.71762 0.744406
3 0.646837 0.689329 0.675075 0.692126 0.675075 0.69815 0.646649 0.695783
3 0.651544 0.728055 0.680723 0.729561 0.681099 0.7358 0.651355 0.734509
2 0.648155 0.717943 0.681099 0.717298 0.682605 0.737737 0.649661 0.736446
2 0.644578 0.678571 0.676017 0.681153 0.676958 0.699871 0.645331 0.69815
3 0.608434 0.659854 0.635919 0.659639 0.635919 0.665232 0.608998 0.665878
2 0.603539 0.648451 0.635354 0.64759 0.637236 0.666093 0.605986 0.667169
7 0.53878 0.672762 0.583961 0.67642 0.583396 0.684811 0.538968 0.681368
6 0.537462 0.671687 0.584902 0.675559 0.584526 0.685671 0.537086 0.682229
3 0.478916 0.648666 0.505836 0.652324 0.505836 0.658563 0.478727 0.654905
2 0.478163 0.636618 0.506965 0.641781 0.507154 0.659423 0.475151 0.655551
3 0.348456 0.682444 0.374812 0.688253 0.373682 0.694277 0.34808 0.687823
2 0.348645 0.671472 0.377447 0.678356 0.373494 0.695783 0.34488 0.689114
3 0.261483 0.667599 0.288215 0.666738 0.287086 0.672332 0.261107 0.672762
3 0.143449 0.655336 0.165474 0.657702 0.164345 0.662866 0.142319 0.661145
2 0.26073 0.657057 0.289721 0.656842 0.288027 0.675129 0.259224 0.674914
2 0.143825 0.644578 0.168486 0.647806 0.164345 0.663726 0.140625 0.66136
3 0.061747 0.64759 0.072666 0.620912 0.076619 0.622203 0.065324 0.648666
2 0.068336 0.61704 0.078502 0.620697 0.065889 0.651248 0.055158 0.647806
