1 0.326683 0.196795 0.278365 0.188141 0.245433 0.182692 0.245192 0.197436 0.330529 0.210897 0.329808 0.196154
0 0.329087 0.154487 0.3 0.153846 0.241587 0.142628 0.241346 0.200321 0.333654 0.216026 0.330769 0.172756
1 0.65 0.20609 0.638221 0.203205 0.621875 0.19968 0.616827 0.199359 0.61851 0.20609 0.636779 0.209615 0.651923 0.2125 0.651683 0.20609
1 0.652404 0.214744 0.629808 0.210577 0.617067 0.208654 0.61875 0.215705 0.655529 0.222756 0.655529 0.215385
1 0.65601 0.225 0.620192 0.219231 0.621635 0.226282 0.658894 0.232372 0.658173 0.225321
0 0.661538 0.196154 0.640625 0.190064 0.609615 0.182692 0.603365 0.180128 0.617788 0.228526 0.656731 0.236538 0.679327 0.241026 0.667548 0.207692
1 0.708894 0.219231 0.69351 0.214423 0.676442 0.210256 0.677885 0.218269 0.710577 0.226923 0.711538 0.220192
1 0.7125 0.229487 0.695433 0.224679 0.679087 0.220513 0.68125 0.228205 0.714423 0.236218 0.714423 0.229808
1 0.715865 0.238462 0.682212 0.230449 0.684135 0.237179 0.717548 0.245513 0.717788 0.238782
0 0.722596 0.209295 0.701683 0.204808 0.664183 0.195833 0.674519 0.222436 0.679567 0.239744 0.7375 0.255128 0.724038 0.215385
1 0.765625 0.237179 0.755769 0.232372 0.746154 0.229167 0.736058 0.227244 0.73726 0.233974 0.749519 0.236859 0.761779 0.242628 0.767067 0.245192 0.766587 0.239744
1 0.768269 0.248397 0.757212 0.244231 0.740625 0.2375 0.738942 0.2375 0.740625 0.244872 0.75024 0.247756 0.770914 0.254487 0.771394 0.252244 0.770914 0.248077
1 0.772837 0.25641 0.760817 0.253205 0.743029 0.247115 0.743029 0.249679 0.744471 0.253205 0.761298 0.259615 0.77476 0.263782 0.774279 0.256731
0 0.776923 0.225321 0.764663 0.222115 0.75649 0.215705 0.748317 0.213782 0.725 0.210256 0.740625 0.254487 0.758413 0.261538 0.791586 0.274359 0.779567 0.232372
1 0.729086 0.274038 0.707692 0.26891 0.694952 0.267628 0.695913 0.274038 0.73149 0.28141 0.731731 0.274359
1 0.733173 0.284615 0.715865 0.280449 0.697356 0.276923 0.699279 0.285256 0.736298 0.293269 0.736058 0.284936
1 0.73774 0.295833 0.702163 0.288141 0.704087 0.296154 0.739423 0.305128
0 0.740385 0.264423 0.731971 0.261218 0.722837 0.258333 0.713221 0.257692 0.682212 0.249038 0.699038 0.3 0.758173 0.314103 0.742548 0.26891
1 0.786779 0.294551 0.782212 0.291026 0.771154 0.289423 0.753365 0.284295 0.755048 0.291026 0.77476 0.296795 0.789183 0.30032 0.788942 0.295513
1 0.789904 0.302564 0.776923 0.29968 0.757933 0.295192 0.759615 0.302885 0.792067 0.309936 0.792067 0.304167
1 0.794952 0.313782 0.786058 0.310897 0.759856 0.305769 0.761298 0.313782 0.780529 0.317949 0.796875 0.321154 0.796635 0.316346
0 0.795433 0.287821 0.782212 0.28109 0.776202 0.275962 0.765865 0.273397 0.743269 0.266987 0.759375 0.314423 0.761779 0.316026 0.776442 0.320192 0.783414 0.322756 0.792308 0.322756 0.801442 0.327885 0.813462 0.334295 0.814664 0.333654 0.799038 0.294231 0.796154 0.288462
5 0.617548 0.508654 0.571875 0.500641 0.572356 0.509936 0.617548 0.517628
4 0.619712 0.50641 0.570673 0.497756 0.570673 0.51218 0.619471 0.519872
5 0.604086 0.444551 0.579808 0.440385 0.579808 0.448077 0.606731 0.453205 0.606971 0.445192
4 0.60649 0.442308 0.574038 0.435256 0.561058 0.43109 0.561538 0.445192 0.609615 0.455128 0.610096 0.442628
3 0.826683 0.524359 0.811538 0.527244 0.8125 0.531731 0.829087 0.528846 0.827644 0.524359
2 0.823077 0.516026 0.80649 0.51891 0.81226 0.533333 0.829808 0.529487 0.825481 0.519551
3 0.069231 0.644872 0.029087 0.644551 0.028125 0.65032 0.06875 0.653205
2 0.071154 0.631731 0.029327 0.630449 0.025721 0.653526 0.069231 0.654167 0.072356 0.633333
3 0.165865 0.671154 0.14351 0.673077 0.14375 0.68109 0.16851 0.680128 0.16875 0.671795
2 0.176683 0.657051 0.140385 0.660256 0.141587 0.681731 0.182452 0.680449 0.18125 0.657372
3 0.171875 0.742949 0.147356 0.736859 0.145913 0.746154 0.169471 0.752244
2 0.189423 0.732692 0.149038 0.723718 0.142548 0.746474 0.185577 0.757051 0.189904 0.733974 0.189183 0.735256
5 0.332933 0.586859 0.289423 0.583013 0.288221 0.597756 0.334856 0.600641
4 0.336298 0.583974 0.258413 0.577885 0.258413 0.599038 0.338462 0.605128 0.338462 0.586218
5 0.333173 0.696474 0.289423 0.691987 0.285577 0.691987 0.285096 0.704808 0.285096 0.709936 0.336058 0.711538
4 0.336298 0.692628 0.254567 0.686218 0.253365 0.713141 0.340144 0.714103
3 0.392067 0.611859 0.372115 0.611218 0.371635 0.61891 0.392308 0.619231
2 0.399519 0.602244 0.36899 0.60032 0.36851 0.620833 0.402163 0.620833
3 0.442067 0.761859 0.411779 0.75641 0.411538 0.764423 0.442308 0.769231
2 0.44399 0.747436 0.410577 0.741987 0.410577 0.764423 0.443029 0.770833
3 0.561058 0.658333 0.544712 0.659295 0.544712 0.666987 0.561779 0.665064
2 0.56851 0.646474 0.541106 0.648077 0.54375 0.667949 0.571875 0.665385
3 0.580288 0.7625 0.562981 0.764744 0.564423 0.772115 0.582452 0.771154
2 0.589904 0.74968 0.560817 0.753205 0.563702 0.774359 0.564183 0.776923 0.594712 0.771795
3 0.644712 0.770192 0.628125 0.770833 0.628365 0.778205 0.645673 0.778526
2 0.651202 0.758974 0.624279 0.757692 0.627404 0.778846 0.654567 0.778526
5 0.649279 0.64968 0.619471 0.649359 0.620433 0.659615 0.65024 0.660897
4 0.65 0.644231 0.595433 0.639103 0.598077 0.66218 0.653125 0.66218
5 0.711538 0.674038 0.673317 0.671795 0.674519 0.680449 0.714183 0.683013
4 0.713221 0.671474 0.672596 0.670513 0.672837 0.683013 0.716106 0.684615
3 0.741827 0.755769 0.718029 0.752885 0.71851 0.758974 0.743029 0.7625
2 0.739183 0.744231 0.715385 0.740705 0.717308 0.761218 0.744471 0.763141 0.742788 0.744231
5 0.77476 0.661859 0.741587 0.661859 0.742788 0.669551 0.776923 0.669551
4 0.776442 0.658974 0.740385 0.658974 0.741587 0.672436 0.779327 0.671795
5 0.796875 0.747436 0.764663 0.748077 0.766106 0.75641 0.797837 0.756731
4 0.797837 0.744872 0.763702 0.746795 0.763702 0.758654 0.799519 0.758974 0.800481 0.745192
3 0.851442 0.683013 0.832692 0.684615 0.832692 0.689744 0.852644 0.688141 0.852885 0.683013
2 0.848558 0.672436 0.828846 0.673397 0.83101 0.682372 0.832452 0.690385 0.853125 0.688782 0.853365 0.683013 0.850721 0.678526
5 0.879808 0.74391 0.852163 0.743269 0.853846 0.750641 0.882452 0.750962 0.881731 0.74391
4 0.880048 0.7375 0.832692 0.736218 0.836538 0.751603 0.851923 0.751923 0.883413 0.751923 0.882692 0.73782
5 0.171394 0.619872 0.170673 0.632692 0.218029 0.637821 0.218269 0.623077
4 0.140385 0.608333 0.137981 0.631731 0.219952 0.640385 0.220433 0.617628 0.175481 0.6125
5 0.403365 0.698077 0.403606 0.702885 0.424519 0.705128 0.424038 0.699359
4 0.38125 0.690385 0.38125 0.705449 0.424519 0.708333 0.42476 0.693269 0.391346 0.691026
5 0.571875 0.740705 0.572115 0.748397 0.58149 0.748077 0.588462 0.747436 0.59375 0.749038 0.593269 0.741346
4 0.548317 0.738782 0.549038 0.747115 0.568029 0.748718 0.572836 0.749038 0.584856 0.748077 0.588702 0.747756 0.59399 0.750641 0.59375 0.739744 0.574279 0.739103
5 0.650721 0.740705 0.651202 0.749038 0.673077 0.749359 0.672356 0.741346
4 0.631971 0.738782 0.632212 0.749359 0.6625 0.751282 0.673798 0.751282 0.673317 0.739744 0.647837 0.738782
8 0.403365 0.600962 0.404087 0.650962 0.440144 0.65609 0.437981 0.59968 0.403606 0.594872
