3 0.040286 0.69191 0.05384 0.694062 0.052899 0.699871 0.03878 0.697504
2 0.042357 0.681153 0.061935 0.684165 0.059676 0.703313 0.036898 0.69858
3 0.115399 0.776678 0.131589 0.77969 0.130271 0.787436 0.112952 0.783993
2 0.11634 0.765706 0.139495 0.769578 0.141943 0.776248 0.139119 0.789802 0.112199 0.785069
3 0.129706 0.705465 0.14552 0.708907 0.143825 0.716007 0.128012 0.71278
2 0.130271 0.694277 0.155685 0.698795 0.155497 0.703744 0.15192 0.719234 0.126694 0.714071
3 0.15625 0.641997 0.170369 0.644148 0.169239 0.651463 0.154556 0.648666
2 0.156815 0.632745 0.178464 0.634897 0.176205 0.653399 0.152861 0.649527
3 0.168863 0.580465 0.182229 0.582616 0.181288 0.588425 0.166792 0.586274
2 0.169051 0.570998 0.192583 0.57401 0.188441 0.591437 0.165286 0.587134
3 0.259413 0.564759 0.273908 0.567556 0.272779 0.573365 0.25753 0.570783
2 0.260354 0.557659 0.284074 0.561317 0.285015 0.563683 0.280685 0.575732 0.255648 0.572074
3 0.247741 0.609509 0.262801 0.611231 0.261672 0.61747 0.2468 0.615534
2 0.248494 0.601334 0.274661 0.604561 0.271273 0.620482 0.244729 0.616824
3 0.234752 0.658778 0.25 0.662651 0.248117 0.66932 0.232681 0.666093
2 0.236069 0.648666 0.262048 0.65383 0.262613 0.658133 0.258283 0.672978 0.230798 0.666523
3 0.222892 0.708692 0.237764 0.711058 0.236634 0.718374 0.220256 0.715577
2 0.223645 0.697935 0.252824 0.702668 0.246235 0.722676 0.21762 0.717943
3 0.206325 0.762263 0.222327 0.765706 0.221197 0.773021 0.203313 0.769578 0.205949 0.761618
2 0.206137 0.751506 0.235505 0.75753 0.231363 0.777754 0.200489 0.771945
3 0.292357 0.803787 0.307605 0.808735 0.307229 0.81691 0.288592 0.812177
2 0.290851 0.790448 0.322477 0.797547 0.318712 0.820138 0.286333 0.813038
3 0.306099 0.7358 0.323607 0.74204 0.320783 0.750215 0.303464 0.744836
2 0.306476 0.726549 0.337161 0.735155 0.330761 0.755164 0.301205 0.745052
3 0.318901 0.664587 0.345444 0.66889 0.34488 0.674914 0.318336 0.671687
2 0.318901 0.654475 0.347892 0.658993 0.345256 0.677496 0.314947 0.672978 0.318336 0.65426
3 0.383848 0.819277 0.403426 0.821859 0.402861 0.83068 0.382342 0.828313
2 0.382342 0.806799 0.413215 0.808735 0.418675 0.817771 0.415663 0.834552 0.379895 0.829819
3 0.39119 0.71364 0.40945 0.710843 0.409827 0.717943 0.390248 0.720095 0.389872 0.714286
2 0.388554 0.702022 0.417733 0.699656 0.421687 0.703744 0.421875 0.719664 0.388366 0.721386
3 0.401544 0.656196 0.420746 0.658778 0.420369 0.666523 0.400414 0.664802
2 0.400226 0.646084 0.432417 0.649312 0.430346 0.668244 0.397779 0.664587
3 0.482869 0.631024 0.498494 0.63253 0.498682 0.6392 0.481551 0.637263
2 0.480233 0.619836 0.512048 0.620912 0.509977 0.640921 0.478163 0.638984
3 0.482869 0.690835 0.500565 0.693201 0.500565 0.700516 0.482681 0.69815
2 0.481551 0.679862 0.513366 0.683305 0.513366 0.703528 0.479669 0.69901
3 0.477974 0.763554 0.508471 0.766351 0.508283 0.773451 0.477598 0.771084
2 0.475339 0.750645 0.509601 0.753873 0.509601 0.775602 0.473645 0.7713
3 0.472703 0.828959 0.505083 0.833046 0.504518 0.841437 0.472515 0.836919
2 0.469691 0.815189 0.506777 0.819707 0.505836 0.843158 0.468562 0.839286
3 0.576242 0.831756 0.596009 0.835628 0.595256 0.844449 0.574925 0.840792
2 0.573042 0.819062 0.609752 0.824871 0.608622 0.848107 0.572101 0.841867
3 0.564947 0.754303 0.583961 0.760972 0.582078 0.768933 0.562876 0.762048
2 0.564006 0.74247 0.596386 0.753012 0.598268 0.756885 0.595068 0.774312 0.559864 0.761403
3 0.566453 0.691265 0.584149 0.692986 0.584149 0.700732 0.566265 0.69858
2 0.563441 0.679647 0.596009 0.683735 0.596197 0.703528 0.562876 0.69901 0.563441 0.680077
3 0.670557 0.842728 0.690136 0.842728 0.690889 0.850688 0.671498 0.850473
2 0.665474 0.83025 0.703313 0.829389 0.705949 0.855207 0.667357 0.85327
3 0.753953 0.809596 0.773155 0.811747 0.773343 0.820998 0.753953 0.81648
2 0.750753 0.796041 0.774473 0.800129 0.775038 0.82315 0.75113 0.818632
3 0.762613 0.771084 0.78125 0.770009 0.782191 0.777969 0.763554 0.778399
2 0.758095 0.759251 0.792169 0.75753 0.794804 0.77883 0.759224 0.77926
3 0.84695 0.732788 0.866717 0.731928 0.867282 0.741394 0.847703 0.741179
2 0.842809 0.720525 0.875565 0.720955 0.880083 0.741179 0.845821 0.74247
3 0.926393 0.811747 0.956514 0.813683 0.957455 0.821213 0.92564 0.818417 0.924511 0.811962
2 0.920557 0.799268 0.955572 0.801635 0.958773 0.823365 0.924322 0.819492
3 0.916792 0.742685 0.944654 0.7429 0.945971 0.75043 0.918863 0.75043
2 0.912274 0.731713 0.943712 0.732358 0.948042 0.752797 0.915474 0.752582
5 0.369164 0.920396 0.367658 0.928356 0.396837 0.932444 0.397026 0.924053
4 0.356363 0.915232 0.402297 0.922978 0.398532 0.935026 0.353539 0.927281
3 0.306852 0.984294 0.326619 0.986231 0.326054 0.995697 0.306099 0.993546
2 0.305158 0.968589 0.335467 0.972031 0.341679 0.980852 0.338291 0.998279 0.302523 0.994621
