1 0.172115 0.402564 0.169952 0.409615 0.197115 0.415064 0.21851 0.416346 0.220433 0.409295 0.197596 0.40609
0 0.175721 0.389103 0.164183 0.410897 0.220673 0.421795 0.234135 0.389744 0.19375 0.385577 0.181731 0.383333
1 0.032933 0.585577 0.028125 0.595513 0.048317 0.599359 0.061538 0.600641 0.101923 0.603846 0.10625 0.59359 0.072596 0.590705 0.047115 0.586859
0 0.047356 0.551923 0.037981 0.566667 0.020433 0.598397 0.054087 0.606731 0.105048 0.610577 0.119231 0.58718 0.130048 0.558654 0.088462 0.554808
1 0.411779 0.390705 0.412019 0.395192 0.428846 0.396474 0.440385 0.396795 0.458413 0.396795 0.457933 0.391346 0.443269 0.391026 0.429087 0.390705 0.41875 0.390385
0 0.406971 0.373077 0.40625 0.397756 0.423798 0.398718 0.445192 0.398397 0.462019 0.398718 0.460817 0.374038 0.435337 0.375641 0.416827 0.374679
1 0.430769 0.633974 0.427885 0.64359 0.448077 0.650962 0.462981 0.654487 0.491587 0.66218 0.49351 0.652564 0.460817 0.642628 0.446154 0.638462
0 0.435577 0.596795 0.421875 0.64359 0.449279 0.65609 0.472356 0.661538 0.497837 0.669872 0.50625 0.616346 0.478606 0.607692 0.451202 0.601923
1 0.80649 0.604167 0.810096 0.615385 0.844952 0.611859 0.869712 0.611538 0.865865 0.602244 0.845433 0.602244 0.826683 0.602244 0.809135 0.603205
0 0.788942 0.578526 0.805529 0.618269 0.8375 0.617308 0.876923 0.616026 0.863462 0.589423 0.850962 0.573077 0.826683 0.575962 0.808894 0.578205
1 0.9 0.44391 0.902885 0.44968 0.921394 0.450641 0.933654 0.45032 0.949279 0.450641 0.946154 0.445833 0.929327 0.444551 0.913942 0.443269
0 0.884375 0.42468 0.8875 0.436538 0.902885 0.452885 0.953606 0.451282 0.936538 0.425 0.906731 0.424359
