1 0.138462 0.360577 0.194471 0.363782 0.19351 0.369872 0.136779 0.367628 0.137981 0.360256
0 0.143269 0.345192 0.203125 0.347436 0.194471 0.372436 0.131971 0.371154 0.13149 0.369231 0.138942 0.355128
1 0.323798 0.398397 0.377885 0.390064 0.378365 0.397756 0.323558 0.40609 0.322837 0.399679
0 0.317308 0.379167 0.375962 0.369551 0.38101 0.398397 0.319231 0.408654
1 0.482933 0.416987 0.505529 0.418269 0.53149 0.420833 0.531971 0.428205 0.482692 0.425641
0 0.478365 0.399038 0.534375 0.40609 0.535817 0.43141 0.478365 0.430769 0.477885 0.408013
1 0.663221 0.439423 0.706731 0.447436 0.707452 0.453846 0.663702 0.447756 0.661538 0.440064
0 0.64976 0.419872 0.70024 0.424038 0.70649 0.436218 0.713221 0.45641 0.657452 0.45032 0.654567 0.438141
1 0.855048 0.434936 0.898317 0.436859 0.902885 0.443269 0.858413 0.440385 0.854567 0.435256
0 0.836298 0.415385 0.884615 0.417308 0.907692 0.444231 0.85625 0.442308
1 0.335337 0.647756 0.410577 0.658974 0.410096 0.670192 0.333894 0.660256
0 0.33726 0.60641 0.419712 0.618269 0.4125 0.67532 0.325721 0.665385 0.334375 0.63109
1 0.715144 0.623397 0.783894 0.631731 0.786779 0.642308 0.718269 0.633013 0.713942 0.62468
0 0.700481 0.584936 0.776202 0.595513 0.795192 0.647756 0.713221 0.635897 0.701923 0.604167 0.699519 0.595833
