3 0.076431 0.428356 0.112575 0.428141 0.111258 0.435026 0.075113 0.434596
2 0.077748 0.416523 0.072289 0.437177 0.112011 0.436747 0.116152 0.416738
3 0.148908 0.434811 0.181099 0.433305 0.180723 0.440189 0.148343 0.44105
2 0.149096 0.423623 0.14552 0.443847 0.182605 0.442771 0.185617 0.422117
3 0.230422 0.437392 0.26506 0.439114 0.264872 0.446429 0.23061 0.444062
2 0.228916 0.424484 0.226657 0.43352 0.226468 0.445783 0.265437 0.44815 0.265813 0.437177 0.266943 0.42599
3 0.329066 0.411145 0.363328 0.41222 0.363328 0.41846 0.328878 0.417169
2 0.32756 0.401463 0.326807 0.418675 0.364458 0.419966 0.363893 0.40383 0.361258 0.401678
3 0.467244 0.420181 0.498682 0.413941 0.5 0.420181 0.468938 0.426205
2 0.461032 0.409423 0.495294 0.403184 0.497364 0.404905 0.500941 0.420611 0.469126 0.427711 0.465926 0.427496 0.460843 0.410069
3 0.540474 0.21364 0.542357 0.237737 0.548004 0.237737 0.54631 0.213855
2 0.532003 0.213855 0.533509 0.239243 0.549699 0.238812 0.546875 0.212349 0.532191 0.212349
7 0.265248 0.218804 0.299699 0.220095 0.329443 0.221386 0.342997 0.222031 0.342432 0.230852 0.262801 0.226334 0.262801 0.218374
6 0.266566 0.216652 0.344503 0.21988 0.343938 0.232143 0.260354 0.22827 0.260919 0.216437
7 0.289533 0.171902 0.35561 0.173838 0.354669 0.182659 0.287274 0.180723 0.288215 0.172117
6 0.287462 0.170396 0.356739 0.172547 0.355986 0.183735 0.285768 0.182229
3 0.513554 0.212565 0.513742 0.22741 0.519014 0.227194 0.518449 0.212349
2 0.513178 0.211274 0.528238 0.210843 0.528803 0.237091 0.513554 0.237091
3 0.224398 0.2358 0.252447 0.240318 0.250753 0.245267 0.223456 0.240749
2 0.227221 0.226764 0.221009 0.240964 0.251318 0.246773 0.257154 0.232573
