1 0.08726 0.320192 0.084615 0.327564 0.137981 0.338782 0.140625 0.33109
0 0.091827 0.295513 0.077885 0.328846 0.142308 0.341346 0.157692 0.303846
1 0.47476 0.379808 0.475721 0.385256 0.523317 0.393269 0.523317 0.38782
0 0.46899 0.35609 0.471635 0.38718 0.527885 0.396795 0.522115 0.368269
1 0.89351 0.416026 0.895914 0.422756 0.936058 0.434615 0.934375 0.426923
0 0.880288 0.389423 0.892067 0.425 0.942308 0.439744 0.930529 0.40609
1 0.590625 0.609936 0.591106 0.620192 0.630288 0.621474 0.628125 0.611538
0 0.555769 0.569872 0.560336 0.591987 0.564664 0.623718 0.6375 0.627244 0.627644 0.590705 0.622836 0.571154
1 0.759615 0.58141 0.762981 0.591026 0.81899 0.602885 0.816106 0.593269
0 0.744471 0.54359 0.759856 0.594872 0.825 0.608013 0.806731 0.557372
1 0.344471 0.639744 0.344712 0.647115 0.377644 0.651603 0.406731 0.653526 0.406971 0.646474
0 0.344231 0.603526 0.335577 0.648077 0.371394 0.655769 0.378365 0.659295 0.407692 0.659295 0.408413 0.608974
