3 0.540474 0.507745 0.540286 0.51506 0.571536 0.515921 0.571536 0.509682
2 0.537839 0.498924 0.537086 0.517642 0.572477 0.518718 0.572101 0.500645
3 0.53878 0.607573 0.538968 0.614243 0.572289 0.614243 0.571913 0.607788
2 0.53558 0.594449 0.536333 0.615964 0.573607 0.615749 0.573042 0.594019
3 0.64872 0.391781 0.649473 0.396515 0.676393 0.396299 0.676205 0.391566
2 0.644578 0.38296 0.646649 0.397375 0.676958 0.396515 0.676205 0.38963 0.674134 0.382315
3 0.662462 0.481282 0.663215 0.487306 0.691453 0.487091 0.691077 0.480852
2 0.657568 0.471601 0.660768 0.488382 0.692395 0.487522 0.690324 0.472676 0.687876 0.470955
3 0.676393 0.578959 0.677146 0.585413 0.708396 0.584337 0.708396 0.577668
2 0.672252 0.56648 0.674511 0.587564 0.709902 0.586274 0.707643 0.56648
