3 0.367093 0.468374 0.367282 0.472892 0.390813 0.471386 0.390248 0.467083
2 0.364834 0.460198 0.365023 0.473322 0.392319 0.471601 0.392508 0.458046 0.36634 0.459552
2 0.251694 0.300344 0.25113 0.311102 0.274096 0.309165 0.275414 0.298193
3 0.252824 0.307229 0.252636 0.310456 0.272967 0.308735 0.272779 0.305508
2 0.47948 0.423838 0.47948 0.438038 0.506777 0.437823 0.506589 0.423408
3 0.482304 0.43309 0.482304 0.437392 0.505083 0.437392 0.505083 0.433305
3 0.863705 0.255594 0.865211 0.259036 0.876318 0.258606 0.875 0.254733
2 0.85881 0.249139 0.86314 0.259897 0.88573 0.258391 0.881589 0.247633 0.859752 0.248494
3 0.558923 0.77969 0.558735 0.800344 0.564006 0.800344 0.563818 0.780551
2 0.554593 0.773236 0.555535 0.815404 0.590361 0.815189 0.588667 0.773236
3 0.630271 0.77969 0.631212 0.799268 0.63686 0.798838 0.635166 0.77883
2 0.604669 0.768718 0.608622 0.809165 0.641566 0.805938 0.637236 0.765491
3 0.72741 0.773236 0.731551 0.805938 0.737387 0.804862 0.732492 0.77259
2 0.722515 0.766351 0.729104 0.807659 0.761295 0.80185 0.754706 0.761188 0.724398 0.765491
3 0.830572 0.746558 0.830572 0.751936 0.853916 0.754948 0.853916 0.749139
2 0.82869 0.741394 0.828313 0.761403 0.859752 0.7642 0.858998 0.744621
3 0.471386 0.994836 0.471574 1.0 0.489834 1.0 0.48927 0.994191
2 0.470068 0.982573 0.470633 1.0 0.503765 1.0 0.5032 0.980852 0.470256 0.981497
1 0.168486 0.013124 0.168675 0.018718 0.176958 0.016997 0.199548 0.015275 0.199925 0.010542 0.174511 0.012478
1 0.171122 0.00753 0.170934 0.010972 0.191077 0.009466 0.20256 0.007745 0.202184 0.004733 0.183547 0.006454
1 0.387989 0.015921 0.387801 0.019148 0.400038 0.021515 0.409262 0.021084 0.422063 0.018718 0.42131 0.015706 0.413215 0.017212 0.408133 0.018072 0.402861 0.018718 0.397402 0.017212
1 0.389307 0.010542 0.388742 0.013985 0.399661 0.015921 0.408697 0.015921 0.417169 0.01506 0.422628 0.013769 0.422063 0.010972 0.415663 0.011618 0.409074 0.012263 0.401732 0.012909 0.393072 0.011403
1 0.39119 0.006885 0.390813 0.009466 0.400791 0.010757 0.411898 0.010327 0.423193 0.009036 0.422816 0.006024 0.416416 0.006885 0.411333 0.00753 0.40512 0.007745 0.401167 0.007745 0.393637 0.007315
1 0.391002 0.002151 0.390437 0.004733 0.401167 0.005379 0.412086 0.005164 0.423569 0.004088 0.423758 0.001076 0.416227 0.001936 0.403803 0.002151 0.394578 0.002582
0 0.387236 0.00043 0.381401 0.029905 0.391378 0.032272 0.413027 0.032917 0.430723 0.026678 0.4375 0.021515 0.439759 0.0 0.389872 0.0
0 0.173946 0.00043 0.164157 0.012048 0.164345 0.023881 0.215926 0.017212 0.220821 0.0
