3 0.336596 0.232358 0.336408 0.235585 0.346574 0.236446 0.350151 0.236015 0.360881 0.236446 0.360881 0.232788 0.350715 0.232143 0.344503 0.231713
2 0.336408 0.225043 0.333584 0.237306 0.34055 0.237522 0.35241 0.237737 0.361446 0.237952 0.362575 0.228055 0.354669 0.22741 0.343185 0.226119
3 0.327937 0.259466 0.327184 0.263339 0.334149 0.263984 0.339797 0.26506 0.344126 0.264845 0.35241 0.265921 0.353163 0.262694 0.341867 0.261188 0.333773 0.260112
2 0.327937 0.252582 0.324925 0.263554 0.334337 0.264845 0.35241 0.266566 0.355045 0.25667 0.332078 0.254303
3 0.510919 0.318201 0.511483 0.321859 0.537839 0.32358 0.538027 0.319923 0.52052 0.318417
2 0.510354 0.311532 0.510354 0.317126 0.510919 0.322935 0.525226 0.324441 0.53878 0.324441 0.53878 0.318417 0.537651 0.313253 0.524849 0.312177 0.515248 0.311532
3 0.506777 0.254948 0.506965 0.25796 0.512613 0.258176 0.51619 0.259036 0.519955 0.259251 0.523908 0.259466 0.529367 0.260542 0.529367 0.256885 0.521461 0.255809 0.514684 0.254518 0.510542 0.254518
2 0.504706 0.249355 0.504895 0.258391 0.515437 0.260327 0.521649 0.260972 0.530497 0.261403 0.529744 0.251721 0.521084 0.250861 0.51073 0.24957
3 0.806099 0.493761 0.807417 0.498064 0.815512 0.498709 0.822289 0.498709 0.829631 0.499139 0.828502 0.494191 0.819089 0.493761 0.813441 0.493546
2 0.801393 0.484725 0.805723 0.500215 0.817583 0.500861 0.830572 0.500645 0.828125 0.491609 0.824548 0.483864 0.814759 0.484725 0.807982 0.484725
3 0.849774 0.449441 0.851468 0.454604 0.858998 0.454389 0.864081 0.454819 0.870482 0.455465 0.869164 0.450732 0.862387 0.450516 0.855233 0.449656
2 0.844503 0.440835 0.849586 0.455034 0.872553 0.45611 0.869729 0.448365 0.865399 0.44191
3 0.916416 0.486446 0.917545 0.490749 0.924134 0.490964 0.932417 0.490964 0.935806 0.491394 0.934111 0.486661 0.925075 0.486231
2 0.912651 0.475688 0.917169 0.491179 0.936747 0.491609 0.929782 0.476764
3 0.885919 0.759682 0.887613 0.767427 0.91378 0.764415 0.912086 0.756239
2 0.881401 0.745912 0.886107 0.769363 0.91698 0.765706 0.910392 0.74204
3 0.942018 0.753012 0.944277 0.759682 0.950678 0.758606 0.95689 0.757315 0.965926 0.756024 0.964044 0.749785 0.954631 0.751506 0.947854 0.752152
2 0.937124 0.740749 0.942583 0.762263 0.969315 0.758606 0.960279 0.738167
7 0.669428 0.743761 0.673004 0.768718 0.703313 0.761188 0.722515 0.763339 0.746611 0.764845 0.777861 0.763339 0.77259 0.740103 0.746235 0.741179 0.720444 0.742255 0.700113 0.740103
6 0.750188 0.674053 0.732681 0.678571 0.738705 0.724613 0.73927 0.735155 0.667357 0.739243 0.671687 0.770869 0.703313 0.768287 0.723456 0.764845 0.755836 0.768287 0.780497 0.768287 0.775226 0.738167 0.761483 0.736231
3 0.764872 0.342083 0.76619 0.345955 0.77692 0.347031 0.78558 0.347676 0.784262 0.344234 0.775414 0.343158 0.768449 0.342298
2 0.76073 0.335628 0.764496 0.346816 0.786521 0.349398 0.782756 0.337995
3 0.627636 0.283348 0.628012 0.286575 0.630648 0.28722 0.636295 0.287866 0.639872 0.288726 0.643449 0.289157 0.647402 0.288726 0.647779 0.285929 0.643637 0.285714 0.640248 0.284854 0.634977 0.284423 0.630648 0.283563
2 0.622929 0.277539 0.624812 0.28679 0.630648 0.288081 0.640437 0.289372 0.644202 0.289802 0.647402 0.289157 0.64872 0.289157 0.648155 0.285069 0.646273 0.28012 0.634977 0.27883 0.629142 0.278184
3 0.682229 0.277754 0.682605 0.280766 0.687688 0.280981 0.69183 0.281196 0.694842 0.281196 0.698042 0.282487 0.702937 0.282487 0.702748 0.279045 0.697854 0.279045 0.697101 0.27926 0.694654 0.278614 0.689571 0.278184 0.685429 0.277754 0.682605 0.277969
2 0.679593 0.271515 0.681099 0.280551 0.682041 0.281842 0.68637 0.281842 0.694089 0.282272 0.696348 0.282702 0.704631 0.282917 0.70369 0.277539 0.701996 0.273021 0.693524 0.272375 0.685429 0.27173
3 0.741717 0.296902 0.742093 0.299914 0.7468 0.299914 0.750941 0.300129 0.753389 0.300129 0.757342 0.30099 0.76186 0.30185 0.761483 0.299053 0.756024 0.297978 0.75113 0.297547 0.748682 0.296687 0.744917 0.296687
2 0.738328 0.290448 0.740587 0.299914 0.741152 0.300774 0.742846 0.300559 0.748117 0.300774 0.751883 0.30099 0.757342 0.302065 0.763178 0.302281 0.763178 0.300774 0.760354 0.292599 0.75433 0.292169 0.746423 0.291093 0.742093 0.290663
3 0.736446 0.263984 0.737199 0.267212 0.742282 0.267212 0.745294 0.267427 0.749247 0.267857 0.754895 0.268718 0.753953 0.265491 0.747364 0.26506 0.741152 0.2642
2 0.733246 0.258821 0.736446 0.268503 0.741717 0.268933 0.748494 0.269363 0.755836 0.270224 0.753012 0.261403 0.744164 0.260112 0.737764 0.259251
3 0.675264 0.46988 0.676017 0.476334 0.704254 0.477194 0.703502 0.470525
2 0.673381 0.46364 0.675452 0.47741 0.705572 0.477625 0.701242 0.462349 0.6843 0.462349
3 0.906815 0.637694 0.907568 0.643503 0.91378 0.643933 0.918675 0.645439 0.924134 0.6463 0.930158 0.64716 0.928652 0.641566 0.920934 0.640491 0.912651 0.638984
2 0.903614 0.628012 0.905874 0.645224 0.916416 0.64716 0.930723 0.648881 0.929782 0.640275 0.927334 0.63167 0.917733 0.629518 0.910392 0.628442
3 0.962726 0.641997 0.964044 0.647375 0.971197 0.64759 0.974774 0.647375 0.977221 0.647375 0.983434 0.648236 0.981739 0.642427 0.97308 0.642427 0.967244 0.641997
2 0.958584 0.632745 0.963102 0.648451 0.984563 0.648236 0.979292 0.6321 0.969126 0.63167
7 0.574736 0.409854 0.577372 0.424053 0.590173 0.422762 0.626506 0.422117 0.624812 0.409208 0.602974 0.409208 0.586596 0.409208
6 0.572289 0.406842 0.57436 0.425774 0.630459 0.423623 0.626883 0.404045
