1 0.075489 0.179217 0.106363 0.174268 0.105233 0.179862 0.075113 0.184811
1 0.071913 0.189114 0.102786 0.184165 0.101657 0.189759 0.070783 0.194923
0 0.07436 0.166738 0.070407 0.18352 0.064759 0.197074 0.058547 0.209552 0.111069 0.201377 0.124435 0.158348
1 0.375 0.178141 0.417357 0.178356 0.415851 0.188253 0.373494 0.187392
0 0.352974 0.146299 0.345821 0.17642 0.341491 0.194062 0.380648 0.191265 0.402108 0.191695 0.418298 0.192341 0.420369 0.182444 0.42564 0.174484 0.427146 0.157272 0.427899 0.150602
1 0.689947 0.149312 0.73061 0.149742 0.731363 0.155766 0.690324 0.155551
1 0.69183 0.158993 0.732492 0.159423 0.733246 0.165232 0.692395 0.165017
0 0.68317 0.133391 0.688253 0.181153 0.756024 0.18352 0.749435 0.135327
3 0.248682 0.638769 0.27805 0.638554 0.277108 0.645439 0.248306 0.645224
2 0.247929 0.630164 0.278991 0.629733 0.278614 0.64673 0.246988 0.64716
3 0.373682 0.648236 0.400791 0.647806 0.400602 0.65383 0.373682 0.65383
2 0.372553 0.638554 0.401544 0.638124 0.401732 0.655981 0.371611 0.65512 0.371235 0.638554
3 0.416416 0.644148 0.444465 0.642642 0.444465 0.648451 0.416604 0.649312
2 0.415286 0.634251 0.415474 0.650602 0.445218 0.650172 0.444654 0.63253
3 0.68317 0.489673 0.709714 0.487522 0.71009 0.492255 0.683735 0.494191
2 0.680346 0.479346 0.681664 0.495482 0.711408 0.4929 0.709902 0.477625
3 0.70256 0.563468 0.72948 0.561317 0.729857 0.567126 0.70369 0.569277
2 0.699172 0.552496 0.701242 0.570783 0.730798 0.568417 0.728727 0.550774
