3 0.501883 0.246773 0.503765 0.258391 0.508095 0.2571 0.505459 0.246343
2 0.492658 0.243546 0.496611 0.261833 0.509977 0.258821 0.506024 0.239458 0.492846 0.240749
5 0.393449 0.29475 0.393825 0.298408 0.418675 0.29389 0.420746 0.293029 0.419992 0.289802
4 0.392696 0.29389 0.393261 0.299268 0.42131 0.29432 0.420557 0.288941
5 0.468938 0.279475 0.469126 0.283348 0.495482 0.27926 0.494729 0.275818
4 0.467809 0.278614 0.468562 0.283993 0.496611 0.279905 0.49567 0.275172
5 0.554405 0.264415 0.554782 0.267857 0.57116 0.26506 0.570407 0.261833
4 0.55384 0.263769 0.554405 0.268503 0.571913 0.265706 0.570783 0.261188
5 0.447477 0.201377 0.447477 0.20525 0.472892 0.200301 0.472703 0.197504
4 0.446913 0.200732 0.447101 0.205465 0.473833 0.201162 0.473268 0.197074
5 0.52052 0.189544 0.521273 0.192556 0.544616 0.188683 0.544051 0.185456
4 0.519955 0.188898 0.520896 0.192986 0.545557 0.189114 0.544428 0.184811
4 0.798381 0.238812 0.803464 0.253227 0.853539 0.243761 0.849586 0.231928
5 0.821536 0.239888 0.823983 0.246988 0.85241 0.2429 0.849962 0.235585
