1 0.419471 0.352244 0.491106 0.366667 0.491106 0.380449 0.420913 0.367628
0 0.423798 0.311859 0.413942 0.372115 0.494712 0.386218 0.499038 0.327244
1 0.009856 0.251603 0.061058 0.253205 0.058894 0.261859 0.008654 0.261538
0 0.021875 0.222436 0.097596 0.226923 0.093029 0.242628 0.088702 0.25 0.078365 0.283654 0.051683 0.280449 0.011538 0.280769 0.000962 0.279487 0.001683 0.265064 0.013942 0.234615
1 0.745673 0.391667 0.817067 0.394551 0.818269 0.405449 0.747356 0.402564
0 0.732933 0.352564 0.736779 0.360897 0.740625 0.378526 0.746394 0.408333 0.797837 0.410256 0.822836 0.41218 0.815385 0.373397 0.801923 0.35641 0.749279 0.351603
3 0.889904 0.752885 0.917067 0.751282 0.91899 0.759615 0.891587 0.759615
2 0.884375 0.741346 0.909615 0.739103 0.915144 0.744551 0.920192 0.760897 0.890625 0.760897
8 0.885096 0.65609 0.909856 0.655449 0.914423 0.67532 0.889423 0.673718
8 0.880769 0.634295 0.904567 0.632372 0.909856 0.651603 0.886298 0.652564
8 0.711058 0.615064 0.713702 0.634295 0.720914 0.634615 0.738221 0.636538 0.735337 0.617308
8 0.483413 0.674038 0.483654 0.696795 0.490625 0.697115 0.509856 0.696795 0.509856 0.674359
8 0.158894 0.634615 0.186298 0.637821 0.182452 0.658013 0.153606 0.65609
8 0.222837 0.659295 0.25 0.6625 0.247115 0.682692 0.21875 0.68109
8 0.160096 0.594872 0.185577 0.596474 0.181971 0.614744 0.155529 0.613462
8 0.182692 0.523397 0.206731 0.525962 0.203125 0.542308 0.176683 0.541026
8 0.323077 0.489744 0.347115 0.492308 0.34351 0.508654 0.31899 0.50609
3 0.195433 0.576282 0.194471 0.581731 0.216106 0.584936 0.216587 0.579167
2 0.196875 0.566026 0.192067 0.582372 0.221154 0.586538 0.22524 0.569551
3 0.252163 0.526923 0.250962 0.532051 0.276923 0.536859 0.277885 0.53109
2 0.251202 0.517308 0.247837 0.532692 0.277404 0.53782 0.28125 0.522115
3 0.297837 0.557051 0.297356 0.563462 0.324279 0.565385 0.32524 0.559615
2 0.299038 0.547436 0.295673 0.563782 0.32476 0.566667 0.327404 0.551282
7 0.369231 0.680449 0.414904 0.680128 0.413942 0.694551 0.366587 0.691987
6 0.36851 0.678526 0.364904 0.693269 0.415625 0.695833 0.416587 0.678846
3 0.39351 0.539423 0.420433 0.541026 0.420433 0.546154 0.39351 0.544231
2 0.393029 0.529808 0.41899 0.53109 0.420913 0.533013 0.421154 0.547115 0.391346 0.544551
3 0.485577 0.560256 0.485817 0.565385 0.511779 0.567628 0.512019 0.561218
2 0.484375 0.55032 0.483173 0.567308 0.513221 0.567949 0.512981 0.552564
3 0.559375 0.535256 0.558894 0.539744 0.583173 0.54391 0.583654 0.538782
2 0.556731 0.525962 0.55601 0.540385 0.583654 0.545192 0.584615 0.533013 0.58101 0.529808
3 0.563942 0.618269 0.587981 0.616667 0.589423 0.622115 0.564423 0.624038
2 0.558654 0.608013 0.584135 0.60641 0.587019 0.608654 0.590144 0.622756 0.56226 0.62468
3 0.623558 0.613462 0.64976 0.613782 0.65 0.620192 0.62476 0.61891
2 0.620433 0.602564 0.621875 0.620192 0.650962 0.620833 0.649519 0.603846
3 0.614423 0.549679 0.614423 0.555128 0.630048 0.55641 0.629808 0.551282
2 0.61274 0.539744 0.612981 0.555449 0.639423 0.558333 0.639423 0.543269
3 0.764663 0.641346 0.790385 0.642308 0.791586 0.648397 0.766106 0.647115
2 0.761058 0.63109 0.791106 0.631731 0.794712 0.648397 0.763942 0.647756
3 0.645433 0.701603 0.645914 0.708974 0.673558 0.710897 0.673317 0.704167
3 0.719231 0.72468 0.720673 0.73141 0.748317 0.733333 0.748077 0.726603
2 0.641827 0.691346 0.643029 0.708974 0.67476 0.71218 0.673317 0.69359
2 0.716586 0.714103 0.717788 0.731731 0.749519 0.734936 0.748077 0.716346
3 0.784375 0.727885 0.785817 0.733974 0.811538 0.735256 0.812981 0.733013 0.811779 0.729167
2 0.779327 0.715385 0.783654 0.734615 0.813462 0.736218 0.813462 0.731731 0.809856 0.715705
5 0.632933 0.663141 0.671635 0.665705 0.671394 0.672756 0.633894 0.669872
4 0.618269 0.660256 0.673317 0.663462 0.672837 0.674359 0.61851 0.670192
