8 0.715926 0.306583 0.721762 0.332186 0.765248 0.330465 0.758848 0.303571
8 0.715173 0.344234 0.721197 0.370052 0.764684 0.36833 0.758848 0.342728
8 0.793863 0.339286 0.799511 0.366824 0.844503 0.365318 0.837538 0.33778
8 0.77259 0.313038 0.775414 0.327453 0.817959 0.327668 0.814571 0.312392
8 0.828502 0.27216 0.835843 0.297117 0.87933 0.293029 0.870858 0.268933
8 0.873117 0.268718 0.884601 0.304862 0.926958 0.302711 0.913592 0.266566
8 0.035203 0.654475 0.028238 0.685456 0.065889 0.689974 0.072854 0.657917
8 0.034074 0.700947 0.02692 0.734079 0.059111 0.740749 0.065889 0.705465
8 0.02692 0.751936 0.021084 0.788726 0.054217 0.791308 0.0593 0.754733
8 0.010919 0.800129 0.0032 0.834983 0.037462 0.846386 0.044804 0.80852
8 0.004895 0.694062 0.0 0.725043 0.025979 0.731928 0.032191 0.700732
8 0.096574 0.692341 0.089608 0.723537 0.125377 0.730637 0.131401 0.696213
8 0.077748 0.751721 0.074548 0.783993 0.106551 0.790017 0.111822 0.756454
8 0.061935 0.807659 0.055158 0.843589 0.092432 0.850258 0.099021 0.813253
8 0.142319 0.703098 0.137048 0.736231 0.172816 0.738812 0.176017 0.70568
8 0.151167 0.651248 0.145896 0.68438 0.181852 0.687177 0.186747 0.654045
8 0.157191 0.605637 0.152108 0.636833 0.192018 0.640491 0.19616 0.607573
8 0.141755 0.75796 0.135166 0.792384 0.173193 0.799268 0.177899 0.762478
8 0.119352 0.812823 0.112952 0.849828 0.149849 0.857788 0.156626 0.819277
8 0.169239 0.560026 0.164157 0.591222 0.204066 0.594664 0.208208 0.561962
8 0.195218 0.766136 0.192395 0.800129 0.231739 0.807014 0.234752 0.771945
8 0.193901 0.80142 0.190512 0.837995 0.229857 0.84488 0.232869 0.809811
8 0.177711 0.841867 0.17244 0.880379 0.214985 0.8892 0.220068 0.851549
8 0.544239 0.616609 0.546122 0.65426 0.59808 0.651463 0.594315 0.615534
8 0.552334 0.673838 0.554217 0.711489 0.606175 0.708692 0.60241 0.672762
8 0.562876 0.733219 0.566642 0.776678 0.619164 0.773021 0.615776 0.730207
8 0.571913 0.800559 0.575489 0.844019 0.630459 0.837134 0.625753 0.796902
8 0.647402 0.794105 0.650602 0.885112 0.685617 0.884466 0.68317 0.794535
8 0.905497 0.66932 0.912462 0.709768 0.955196 0.707831 0.947854 0.669966
8 0.930911 0.732788 0.937876 0.773236 0.979857 0.767857 0.971197 0.726979
8 0.938065 0.801205 0.946536 0.84617 0.99567 0.836704 0.984187 0.79475
8 0.881589 0.870052 0.887425 0.910714 0.941642 0.90426 0.934864 0.866394
7 0.256401 0.736446 0.294428 0.741179 0.29311 0.759682 0.255648 0.754733
6 0.254895 0.73494 0.297252 0.739243 0.293863 0.778614 0.254142 0.772375
7 0.426017 0.778184 0.469126 0.785714 0.467432 0.80185 0.423946 0.79475
6 0.424134 0.774527 0.471762 0.781411 0.469315 0.823795 0.420369 0.816695
7 0.486822 0.735585 0.52692 0.73537 0.527861 0.750215 0.487199 0.74957
6 0.485881 0.732143 0.528614 0.731928 0.530309 0.771084 0.486446 0.77173
7 0.495294 0.844234 0.536709 0.843804 0.537839 0.857358 0.495858 0.858219
6 0.493035 0.840146 0.539721 0.837349 0.544051 0.879303 0.495858 0.88253
7 0.238328 0.834768 0.279744 0.842298 0.275979 0.857358 0.235128 0.848752
6 0.235881 0.83154 0.28238 0.839931 0.277673 0.861016 0.233245 0.852194
