3 0.02476 0.357372 0.024279 0.36218 0.049519 0.359936 0.050481 0.354808
2 0.024279 0.350962 0.050481 0.348077 0.050962 0.354487 0.048077 0.3625 0.021875 0.36282
3 0.595673 0.284295 0.613221 0.271474 0.615144 0.27532 0.60024 0.286538
2 0.590385 0.277885 0.607452 0.266987 0.616106 0.273718 0.599519 0.288462 0.589423 0.279808
3 0.612981 0.354808 0.635336 0.35609 0.635336 0.359936 0.612981 0.358654
2 0.607212 0.348077 0.635577 0.348718 0.636538 0.360897 0.608654 0.359295
3 0.617308 0.414744 0.617308 0.419551 0.635577 0.419231 0.645914 0.419551 0.645433 0.414103
2 0.615144 0.405449 0.644952 0.40609 0.646635 0.419551 0.616346 0.419231 0.616106 0.414423
3 0.695673 0.380449 0.720192 0.380128 0.721154 0.384295 0.696875 0.384295
2 0.690385 0.373077 0.71875 0.372115 0.722356 0.384615 0.693269 0.384615
3 0.684856 0.320833 0.708173 0.319231 0.708654 0.323077 0.68726 0.324359
2 0.679567 0.313141 0.70625 0.311538 0.710096 0.323718 0.683173 0.32468
3 0.740625 0.221474 0.741106 0.224038 0.76226 0.225641 0.762019 0.222436
2 0.738221 0.215385 0.759856 0.216987 0.761298 0.220833 0.762981 0.223077 0.763221 0.226603 0.739423 0.225
3 0.777163 0.333333 0.800481 0.33141 0.801683 0.334936 0.778606 0.337179
2 0.772837 0.326603 0.8 0.324359 0.803125 0.335577 0.776202 0.338141
3 0.853846 0.373077 0.86899 0.372756 0.869712 0.376923 0.854086 0.376923
2 0.848077 0.365705 0.851202 0.377564 0.877404 0.377244 0.879087 0.373397 0.876202 0.36859 0.872115 0.366026
3 0.847596 0.319231 0.86226 0.320513 0.861779 0.323397 0.847596 0.321795
2 0.844471 0.3125 0.846154 0.323397 0.873558 0.325641 0.872596 0.314744
3 0.018029 0.533974 0.009135 0.553846 0.015865 0.554167 0.023798 0.534936
2 0.00649 0.534295 0.000721 0.551603 0.000481 0.55641 0.015385 0.55641 0.024519 0.533974
3 0.072115 0.56218 0.099038 0.56859 0.095913 0.57468 0.069952 0.567308
2 0.075721 0.550641 0.066346 0.568269 0.095913 0.576282 0.103846 0.5625 0.104327 0.557051 0.095192 0.555769 0.079567 0.558013 0.080769 0.550962
3 0.180769 0.629487 0.211058 0.63141 0.210096 0.637821 0.178606 0.635256
2 0.180048 0.616346 0.213221 0.619231 0.213702 0.626282 0.210817 0.638782 0.174519 0.635577
3 0.190625 0.563141 0.220433 0.565064 0.218269 0.570192 0.189423 0.56891
2 0.190625 0.552564 0.223558 0.554167 0.21875 0.570833 0.185337 0.569872
3 0.245433 0.560256 0.276442 0.559936 0.275 0.565385 0.244952 0.565385
2 0.244471 0.548077 0.278125 0.548077 0.278365 0.549038 0.275721 0.565385 0.241346 0.565705
3 0.238942 0.633333 0.272115 0.632051 0.270192 0.638782 0.238702 0.639103
3 0.290865 0.628205 0.324038 0.626923 0.322115 0.633654 0.290625 0.633974
3 0.358413 0.634295 0.391106 0.633333 0.389663 0.639744 0.358173 0.640064
3 0.421154 0.515064 0.449279 0.519231 0.447837 0.524359 0.419231 0.520513
2 0.23774 0.621474 0.272596 0.619551 0.273317 0.624038 0.271394 0.639423 0.234615 0.641987
2 0.288702 0.615385 0.323077 0.614103 0.324279 0.615705 0.323558 0.634615 0.286298 0.635577
2 0.359856 0.621154 0.392067 0.621474 0.390865 0.639744 0.385817 0.640705 0.354567 0.641026 0.355048 0.629167 0.357692 0.62468
2 0.419471 0.504808 0.451202 0.509936 0.449279 0.525962 0.416587 0.521154
3 0.442548 0.608013 0.448317 0.608654 0.448317 0.642949 0.441827 0.642949
2 0.432452 0.608013 0.449279 0.606731 0.449038 0.645513 0.444471 0.646474 0.43101 0.646154
3 0.501923 0.534936 0.530769 0.536859 0.530288 0.541346 0.528606 0.541987 0.502163 0.540064
3 0.498077 0.588141 0.528125 0.588782 0.527644 0.594872 0.52476 0.595192 0.497837 0.594231
2 0.495433 0.577244 0.528125 0.578205 0.528606 0.596154 0.527644 0.596474 0.494712 0.595192
2 0.499279 0.52468 0.53149 0.527564 0.53101 0.541346 0.529327 0.543269 0.498798 0.540705
3 0.563702 0.518269 0.592788 0.51891 0.592548 0.524359 0.564423 0.523397
2 0.560096 0.506731 0.578125 0.507372 0.586779 0.507051 0.591827 0.508333 0.593269 0.52532 0.561058 0.52468
3 0.683413 0.517949 0.70625 0.507692 0.708173 0.511218 0.707933 0.513141 0.686058 0.522756
2 0.674519 0.510256 0.701442 0.498077 0.709615 0.513141 0.683654 0.524359
3 0.698077 0.590385 0.728125 0.589423 0.729808 0.595192 0.699038 0.596474
2 0.693029 0.578846 0.726683 0.577564 0.73101 0.595192 0.696394 0.596795
3 0.777885 0.588462 0.783894 0.588782 0.785577 0.621154 0.779567 0.620513
2 0.777404 0.585577 0.795192 0.58782 0.797596 0.623397 0.779327 0.621474
3 0.832933 0.492628 0.838702 0.492308 0.844471 0.519872 0.839663 0.521154
3 0.840144 0.526603 0.845673 0.526603 0.852404 0.55641 0.845673 0.555128
3 0.837019 0.592949 0.86851 0.594551 0.86851 0.600641 0.838462 0.599038
2 0.832692 0.583013 0.866346 0.583654 0.870433 0.600962 0.836058 0.59968 0.834856 0.596795
2 0.829808 0.525962 0.836058 0.557372 0.852885 0.557372 0.846394 0.525
2 0.832212 0.491346 0.841827 0.489744 0.846635 0.505769 0.851442 0.505769 0.854567 0.516987 0.852644 0.518269 0.850962 0.520513 0.839904 0.521795 0.837981 0.520192
3 0.956731 0.594551 0.98101 0.584295 0.983654 0.589423 0.959856 0.600641
2 0.945673 0.584615 0.974279 0.572756 0.984375 0.590064 0.980288 0.594551 0.960337 0.601603 0.951923 0.59391
3 0.002163 0.769231 0.038702 0.773077 0.034856 0.78109 0.000481 0.777564
3 0.041587 0.790705 0.079087 0.785577 0.078365 0.792628 0.041106 0.797756
2 0.004567 0.754167 0.044231 0.758974 0.036058 0.782372 0.0 0.778526 0.00024 0.765705
2 0.041827 0.774038 0.071875 0.770513 0.080048 0.769872 0.079087 0.793269 0.040385 0.798397
3 0.108894 0.786538 0.115385 0.788141 0.102885 0.832051 0.095433 0.83141
2 0.109135 0.782692 0.128125 0.783333 0.116587 0.830449 0.11226 0.832692 0.094471 0.832692
3 0.161058 0.766346 0.16899 0.766026 0.160577 0.808654 0.152644 0.808013
2 0.161538 0.761538 0.175 0.761538 0.165144 0.810256 0.151683 0.808974
3 0.319712 0.832692 0.35649 0.833974 0.355529 0.843269 0.318029 0.841987
2 0.318269 0.816667 0.357933 0.819551 0.355769 0.845513 0.314183 0.843269
3 0.488462 0.745833 0.496154 0.747115 0.495192 0.785256 0.488462 0.784936
2 0.488221 0.742308 0.505769 0.74391 0.505288 0.790064 0.486779 0.788141
3 0.5625 0.758013 0.597837 0.753846 0.598317 0.761538 0.563942 0.765064
2 0.559135 0.745192 0.595914 0.740064 0.599519 0.763462 0.56226 0.766987
3 0.565385 0.829487 0.600962 0.833333 0.600721 0.841667 0.564664 0.838782
2 0.5625 0.814744 0.602163 0.818269 0.602644 0.842628 0.562981 0.839423
3 0.653365 0.767949 0.689183 0.765064 0.689904 0.773077 0.655048 0.774038
2 0.648317 0.753205 0.686298 0.749038 0.691346 0.773718 0.652404 0.77532
3 0.725721 0.793269 0.758894 0.786538 0.760817 0.792949 0.753606 0.795513 0.727404 0.800641
2 0.718029 0.78109 0.724519 0.801923 0.761779 0.794231 0.759615 0.786859 0.754327 0.772756 0.752885 0.770833 0.733654 0.774359 0.733894 0.779487
3 0.732692 0.841026 0.732212 0.848077 0.769712 0.857051 0.769471 0.848397
2 0.742548 0.825641 0.76851 0.83141 0.769231 0.833974 0.770433 0.857372 0.728365 0.847436 0.728365 0.840385 0.744471 0.840064
3 0.853365 0.814744 0.887981 0.815385 0.889904 0.822115 0.85601 0.821154
2 0.845914 0.798718 0.88101 0.798397 0.885336 0.804167 0.892308 0.823397 0.852644 0.822115 0.849519 0.813782
3 0.976442 0.744231 0.978606 0.751603 0.99976 0.75641 0.999519 0.748077
2 0.970673 0.731731 0.97524 0.752564 0.99976 0.757692 0.99976 0.734936 0.972356 0.729487
