1 0.288221 0.415705 0.345913 0.419551 0.344712 0.430128 0.286058 0.425962
1 0.472356 0.423077 0.532452 0.423397 0.532452 0.433974 0.472837 0.433333
0 0.29351 0.383013 0.28774 0.40609 0.279327 0.427564 0.294712 0.431731 0.327404 0.432692 0.345913 0.433974 0.352644 0.408333 0.355529 0.38782 0.35601 0.38109 0.329327 0.383974 0.308173 0.383974
0 0.470192 0.388462 0.46875 0.423718 0.467788 0.437821 0.536538 0.437821 0.536058 0.415705 0.536298 0.389744
5 0.30649 0.679167 0.340865 0.678846 0.340865 0.684936 0.30649 0.685256
4 0.288221 0.675641 0.28774 0.688141 0.341827 0.68782 0.342067 0.676282
5 0.302163 0.720513 0.33726 0.719872 0.33726 0.726603 0.302163 0.727564
4 0.282692 0.717628 0.338942 0.717949 0.338942 0.730449 0.282452 0.730769
3 0.401202 0.681731 0.425721 0.682692 0.425721 0.68782 0.400962 0.68718
2 0.399279 0.672756 0.397837 0.68782 0.426442 0.689423 0.427644 0.674038
3 0.551683 0.61891 0.575481 0.623397 0.57524 0.628526 0.551442 0.624359
2 0.552404 0.611538 0.576442 0.614744 0.576202 0.629808 0.550962 0.625962 0.551202 0.611538
3 0.624038 0.62532 0.648558 0.625 0.649279 0.630449 0.624519 0.630449
2 0.622596 0.617628 0.623317 0.63141 0.650962 0.631731 0.648317 0.616346 0.622356 0.616667
3 0.567548 0.713782 0.592548 0.7125 0.593029 0.717949 0.568269 0.719551
2 0.565385 0.705449 0.592067 0.703846 0.59375 0.719872 0.567067 0.721154
3 0.623558 0.717628 0.648317 0.716346 0.64976 0.721795 0.62476 0.723397
2 0.621875 0.709615 0.646875 0.707372 0.650721 0.722756 0.624279 0.72532 0.621154 0.710256
3 0.694471 0.721795 0.718269 0.715064 0.719712 0.721154 0.696154 0.728205
2 0.689904 0.713141 0.694952 0.729487 0.720673 0.721795 0.715385 0.705769
7 0.735337 0.666667 0.772596 0.666987 0.773317 0.675641 0.737019 0.675641
7 0.738462 0.683333 0.739664 0.69359 0.777163 0.692628 0.776202 0.682692
6 0.734135 0.664423 0.735337 0.677564 0.776202 0.676923 0.77476 0.665064
6 0.736538 0.682051 0.73774 0.694872 0.778606 0.694231 0.777163 0.682372
3 0.965144 0.700641 0.981971 0.704808 0.982452 0.709936 0.965385 0.70609
2 0.96274 0.691667 0.963942 0.707051 0.988942 0.7125 0.98774 0.698077
7 0.827163 0.408654 0.870913 0.403526 0.911538 0.398397 0.914663 0.409936 0.83101 0.421474
6 0.824519 0.407692 0.913221 0.396154 0.917548 0.411218 0.829327 0.425
5 0.059135 0.871154 0.095913 0.871474 0.095433 0.879487 0.058173 0.878846
4 0.048077 0.868269 0.046154 0.880769 0.096875 0.882372 0.098077 0.870192
5 0.127404 0.872115 0.164183 0.872436 0.163702 0.880449 0.126442 0.879808
4 0.116346 0.869231 0.114423 0.881731 0.165144 0.883333 0.166587 0.871154
5 0.196154 0.873397 0.232933 0.873397 0.232452 0.88141 0.195192 0.880769
4 0.185096 0.870513 0.183173 0.882692 0.233654 0.884295 0.235096 0.872436
5 0.265865 0.874038 0.303606 0.874359 0.303125 0.882372 0.265625 0.881731
4 0.255529 0.872115 0.254808 0.883654 0.30601 0.884295 0.306731 0.873077
5 0.335096 0.872756 0.372837 0.873077 0.372356 0.88109 0.334856 0.880449
4 0.32476 0.870833 0.324038 0.882372 0.37524 0.883013 0.375962 0.871795
3 0.41226 0.9 0.440625 0.902885 0.440385 0.909936 0.411779 0.907051
2 0.410817 0.889423 0.409375 0.909615 0.441106 0.911859 0.441346 0.892308
3 0.458413 0.925962 0.48726 0.917628 0.488702 0.924038 0.459375 0.932692
2 0.454808 0.914744 0.457692 0.934615 0.489663 0.925641 0.485577 0.90609
3 0.467067 0.873077 0.481971 0.871474 0.486298 0.871154 0.495673 0.866346 0.497596 0.872436 0.488462 0.878205 0.478365 0.878205 0.467548 0.879487
2 0.464423 0.860577 0.465625 0.88109 0.48149 0.879808 0.489183 0.879167 0.499038 0.873077 0.496635 0.863141 0.493269 0.85609 0.482933 0.859936 0.482452 0.861859 0.479808 0.860577 0.464663 0.858974
3 0.513462 0.904808 0.542067 0.904808 0.542308 0.911859 0.513221 0.911538
2 0.512019 0.892628 0.512019 0.91282 0.54351 0.913141 0.542548 0.892628
3 0.55625 0.919231 0.585096 0.915385 0.586058 0.923077 0.556731 0.926603
2 0.552404 0.908333 0.554808 0.928846 0.5875 0.924038 0.583414 0.904808 0.583173 0.903846 0.552404 0.907372
3 0.628125 0.839744 0.655529 0.838141 0.65625 0.844872 0.628846 0.845833
2 0.62476 0.829487 0.626923 0.848718 0.657692 0.846795 0.654086 0.826923 0.624279 0.828526
3 0.632933 0.897115 0.661298 0.898077 0.662019 0.904808 0.633654 0.903526
2 0.629327 0.885256 0.63101 0.905128 0.662981 0.90641 0.660577 0.885256 0.629087 0.884615
