3 0.185053 0.155766 0.210843 0.152108 0.211973 0.158348 0.186182 0.162005
3 0.259413 0.151033 0.285015 0.149096 0.28558 0.154905 0.260166 0.156626 0.259224 0.151678
3 0.483998 0.108864 0.512613 0.116824 0.511295 0.123279 0.483057 0.115749
3 0.621611 0.2571 0.64759 0.259466 0.647402 0.265275 0.621423 0.262478
3 0.535956 0.309811 0.561935 0.313468 0.56137 0.319277 0.535392 0.315404
3 0.490211 0.321429 0.513742 0.310671 0.51506 0.31562 0.491905 0.326162
3 0.615399 0.318417 0.640813 0.318417 0.640813 0.324226 0.615587 0.324226
3 0.657003 0.311532 0.683358 0.30895 0.683358 0.313898 0.657756 0.317126
3 0.838291 0.321213 0.852598 0.322719 0.851468 0.328098 0.837161 0.327022 0.837726 0.321644
3 0.069654 0.330895 0.090361 0.327238 0.091303 0.331971 0.070783 0.335843
3 0.013931 0.264845 0.03238 0.260542 0.033697 0.266136 0.015437 0.269793
2 0.010354 0.255164 0.030873 0.25043 0.03558 0.268933 0.015437 0.273021 0.009789 0.255594
2 0.067018 0.322289 0.07003 0.336704 0.092056 0.333262 0.088855 0.318632
2 0.182417 0.145869 0.185241 0.162651 0.212726 0.159423 0.209714 0.142212
2 0.257154 0.138339 0.258848 0.158348 0.287086 0.155981 0.284639 0.136403
2 0.483246 0.097031 0.480422 0.1179 0.512048 0.126076 0.51506 0.105207
2 0.485128 0.312823 0.511295 0.30142 0.51619 0.31648 0.491152 0.327883
2 0.536709 0.30099 0.563818 0.305077 0.561747 0.322074 0.533697 0.317986 0.535956 0.30099
2 0.621235 0.247633 0.619729 0.263554 0.647967 0.266566 0.649096 0.25043
2 0.662839 0.248709 0.661333 0.26463 0.689571 0.267642 0.6907 0.251506
2 0.61427 0.308735 0.614081 0.325301 0.641943 0.325516 0.642319 0.30938
2 0.655874 0.304217 0.655874 0.319062 0.683735 0.319277 0.683923 0.304647
3 0.663215 0.258606 0.689759 0.260757 0.689383 0.266351 0.662839 0.2642
2 0.858998 0.314329 0.856928 0.329174 0.835467 0.327883 0.838667 0.312392
3 0.384224 0.315404 0.399849 0.317556 0.399473 0.322935 0.384036 0.320998
2 0.382907 0.305938 0.382718 0.322289 0.409639 0.325732 0.410392 0.30938
7 0.159827 0.333262 0.176393 0.329819 0.177711 0.334552 0.160956 0.338425
7 0.160956 0.340577 0.178652 0.336489 0.180158 0.342083 0.162086 0.34574
6 0.159074 0.332831 0.177523 0.328744 0.181476 0.342513 0.161521 0.347031 0.157944 0.332831 0.158509 0.332831
8 0.798758 0.330465 0.794428 0.357358 0.816642 0.360585 0.821724 0.33111 0.797816 0.330465
