3 0.263462 0.515705 0.26274 0.521795 0.277644 0.521795 0.277644 0.516026
2 0.260817 0.509295 0.260096 0.523397 0.288942 0.524038 0.290144 0.509615
5 0.272356 0.496795 0.271394 0.50641 0.311058 0.507051 0.311298 0.496795
4 0.247115 0.490064 0.241587 0.508974 0.31226 0.507692 0.313221 0.490064
5 0.288462 0.389103 0.286779 0.397756 0.323317 0.397756 0.323317 0.390385
4 0.261058 0.384295 0.258654 0.400641 0.324279 0.400962 0.32524 0.384936
3 0.382212 0.316987 0.382692 0.321795 0.404327 0.320833 0.403846 0.316346
2 0.379567 0.311538 0.380769 0.322756 0.405048 0.322436 0.404567 0.310256
5 0.370433 0.321154 0.369712 0.326923 0.411779 0.329167 0.411298 0.323397 0.380769 0.323718
4 0.354087 0.296795 0.352163 0.311538 0.351202 0.326603 0.367308 0.328526 0.4125 0.329487 0.411779 0.322436 0.38101 0.323077 0.369231 0.315705 0.371875 0.299038
3 0.378125 0.395833 0.377404 0.400962 0.392067 0.401282 0.392308 0.397436
2 0.377404 0.389744 0.375721 0.401603 0.401442 0.401923 0.401683 0.392628 0.399519 0.390064
3 0.376442 0.495833 0.37524 0.50032 0.388221 0.50641 0.390865 0.501923
2 0.378846 0.48718 0.373558 0.500641 0.398558 0.511859 0.402885 0.502885 0.402885 0.496474
3 0.458173 0.355449 0.457933 0.359936 0.47524 0.361859 0.47524 0.358013
2 0.45601 0.348397 0.455288 0.360897 0.476202 0.363141 0.47476 0.351282
3 0.457692 0.399679 0.458173 0.404808 0.480288 0.403205 0.479808 0.398077
2 0.454808 0.39359 0.455048 0.40641 0.48149 0.405128 0.480529 0.392308
7 0.454808 0.515064 0.454087 0.520513 0.495913 0.523718 0.497596 0.517308 0.470433 0.514744
6 0.454567 0.513141 0.452885 0.521154 0.497115 0.525641 0.499038 0.516026
3 0.546394 0.339744 0.547356 0.34359 0.567308 0.341987 0.567548 0.33782
2 0.544231 0.332372 0.545433 0.345192 0.56875 0.343269 0.566827 0.33141
3 0.559856 0.384936 0.570192 0.406731 0.574038 0.404487 0.563702 0.382372
2 0.554567 0.386218 0.564183 0.410897 0.575481 0.404487 0.563942 0.380769
3 0.586298 0.367949 0.58726 0.372436 0.608894 0.369551 0.608173 0.365064
2 0.582933 0.36282 0.585817 0.373397 0.610096 0.370192 0.607212 0.358974
3 0.596875 0.408654 0.597115 0.413462 0.610817 0.411218 0.609856 0.407692
2 0.592067 0.402564 0.594952 0.414423 0.620192 0.410897 0.617067 0.398397
3 0.61899 0.553846 0.619471 0.559936 0.635577 0.557051 0.634856 0.550962
2 0.615625 0.54359 0.618269 0.560256 0.646875 0.55641 0.642308 0.538782
3 0.63149 0.342308 0.633654 0.345833 0.652163 0.338462 0.650481 0.335577
2 0.627644 0.338141 0.633654 0.347115 0.652885 0.338462 0.649038 0.329487
3 0.650481 0.38782 0.652885 0.391987 0.663942 0.385897 0.661538 0.382051
2 0.643029 0.383013 0.651683 0.39359 0.671635 0.382051 0.664423 0.372436
3 0.664663 0.471154 0.667067 0.495192 0.672596 0.494231 0.66899 0.471154
2 0.65601 0.46891 0.658894 0.497436 0.674279 0.495833 0.670433 0.468269
3 0.667067 0.566667 0.667067 0.573077 0.683654 0.574038 0.683413 0.568269
2 0.663702 0.556731 0.663942 0.57468 0.69351 0.575962 0.69351 0.559936
3 0.0875 0.679487 0.086779 0.685897 0.116346 0.686859 0.118269 0.684615 0.11875 0.680449
2 0.086779 0.666667 0.082452 0.68718 0.116587 0.688141 0.119231 0.684295 0.122837 0.669551
3 0.084375 0.709936 0.083894 0.717628 0.115385 0.719872 0.116346 0.71218
2 0.084375 0.697436 0.079567 0.717628 0.116587 0.721474 0.119471 0.703846 0.111058 0.699359
3 0.184375 0.686218 0.183894 0.692308 0.20601 0.696154 0.208413 0.690064
2 0.185577 0.675641 0.181731 0.69391 0.205048 0.697756 0.215625 0.691987 0.217548 0.678846
3 0.303365 0.692628 0.303606 0.699038 0.333413 0.695192 0.333413 0.689423
2 0.300481 0.68141 0.30024 0.700962 0.334135 0.697436 0.333413 0.677564
3 0.307452 0.747756 0.30649 0.754808 0.335337 0.758333 0.3375 0.757051 0.337981 0.751603
2 0.306971 0.733654 0.303365 0.75641 0.334615 0.759936 0.338221 0.758013 0.340865 0.738782
3 0.306971 0.814103 0.307933 0.820833 0.339663 0.808974 0.338702 0.802244
2 0.301683 0.801603 0.303846 0.824038 0.340625 0.809615 0.33774 0.789103
3 0.405288 0.716667 0.404808 0.723077 0.43149 0.725962 0.434615 0.721795 0.434615 0.719231
2 0.404808 0.704167 0.401683 0.724038 0.43101 0.728205 0.436298 0.720192 0.4375 0.708654
3 0.430769 0.827564 0.433654 0.834936 0.460577 0.8125 0.457692 0.80641
2 0.423317 0.817628 0.431731 0.83782 0.463221 0.813462 0.454327 0.799359 0.442308 0.803526
3 0.453846 0.675962 0.464663 0.708654 0.469712 0.706731 0.459856 0.673397
2 0.452163 0.673718 0.463942 0.709936 0.479808 0.702885 0.467067 0.667308
3 0.520192 0.684936 0.522115 0.715064 0.524279 0.714423 0.526202 0.71859 0.527885 0.71859 0.525 0.683974
2 0.519231 0.683013 0.521154 0.716026 0.526683 0.719872 0.532452 0.719551 0.5375 0.718269 0.534856 0.682051
3 0.524519 0.756731 0.525721 0.765064 0.54351 0.763462 0.543269 0.756731
2 0.521875 0.745833 0.523077 0.765705 0.55601 0.764103 0.554808 0.744231
3 0.684135 0.790064 0.685817 0.797756 0.702163 0.793269 0.700962 0.786218
2 0.679087 0.777564 0.684856 0.799359 0.714904 0.791346 0.708654 0.771474
3 0.702163 0.672115 0.707452 0.703526 0.710337 0.704808 0.713221 0.704487 0.707212 0.672115
2 0.70024 0.669872 0.70625 0.704487 0.710817 0.70609 0.722596 0.70609 0.715385 0.66859
3 0.742067 0.776923 0.742548 0.783974 0.771875 0.789103 0.771394 0.782051
2 0.738462 0.764423 0.740385 0.785256 0.773077 0.791346 0.770673 0.770192
3 0.787981 0.686859 0.787981 0.692308 0.815625 0.695833 0.814904 0.690385
2 0.783414 0.675 0.786058 0.69391 0.816346 0.696795 0.813702 0.679487
3 0.799519 0.791987 0.801923 0.799359 0.829087 0.797115 0.827885 0.790385
2 0.794712 0.779167 0.8 0.800641 0.830529 0.798718 0.825481 0.777885
3 0.860337 0.763462 0.861538 0.769551 0.888462 0.771795 0.888702 0.765385
2 0.85601 0.750962 0.860337 0.771154 0.890144 0.772436 0.887019 0.755449 0.882692 0.751923
3 0.89976 0.696154 0.90024 0.702244 0.927644 0.709295 0.927885 0.703205
2 0.895914 0.684936 0.897837 0.701603 0.929567 0.710577 0.927644 0.692949
3 0.940385 0.782051 0.942548 0.789103 0.971394 0.790385 0.970673 0.783333
2 0.934615 0.769872 0.939664 0.791026 0.973317 0.792308 0.969952 0.776603 0.964904 0.770192
3 0.507452 0.367949 0.507212 0.372756 0.522115 0.370513 0.522115 0.366667
2 0.50625 0.359936 0.50649 0.374038 0.522837 0.372115 0.521875 0.358974
