3 0.039721 0.251936 0.099398 0.2571 0.09695 0.263554 0.064947 0.263124 0.036898 0.260757
2 0.043298 0.213425 0.111634 0.220525 0.101657 0.266997 0.098456 0.264415 0.027673 0.264845
1 0.307982 0.142642 0.348268 0.142642 0.347892 0.150602 0.307041 0.150602
1 0.307229 0.15469 0.347327 0.15383 0.346574 0.160284 0.307041 0.161145
1 0.302523 0.165663 0.346197 0.165017 0.346197 0.172332 0.301205 0.172547
1 0.383848 0.142427 0.426393 0.143287 0.426017 0.151248 0.38366 0.150818
1 0.214797 0.22031 0.256965 0.214931 0.256401 0.222892 0.214608 0.22827
1 0.214044 0.232143 0.255459 0.226764 0.255271 0.233649 0.213479 0.240103
1 0.211596 0.244621 0.254518 0.238812 0.254142 0.246988 0.21122 0.251936
1 0.29744 0.208046 0.341491 0.207616 0.34055 0.215792 0.295557 0.215577
1 0.297628 0.220095 0.340738 0.218804 0.339044 0.227194 0.296875 0.228485
1 0.294992 0.231928 0.338479 0.231497 0.337726 0.239458 0.294428 0.240964
1 0.37933 0.207401 0.423946 0.207401 0.423193 0.215146 0.37933 0.215577
1 0.378012 0.21988 0.422628 0.219234 0.423193 0.226979 0.377636 0.228055
1 0.377636 0.231928 0.422252 0.231497 0.42244 0.239673 0.378012 0.239243
0 0.301017 0.125861 0.373306 0.122418 0.368411 0.179002 0.292733 0.177711
0 0.376694 0.124785 0.451054 0.126936 0.44616 0.178787 0.371047 0.177926
0 0.371047 0.188898 0.447854 0.189114 0.447289 0.246343 0.367093 0.245912
0 0.294239 0.19148 0.36634 0.187608 0.362011 0.246127 0.28558 0.248494
0 0.212538 0.200516 0.28238 0.194277 0.275226 0.250861 0.202748 0.258391
1 0.599398 0.076162 0.637236 0.080034 0.637801 0.085843 0.599209 0.082831
1 0.598456 0.096816 0.638931 0.099828 0.638931 0.106497 0.598833 0.103701
1 0.598833 0.106713 0.640625 0.108864 0.640813 0.115964 0.599774 0.114028
1 0.599398 0.115534 0.641566 0.118546 0.641566 0.124785 0.599586 0.122849
0 0.591491 0.061747 0.65738 0.067341 0.663404 0.129948 0.594126 0.126291
