3 0.461973 0.244191 0.48061 0.241179 0.481551 0.244621 0.462538 0.247849
2 0.459714 0.239243 0.480798 0.23494 0.483057 0.245912 0.461032 0.248924
3 0.552899 0.199225 0.569089 0.199656 0.569654 0.203313 0.552899 0.203313
2 0.547252 0.187392 0.570595 0.186532 0.573607 0.204604 0.549511 0.203959
3 0.554217 0.246343 0.573607 0.24333 0.574548 0.246343 0.55497 0.248924
2 0.547816 0.231713 0.571536 0.22741 0.575866 0.248064 0.551581 0.251291
3 0.561935 0.302281 0.58189 0.30185 0.582455 0.306153 0.5625 0.307229
2 0.554217 0.286145 0.580949 0.284854 0.583773 0.30809 0.557041 0.309165 0.553652 0.285929
3 0.586973 0.162435 0.605233 0.163296 0.605422 0.166523 0.586973 0.165878
2 0.586032 0.158348 0.606175 0.158993 0.607304 0.167599 0.58622 0.166523
3 0.631777 0.144793 0.64872 0.141566 0.649661 0.144578 0.633283 0.147375
2 0.62933 0.140921 0.648155 0.137694 0.650414 0.145009 0.631777 0.148666
3 0.702372 0.155981 0.719691 0.151463 0.720444 0.155336 0.702937 0.159423
2 0.697289 0.149957 0.718374 0.145009 0.721386 0.156626 0.701807 0.160499
3 0.25433 0.450301 0.274285 0.446644 0.274473 0.451592 0.25433 0.455034
2 0.253389 0.443201 0.275038 0.439759 0.276167 0.452453 0.251506 0.457186
5 0.314947 0.441695 0.335655 0.44105 0.335279 0.444062 0.315136 0.445783
4 0.306476 0.441265 0.336973 0.439759 0.336596 0.447289 0.306099 0.447935
3 0.464985 0.417384 0.486634 0.413296 0.487575 0.417599 0.465173 0.421472
2 0.461032 0.409208 0.486069 0.405551 0.489646 0.419105 0.462538 0.423623
3 0.612575 0.410069 0.634977 0.407487 0.63573 0.41222 0.613893 0.415232
2 0.608434 0.403184 0.634601 0.399527 0.636483 0.413511 0.610881 0.416093
5 0.614646 0.419105 0.647026 0.417599 0.647779 0.423408 0.615587 0.425129
4 0.598456 0.419105 0.648155 0.416308 0.648343 0.424268 0.598833 0.426205
3 0.684676 0.415017 0.707267 0.412866 0.707831 0.418675 0.685429 0.41975
2 0.680535 0.407057 0.707455 0.405766 0.708961 0.419105 0.683735 0.421256
3 0.811747 0.443632 0.835843 0.442126 0.836973 0.447074 0.813818 0.44858 0.811935 0.448365 0.810806 0.443201
2 0.806476 0.435886 0.834714 0.433305 0.838291 0.448365 0.809864 0.450301
3 0.39119 0.587349 0.408886 0.586058 0.407944 0.591222 0.391378 0.591437
2 0.39006 0.579389 0.408886 0.578744 0.409074 0.591652 0.388742 0.592513
3 0.428464 0.58821 0.451242 0.58111 0.451807 0.585843 0.429405 0.593158
2 0.424322 0.580034 0.451054 0.573365 0.45369 0.586704 0.427711 0.594449
3 0.423569 0.680938 0.44823 0.682444 0.448419 0.688468 0.423004 0.687392 0.423004 0.681368
2 0.421122 0.671041 0.449548 0.671687 0.448983 0.689544 0.420181 0.687608
3 0.493223 0.578959 0.518825 0.579819 0.518261 0.585628 0.493223 0.584552
2 0.491905 0.569277 0.519955 0.570998 0.519578 0.586274 0.490587 0.584337
3 0.500753 0.648236 0.526544 0.64673 0.527108 0.652969 0.501506 0.65383
2 0.498682 0.637694 0.527861 0.636188 0.529556 0.643718 0.528803 0.652969 0.49887 0.65383 0.498494 0.644578
3 0.560053 0.576377 0.585467 0.574441 0.586973 0.580034 0.560806 0.581756
2 0.557229 0.56691 0.584714 0.564974 0.587538 0.569277 0.588479 0.579389 0.588479 0.58068 0.558547 0.582616 0.557229 0.569277
3 0.57116 0.644148 0.59808 0.644793 0.597703 0.650818 0.57116 0.650387
2 0.568712 0.634251 0.599021 0.634251 0.600527 0.650602 0.599774 0.651463 0.568901 0.651893 0.568524 0.636618
3 0.634036 0.64006 0.66058 0.643287 0.660203 0.649312 0.633471 0.645869
2 0.631777 0.629948 0.662274 0.633176 0.663027 0.637263 0.662462 0.650387 0.631212 0.64673
5 0.698983 0.590146 0.721197 0.588425 0.721574 0.592513 0.698795 0.59488
4 0.681664 0.587134 0.722327 0.583692 0.724021 0.596386 0.68317 0.601119
5 0.707078 0.648236 0.728539 0.646084 0.729292 0.651678 0.707078 0.652539
4 0.689947 0.643718 0.730233 0.641351 0.731363 0.653614 0.691265 0.657272
5 0.751506 0.64673 0.774285 0.643718 0.775791 0.648451 0.752824 0.652108
4 0.735881 0.642642 0.774849 0.640275 0.777485 0.652324 0.737952 0.655981
3 0.802523 0.649096 0.82869 0.64716 0.829819 0.65512 0.801958 0.656411
2 0.798004 0.638339 0.828125 0.636403 0.831325 0.655766 0.799887 0.658778
3 0.798004 0.623279 0.822289 0.619191 0.824548 0.625215 0.798946 0.628657
2 0.79311 0.612737 0.822289 0.609294 0.825301 0.626291 0.797063 0.631024
5 0.791416 0.587564 0.812312 0.586058 0.8125 0.590577 0.792169 0.591652
4 0.775414 0.583907 0.812312 0.581756 0.814194 0.594019 0.777297 0.597676
3 0.777485 0.550344 0.803276 0.549699 0.803276 0.555723 0.778991 0.555938
2 0.77372 0.541523 0.80177 0.541954 0.804593 0.555723 0.777108 0.556799
5 0.783509 0.533778 0.802899 0.533133 0.802899 0.53722 0.783321 0.537866 0.782191 0.533563
4 0.766566 0.530981 0.803464 0.52883 0.805911 0.540232 0.769202 0.541738
5 0.832643 0.533563 0.862199 0.532057 0.86314 0.538081 0.833773 0.540448 0.831514 0.533563 0.832267 0.533348
4 0.811747 0.528614 0.862575 0.526463 0.864834 0.542599 0.815324 0.546041
3 0.953502 0.658563 0.964797 0.657272 0.97741 0.654905 0.978916 0.660069 0.96442 0.663296 0.955196 0.665017
2 0.949548 0.648881 0.95802 0.647806 0.970256 0.645009 0.978916 0.650602 0.980045 0.66179 0.954819 0.666308 0.950113 0.653184
3 0.985693 0.543029 0.999812 0.537651 1.0 0.543675 0.987952 0.548408
2 0.981551 0.534854 0.997741 0.530336 0.999435 0.532917 0.999812 0.544535 0.98814 0.549268
5 0.929029 0.544105 0.957643 0.542169 0.959526 0.547547 0.930158 0.550344
4 0.920369 0.542384 0.957455 0.540878 0.959337 0.540232 0.961408 0.548623 0.923569 0.552926
5 0.849209 0.612737 0.878389 0.61037 0.880648 0.618546 0.850527 0.620697
4 0.827937 0.608434 0.881589 0.606282 0.885166 0.623494 0.831137 0.627367
