7 0.26619 0.501721 0.265248 0.512694 0.313065 0.514845 0.324925 0.513124 0.325113 0.503657
6 0.264684 0.500861 0.262613 0.515921 0.327372 0.518503 0.328502 0.502582
3 0.362952 0.390491 0.359752 0.414802 0.364834 0.415232 0.367658 0.390921
2 0.362011 0.388339 0.35881 0.415878 0.372176 0.416738 0.375565 0.388339
3 0.378765 0.516566 0.37933 0.521515 0.405309 0.519148 0.405309 0.514415
2 0.375188 0.506885 0.374812 0.52259 0.406438 0.520009 0.406062 0.505594
3 0.428464 0.460628 0.428087 0.466222 0.452937 0.467513 0.452937 0.462565
2 0.426393 0.452453 0.424887 0.466867 0.453313 0.469449 0.454443 0.455034
3 0.463667 0.455034 0.463667 0.460413 0.488893 0.458692 0.488517 0.453098
2 0.460279 0.446429 0.460843 0.462134 0.489646 0.459552 0.488328 0.444923
8 0.418863 0.480637 0.417357 0.50667 0.443712 0.506239 0.44503 0.481067
3 0.306852 0.662005 0.306288 0.66846 0.333396 0.667384 0.334337 0.66136
2 0.304029 0.651678 0.309488 0.651248 0.310806 0.657917 0.335655 0.660499 0.334714 0.665448 0.334149 0.66889 0.303464 0.66932
3 0.30064 0.72074 0.300075 0.727194 0.329066 0.731713 0.329819 0.724613
2 0.299887 0.709122 0.297252 0.728916 0.329631 0.732788 0.332078 0.712995
3 0.365211 0.726334 0.364458 0.732358 0.394767 0.732788 0.394578 0.72741
2 0.362764 0.724828 0.361069 0.734509 0.393825 0.736446 0.395708 0.731067 0.395331 0.726549
3 0.356928 0.675129 0.356739 0.681153 0.384601 0.682444 0.385542 0.676635
2 0.354669 0.663942 0.352786 0.682874 0.384977 0.684165 0.38686 0.666308
8 0.707078 0.668029 0.710655 0.702883 0.737764 0.702022 0.733434 0.667814
