1 0.217548 0.121795 0.265385 0.123077 0.265385 0.13109 0.217788 0.129808
0 0.191587 0.098077 0.267788 0.097756 0.270192 0.136218 0.189663 0.134295 0.192067 0.101923
1 0.265625 0.759295 0.331971 0.754167 0.331971 0.775641 0.263221 0.779808
0 0.223077 0.685256 0.335817 0.682692 0.338942 0.786538 0.219712 0.797115
1 0.567548 0.757372 0.615625 0.760256 0.657933 0.759295 0.659135 0.775641 0.62524 0.776282 0.58726 0.773397 0.573077 0.770513
0 0.548077 0.708333 0.61851 0.703205 0.642067 0.703526 0.664423 0.764423 0.669712 0.782051 0.60649 0.78141 0.589663 0.78141 0.574038 0.774038 0.565144 0.7625 0.553125 0.73109
1 0.705769 0.225641 0.734856 0.23109 0.737019 0.241026 0.705769 0.233974
0 0.673798 0.191667 0.716827 0.197756 0.727163 0.205128 0.738462 0.231731 0.743029 0.248397 0.686779 0.236859 0.684135 0.235256 0.675481 0.198077 0.672837 0.192628
1 0.954087 0.249679 0.977885 0.249679 0.980048 0.259615 0.957452 0.258654
0 0.917788 0.222436 0.967067 0.223397 0.986538 0.26218 0.938942 0.260256 0.927164 0.2375
