3 0.53991 0.454604 0.557041 0.454389 0.557417 0.459552 0.53991 0.460198
4 0.539157 0.445783 0.567395 0.444277 0.568712 0.461059 0.538968 0.461919 0.538215 0.445783
3 0.574548 0.44858 0.592244 0.450947 0.591867 0.455895 0.574172 0.453959
2 0.574548 0.439759 0.572666 0.454604 0.60128 0.458907 0.603351 0.443201
3 0.623306 0.452668 0.639496 0.44901 0.641002 0.454819 0.624247 0.458692
2 0.620294 0.443847 0.646461 0.438898 0.649473 0.454819 0.623494 0.460198
3 0.668486 0.472246 0.694465 0.47074 0.695407 0.476119 0.669051 0.476979
2 0.664721 0.462349 0.667545 0.479561 0.697289 0.478485 0.693712 0.461489
5 0.70802 0.400387 0.738328 0.402324 0.738893 0.406626 0.70802 0.405336 0.707267 0.400387
4 0.696348 0.397375 0.738328 0.399957 0.739834 0.407702 0.697289 0.407272
