3 0.642788 0.761538 0.645914 0.766346 0.667788 0.751282 0.664423 0.745513 0.64351 0.760577
2 0.634856 0.752885 0.64399 0.769551 0.669952 0.751923 0.660096 0.736218 0.658173 0.736538
3 0.222115 0.26891 0.221875 0.271474 0.239663 0.272756 0.239663 0.270192
2 0.221394 0.264103 0.219471 0.268269 0.220913 0.273077 0.240865 0.274359 0.242067 0.264744
3 0.517067 0.260256 0.516587 0.2625 0.528365 0.265064 0.528606 0.26218
2 0.516106 0.255128 0.515144 0.263141 0.529808 0.266026 0.530288 0.259936 0.530048 0.257051
3 0.623798 0.280769 0.622596 0.283974 0.639423 0.286859 0.639904 0.283974
2 0.621875 0.276282 0.620433 0.285577 0.640865 0.288462 0.644471 0.278846
9 0.612019 0.708013 0.61226 0.721154 0.680288 0.727244 0.679087 0.713462
4 0.583414 0.232692 0.583654 0.260897 0.653365 0.261859 0.653365 0.252564 0.605048 0.253526 0.605048 0.233974
5 0.609615 0.255449 0.609856 0.260577 0.652404 0.261218 0.651683 0.255769
4 0.486058 0.224038 0.484856 0.252244 0.516106 0.254487 0.5375 0.257692 0.551442 0.259615 0.551923 0.251923 0.50601 0.245192 0.504808 0.227244
5 0.510096 0.249038 0.509856 0.253205 0.516587 0.254167 0.525721 0.255769 0.550962 0.258974 0.551202 0.253205
