3 0.136107 0.028399 0.137801 0.037005 0.16811 0.031842 0.167733 0.023881
2 0.128953 0.013769 0.133283 0.040017 0.168863 0.035069 0.168675 0.024312 0.165663 0.008606
3 0.059488 0.300774 0.060806 0.307659 0.076995 0.305293 0.076054 0.299053
2 0.054593 0.289802 0.058735 0.30938 0.089044 0.305938 0.084526 0.285929
3 0.153803 0.306583 0.154367 0.313253 0.181664 0.323365 0.182417 0.317556
2 0.150602 0.294535 0.150979 0.301205 0.150414 0.314544 0.178652 0.325947 0.182417 0.324441 0.183923 0.307229
3 0.252636 0.331325 0.253953 0.33821 0.271084 0.336274 0.270331 0.329604
2 0.248682 0.320568 0.252447 0.340577 0.283886 0.337349 0.280874 0.317771 0.279556 0.31691
3 0.268072 0.388124 0.269202 0.394793 0.285768 0.392857 0.284827 0.387048
2 0.263366 0.377582 0.266754 0.39673 0.297628 0.393933 0.294616 0.376936 0.291604 0.375
3 0.793675 0.278399 0.792545 0.285069 0.821348 0.28636 0.822101 0.280336
2 0.792733 0.266351 0.788968 0.287866 0.821724 0.289802 0.825678 0.268287
3 0.281062 0.554002 0.27259 0.562392 0.277108 0.563468 0.285203 0.554862
2 0.278614 0.547762 0.262425 0.564759 0.278991 0.565835 0.295181 0.549053
3 0.365023 0.578313 0.363328 0.581325 0.377447 0.581971 0.378765 0.579174
2 0.36427 0.57358 0.357681 0.583046 0.385354 0.584768 0.389119 0.574871
3 0.733434 0.583046 0.733057 0.588855 0.749247 0.589071 0.749247 0.584552
2 0.725527 0.581971 0.724021 0.597461 0.75 0.599613 0.751883 0.584122
3 0.755083 0.769793 0.754518 0.773881 0.766943 0.773666 0.766943 0.770439
2 0.755459 0.76463 0.752071 0.774957 0.776355 0.775172 0.778991 0.765706
3 0.801205 0.741179 0.802899 0.745267 0.814571 0.74333 0.812688 0.739458
2 0.794239 0.738812 0.792922 0.743115 0.798381 0.751291 0.822477 0.748279 0.815136 0.738597 0.814383 0.737737 0.810617 0.736446
3 0.548946 0.819923 0.548946 0.82358 0.559676 0.824441 0.559864 0.821213
2 0.542922 0.816265 0.542169 0.829389 0.563065 0.829819 0.562876 0.818632
3 0.329254 0.858003 0.329443 0.861446 0.340173 0.863167 0.340173 0.85994
2 0.327372 0.853916 0.328313 0.857358 0.328502 0.861876 0.34808 0.865318 0.34808 0.858434 0.343562 0.855207
