1 0.305288 0.335577 0.304087 0.342308 0.343029 0.341346 0.344231 0.334295
1 0.300962 0.346795 0.3 0.353846 0.340865 0.352564 0.341827 0.345833
1 0.298798 0.357051 0.296635 0.363782 0.338221 0.3625 0.339183 0.35609
1 0.365144 0.357372 0.364183 0.363462 0.408173 0.363782 0.408894 0.357692
1 0.384375 0.346474 0.383413 0.353205 0.410337 0.353846 0.410817 0.347436
1 0.387981 0.334936 0.38726 0.342308 0.412019 0.342949 0.4125 0.335897
1 0.458413 0.336218 0.458173 0.342949 0.485096 0.34359 0.485577 0.337179
1 0.459375 0.346474 0.458894 0.353846 0.484615 0.354167 0.484615 0.347436
1 0.456731 0.357051 0.45625 0.363141 0.483894 0.3625 0.483654 0.356731
1 0.445433 0.308013 0.445192 0.3125 0.462019 0.310897 0.475 0.312179 0.486058 0.314423 0.486058 0.309295 0.475962 0.308013 0.4625 0.306731
1 0.446154 0.300641 0.445913 0.305449 0.459856 0.304487 0.470913 0.305769 0.486298 0.307372 0.486058 0.301603 0.475481 0.301282 0.46226 0.301603
1 0.45024 0.297436 0.44976 0.3 0.451202 0.3 0.466587 0.30032 0.486779 0.3 0.486779 0.295192 0.465865 0.296154
1 0.379327 0.30609 0.378365 0.310256 0.419231 0.307692 0.41899 0.303205 0.40649 0.303526
1 0.384135 0.30032 0.383654 0.303846 0.407452 0.302564 0.419471 0.301923 0.419952 0.298718 0.411538 0.298397
0 0.438462 0.31891 0.433173 0.367308 0.483894 0.365064 0.50649 0.366346 0.508894 0.324359 0.443029 0.317628
0 0.442067 0.286218 0.439423 0.317308 0.450481 0.315385 0.471394 0.314103 0.507212 0.322436 0.508413 0.296474 0.507452 0.292308 0.502644 0.288141 0.497596 0.285256 0.495913 0.280769 0.484375 0.279808 0.464423 0.284295 0.447356 0.285577
0 0.376442 0.294551 0.370433 0.314103 0.370192 0.322756 0.421635 0.31891 0.43774 0.317949 0.441106 0.286859 0.391587 0.292949
0 0.302885 0.322756 0.298317 0.333974 0.293029 0.357372 0.288462 0.36859 0.338221 0.368269 0.359135 0.367949 0.369471 0.319872 0.339183 0.320513 0.329327 0.319551
0 0.369712 0.323718 0.360577 0.367949 0.429087 0.367949 0.43726 0.319551
3 0.541827 0.589744 0.542548 0.594231 0.565625 0.590064 0.564904 0.585256
2 0.538702 0.58141 0.540865 0.595513 0.567067 0.590385 0.563942 0.575962
3 0.506731 0.744231 0.507212 0.75032 0.533654 0.747115 0.533173 0.741026
2 0.503846 0.734295 0.504808 0.751923 0.534615 0.748077 0.532692 0.729808 0.504808 0.733333
3 0.484615 0.641346 0.483894 0.646474 0.507212 0.64968 0.508173 0.644231
2 0.484375 0.632372 0.482212 0.646795 0.507933 0.65032 0.509375 0.634936
8 0.871635 0.742628 0.88101 0.780449 0.886779 0.779487 0.876923 0.741346
3 0.422115 0.796795 0.422837 0.802564 0.449038 0.796795 0.448317 0.790705
2 0.418029 0.785897 0.419952 0.804808 0.45 0.797436 0.448077 0.782051 0.445192 0.778846
3 0.317548 0.806731 0.317548 0.81218 0.34351 0.809615 0.34351 0.803846
2 0.315385 0.794872 0.314663 0.813462 0.344471 0.810577 0.344471 0.791346
3 0.229567 0.769551 0.228365 0.77532 0.252644 0.779808 0.253846 0.774359
2 0.230769 0.758333 0.225481 0.775641 0.253125 0.780769 0.257692 0.763141
3 0.217548 0.737179 0.216827 0.741987 0.218029 0.742628 0.231971 0.743269 0.232692 0.737179
2 0.217548 0.726603 0.214423 0.742949 0.221394 0.744551 0.241587 0.745192 0.244471 0.727564
3 0.311779 0.705769 0.310577 0.711538 0.334375 0.716346 0.336058 0.710897
2 0.313221 0.695833 0.308413 0.71218 0.335337 0.717949 0.339423 0.700962 0.338221 0.7
4 0.268029 0.671154 0.264904 0.694551 0.311058 0.695833 0.3125 0.695192 0.313702 0.695513 0.328846 0.696795 0.331731 0.6875 0.280048 0.683654 0.28125 0.672436
5 0.287981 0.68718 0.2875 0.694551 0.310096 0.695192 0.312019 0.694551 0.313221 0.694551 0.328365 0.696154 0.330769 0.688782
3 0.321875 0.647436 0.321394 0.652564 0.345192 0.652564 0.345673 0.647115
2 0.321635 0.637821 0.319231 0.653205 0.346154 0.653526 0.347596 0.639423 0.346394 0.6375
3 0.387019 0.63718 0.387019 0.641987 0.410096 0.639103 0.410096 0.634295
2 0.385096 0.628526 0.384615 0.64359 0.411058 0.639744 0.411538 0.62532
3 0.40625 0.695192 0.405048 0.700641 0.420433 0.703846 0.429327 0.70609 0.430529 0.700641
2 0.406971 0.684936 0.402885 0.700641 0.429327 0.707051 0.43125 0.702564 0.433173 0.693269 0.431971 0.690385
3 0.438942 0.616346 0.438942 0.621154 0.46226 0.619231 0.46226 0.614423
2 0.43726 0.608333 0.436538 0.622436 0.462981 0.620513 0.462981 0.60641 0.453125 0.60641
4 0.430529 0.582372 0.429567 0.600962 0.471875 0.598077 0.471394 0.590064 0.443029 0.592949 0.442548 0.582051
5 0.44399 0.594231 0.44399 0.599038 0.470913 0.597115 0.470433 0.592308
1 0.736779 0.321795 0.73774 0.328526 0.783414 0.333974 0.782692 0.326923
0 0.729808 0.305769 0.734375 0.355449 0.810577 0.358974 0.803365 0.314744
1 0.730288 0.284936 0.730769 0.290705 0.743269 0.291346 0.757452 0.291987 0.771154 0.294231 0.772115 0.290385 0.7625 0.28718 0.758173 0.2875 0.748798 0.287821 0.741587 0.286859
1 0.730769 0.291667 0.73149 0.295192 0.738942 0.296795 0.75 0.298718 0.764904 0.301282 0.775721 0.301923 0.775 0.298718 0.763221 0.296154 0.757212 0.29391 0.75 0.29359 0.743029 0.292628 0.734615 0.291667
0 0.722356 0.270833 0.724279 0.290385 0.726683 0.296474 0.728125 0.30032 0.8 0.308974 0.79976 0.302564 0.795673 0.301282 0.792548 0.276603 0.730769 0.270833
