0 0.384224 0.336059 0.382342 0.37543 0.409639 0.374355 0.4343 0.373709 0.4343 0.335198 0.408133 0.334983
1 0.386672 0.349613 0.386672 0.353701 0.400226 0.353485 0.40738 0.35284 0.418298 0.35241 0.418486 0.347892 0.406438 0.348322 0.396273 0.348752
1 0.388931 0.357573 0.388931 0.362522 0.396837 0.362091 0.403614 0.361876 0.410015 0.361876 0.418486 0.361661 0.418486 0.356928 0.409827 0.356928 0.399849 0.357143 0.392508 0.357573
1 0.62613 0.348322 0.627447 0.353916 0.637801 0.354561 0.647026 0.354991 0.653238 0.354991 0.659639 0.355207 0.669992 0.355422 0.669239 0.350258 0.658321 0.350043 0.648343 0.348967 0.637048 0.348107
0 0.619917 0.319062 0.619352 0.327238 0.620294 0.337134 0.621611 0.347676 0.623682 0.357358 0.634601 0.358219 0.643825 0.358003 0.654367 0.358219 0.673193 0.358864 0.671498 0.347031 0.668863 0.336704 0.667357 0.331756 0.667357 0.32315 0.651544 0.321429 0.635166 0.320353
1 0.850904 0.337995 0.851468 0.342298 0.853539 0.343158 0.85881 0.344019 0.863893 0.344234 0.866717 0.343589 0.870294 0.343589 0.873494 0.343804 0.87613 0.343804 0.878012 0.347031 0.881212 0.348322 0.884977 0.347461 0.889684 0.347246 0.891566 0.34617 0.889307 0.342513 0.882907 0.343374 0.880459 0.343589 0.8782 0.343158 0.875753 0.340577 0.873682 0.339501 0.868599 0.339931 0.865211 0.340577 0.862764 0.341222 0.859563 0.340146 0.855422 0.33864
0 0.842809 0.311317 0.847327 0.314329 0.849586 0.318417 0.852598 0.320783 0.852974 0.324226 0.851657 0.328959 0.849209 0.335843 0.848645 0.340146 0.84808 0.344449 0.853539 0.346386 0.860316 0.345955 0.865587 0.34617 0.869917 0.346816 0.872929 0.346816 0.87613 0.347892 0.879518 0.350688 0.887425 0.351549 0.891754 0.348967 0.893637 0.346816 0.892696 0.343374 0.886483 0.337995 0.883848 0.335198 0.883848 0.328959 0.883848 0.325301 0.883095 0.322074 0.880083 0.320353 0.870482 0.317556 0.86427 0.316265 0.857116 0.316265 0.852598 0.313038 0.84808 0.311532
2 0.446536 0.501291 0.445783 0.510757 0.451431 0.510757 0.458208 0.510757 0.465361 0.510757 0.466114 0.500861 0.455761 0.500645
3 0.44823 0.508176 0.448042 0.510327 0.452748 0.510542 0.454254 0.510542 0.45802 0.510327 0.45802 0.507745 0.454443 0.507315 0.451242 0.50753
3 0.84262 0.489888 0.843938 0.496342 0.845444 0.500645 0.846386 0.506239 0.849209 0.505809 0.847327 0.499139 0.845821 0.493761 0.844691 0.489028
2 0.841679 0.488167 0.842809 0.493546 0.844126 0.499139 0.846009 0.5071 0.849021 0.50667 0.853163 0.506454 0.853916 0.505809 0.850904 0.49247 0.849209 0.487522
