3 0.386672 0.399742 0.406815 0.39673 0.407191 0.401893 0.387048 0.404905
2 0.383471 0.390275 0.419804 0.383821 0.420369 0.400387 0.412462 0.402969 0.383471 0.406411
3 0.46555 0.399527 0.485316 0.396299 0.486258 0.402108 0.465361 0.40512
2 0.460843 0.389415 0.496047 0.384036 0.498117 0.385327 0.499812 0.401678 0.462349 0.407272
3 0.520708 0.391997 0.541039 0.391781 0.541227 0.39716 0.521273 0.398021
2 0.517508 0.3821 0.555346 0.38167 0.556288 0.399742 0.518072 0.400387 0.517696 0.398021
3 0.576996 0.362952 0.596386 0.361016 0.59695 0.366609 0.577937 0.368115
2 0.572101 0.353916 0.58942 0.35284 0.608622 0.351119 0.612387 0.366609 0.611069 0.367255 0.574736 0.371342
3 0.66811 0.387909 0.669428 0.393718 0.702937 0.394793 0.702748 0.3892
2 0.664345 0.377582 0.677334 0.378658 0.702184 0.379733 0.704819 0.396515 0.689571 0.396945 0.665663 0.395439
3 0.821913 0.38167 0.842056 0.381239 0.842997 0.387263 0.823983 0.387909
2 0.815889 0.372418 0.836032 0.372418 0.851468 0.371127 0.853916 0.37457 0.85448 0.378442 0.85881 0.388769 0.838291 0.389845 0.822477 0.389845
3 0.890625 0.438038 0.893261 0.444923 0.925075 0.443417 0.923569 0.437392
2 0.88573 0.427926 0.919804 0.42685 0.927711 0.446429 0.890437 0.447504
3 0.954819 0.459983 0.975527 0.458692 0.977974 0.465577 0.957643 0.466437
2 0.948795 0.44901 0.982492 0.446859 0.991905 0.467083 0.955761 0.467943
3 0.327748 0.616824 0.326619 0.625645 0.367282 0.627367 0.368411 0.6179
2 0.327184 0.600688 0.371423 0.601764 0.368976 0.627367 0.365211 0.629303 0.322666 0.628012 0.322289 0.62457
3 0.448419 0.616179 0.44823 0.625215 0.488517 0.624355 0.488328 0.615964
2 0.445218 0.600258 0.487952 0.599828 0.490776 0.604776 0.490211 0.625861 0.444089 0.627797 0.443524 0.621773
3 0.603539 0.725688 0.630648 0.725043 0.631589 0.73494 0.603539 0.7358
2 0.597703 0.708046 0.647967 0.706971 0.652673 0.738597 0.599209 0.738812
3 0.73381 0.722676 0.78012 0.721386 0.781626 0.731497 0.73494 0.732358
2 0.727033 0.703528 0.777861 0.703098 0.784074 0.73537 0.731363 0.736446
3 0.804405 0.710198 0.84808 0.69858 0.852221 0.709768 0.809111 0.71988
2 0.795557 0.693417 0.842997 0.682444 0.845068 0.684165 0.854292 0.711489 0.852221 0.715361 0.805535 0.726119 0.801393 0.716867
3 0.222892 0.716867 0.247741 0.719234 0.24567 0.728485 0.222703 0.726764
2 0.224209 0.69858 0.264307 0.701377 0.267696 0.706325 0.263178 0.731713 0.21762 0.72784
5 0.124059 0.454174 0.175452 0.485585 0.166792 0.491609 0.120482 0.462134
4 0.121235 0.449871 0.116905 0.464501 0.167733 0.494191 0.177334 0.483649
