3 0.120482 0.471601 0.119729 0.475258 0.129895 0.475688 0.130648 0.471816
2 0.122553 0.465577 0.12067 0.468374 0.118599 0.473322 0.118599 0.476334 0.136107 0.476549 0.139119 0.467298 0.137989 0.464931
3 0.203313 0.623924 0.201995 0.628442 0.213479 0.63296 0.215173 0.628227
2 0.205572 0.614888 0.19936 0.628657 0.21988 0.636833 0.22628 0.622418
3 0.641002 0.536575 0.64119 0.540663 0.662086 0.541738 0.662086 0.537005
2 0.638366 0.527969 0.638931 0.541523 0.663215 0.543244 0.662462 0.530336 0.661333 0.52926
3 0.724398 0.528184 0.723645 0.531842 0.736822 0.533348 0.736634 0.529475
2 0.721197 0.520654 0.722327 0.532917 0.745105 0.534639 0.745105 0.523021
3 0.882342 0.535714 0.883471 0.539157 0.894955 0.536145 0.892696 0.532487
2 0.877636 0.527754 0.882907 0.540663 0.902297 0.535069 0.897402 0.52259
3 0.659262 0.363167 0.659074 0.366609 0.670557 0.369621 0.670746 0.366609
2 0.657944 0.357788 0.656626 0.366824 0.676958 0.371988 0.677899 0.365749 0.675264 0.362306
3 0.984187 0.445353 0.985504 0.448795 0.995482 0.447289 0.994352 0.444062
2 0.980045 0.439114 0.984752 0.450732 0.997553 0.448365 0.993411 0.437177
