3 0.111069 0.474182 0.124247 0.473537 0.123117 0.47827 0.109752 0.47827
3 0.21122 0.39673 0.228351 0.396515 0.227598 0.401248 0.209902 0.401033
3 0.188065 0.46278 0.21009 0.458692 0.209714 0.46321 0.187688 0.467513
3 0.263366 0.473107 0.279367 0.474182 0.27805 0.479131 0.262048 0.478485
3 0.380271 0.448795 0.408697 0.447504 0.408509 0.453098 0.380083 0.453959
3 0.482116 0.446859 0.511672 0.448795 0.511672 0.454604 0.482492 0.452883
3 0.568524 0.457401 0.598456 0.461059 0.598268 0.466867 0.568148 0.46278
3 0.646084 0.458262 0.677711 0.461274 0.677334 0.466652 0.646649 0.46321
3 0.723268 0.460413 0.754518 0.460198 0.755271 0.466007 0.724021 0.466222
3 0.801017 0.461489 0.831514 0.458907 0.833208 0.464716 0.803276 0.466867 0.801958 0.46321
3 0.876506 0.458262 0.905874 0.458262 0.907191 0.464071 0.878012 0.464071
3 0.775602 0.383821 0.804405 0.384036 0.805158 0.3892 0.776167 0.388769
3 0.685241 0.372418 0.711973 0.371773 0.712726 0.376291 0.685994 0.376506
3 0.111258 0.622848 0.133095 0.625215 0.134601 0.625861 0.131965 0.632315 0.108998 0.628873
3 0.028614 0.69191 0.050075 0.69858 0.04744 0.704604 0.026732 0.69815
3 0.099962 0.702668 0.124812 0.707186 0.122553 0.713855 0.099021 0.709768
3 0.162274 0.73537 0.191265 0.733864 0.190512 0.741824 0.162086 0.742685
3 0.258283 0.652108 0.276544 0.652754 0.275979 0.660069 0.25753 0.659423
3 0.236634 0.756885 0.254706 0.761618 0.252824 0.769578 0.234752 0.76463
3 0.317018 0.679432 0.34808 0.68395 0.347139 0.69148 0.316453 0.686962
3 0.325489 0.729561 0.346009 0.733434 0.344691 0.741394 0.324736 0.737091 0.325489 0.730422
3 0.385354 0.677926 0.418675 0.679862 0.418675 0.686962 0.384977 0.685456
3 0.412839 0.748924 0.4343 0.75 0.433923 0.759036 0.412086 0.7571
3 0.470633 0.651033 0.50433 0.648881 0.504706 0.656626 0.471197 0.658348
3 0.51939 0.745267 0.555346 0.741824 0.556099 0.750215 0.520331 0.753227
3 0.628953 0.743115 0.666604 0.74204 0.66698 0.75043 0.629706 0.751506
3 0.713291 0.747848 0.752447 0.749139 0.753389 0.757745 0.714044 0.756454
3 0.831514 0.766566 0.855986 0.765491 0.857492 0.774957 0.833584 0.774957
3 0.945407 0.75753 0.969503 0.756239 0.971574 0.76463 0.947289 0.766351
3 0.322477 0.298193 0.335843 0.297762 0.335843 0.30142 0.321536 0.302065
3 0.606175 0.265491 0.631589 0.266136 0.631401 0.270009 0.606175 0.269148
2 0.604292 0.259251 0.60448 0.270439 0.631965 0.270654 0.631965 0.259897
2 0.323042 0.291954 0.320218 0.302711 0.343185 0.302926 0.345444 0.291954
2 0.213102 0.38963 0.208584 0.401033 0.208208 0.402324 0.22948 0.402324 0.233057 0.3892
2 0.113893 0.466437 0.107304 0.479346 0.130271 0.479561 0.136295 0.464931
2 0.1875 0.454819 0.185053 0.469449 0.211032 0.464501 0.212538 0.44901
2 0.263931 0.46364 0.259413 0.479131 0.286709 0.480852 0.290286 0.476549 0.292545 0.464931
2 0.378577 0.439759 0.378012 0.45568 0.40945 0.454604 0.410203 0.437823
2 0.480798 0.437823 0.479669 0.453959 0.512236 0.455895 0.513554 0.438898 0.481739 0.437392
2 0.566453 0.44815 0.5657 0.46321 0.599398 0.467943 0.599398 0.451377
2 0.643072 0.447289 0.643449 0.464501 0.679782 0.468374 0.67884 0.450732
2 0.718185 0.450086 0.721762 0.467298 0.757907 0.467943 0.754142 0.450301
2 0.795557 0.450732 0.800452 0.468804 0.83509 0.464931 0.829819 0.448365
2 0.871235 0.44901 0.876883 0.469234 0.911709 0.469019 0.904744 0.44901
2 0.771837 0.375861 0.775038 0.390275 0.804593 0.390706 0.807041 0.388984 0.800828 0.375215 0.79744 0.375861 0.77259 0.37543
2 0.679405 0.363597 0.682982 0.378227 0.713855 0.377367 0.710655 0.363382
3 0.735128 0.267857 0.75 0.265491 0.750941 0.268718 0.736069 0.271084
2 0.731363 0.261833 0.734187 0.27259 0.762236 0.268503 0.757718 0.258606
2 0.03125 0.680508 0.024096 0.698795 0.048005 0.706971 0.055158 0.686532
2 0.113328 0.611876 0.106175 0.631239 0.13253 0.635972 0.139119 0.616609
2 0.102598 0.688253 0.096386 0.709983 0.124059 0.715792 0.131589 0.692341
2 0.161898 0.722246 0.159262 0.744836 0.192395 0.74333 0.192959 0.722676 0.189759 0.72074
2 0.258095 0.64006 0.254706 0.658563 0.256212 0.660284 0.287086 0.661575 0.291227 0.641136
2 0.238517 0.743546 0.231928 0.766136 0.26506 0.775387 0.270708 0.759897 0.269578 0.750215 0.240023 0.74204
2 0.316642 0.666093 0.312124 0.688038 0.34808 0.693201 0.350715 0.670396
2 0.384224 0.665448 0.382342 0.687177 0.419616 0.689114 0.420181 0.668675 0.417357 0.665663
2 0.326054 0.716222 0.322101 0.739243 0.358246 0.745052 0.361069 0.726549 0.359752 0.721816 0.327372 0.715577
2 0.411145 0.734079 0.409827 0.758176 0.449172 0.761188 0.450489 0.741824 0.447477 0.736231
2 0.468374 0.638124 0.468562 0.661145 0.506777 0.658348 0.504895 0.637048
2 0.514496 0.730852 0.517319 0.754733 0.557417 0.751506 0.555158 0.727194
2 0.623306 0.72784 0.625753 0.753657 0.668486 0.751506 0.666039 0.726119
2 0.707643 0.731067 0.710467 0.758176 0.754518 0.759036 0.751694 0.732143
2 0.825678 0.748924 0.829819 0.776678 0.874059 0.775387 0.868599 0.748279
2 0.937876 0.740534 0.944465 0.768287 0.98814 0.765275 0.980233 0.738382
3 0.048569 0.624785 0.069842 0.621558 0.069654 0.627152 0.048946 0.630164
2 0.049511 0.614458 0.044804 0.631239 0.071348 0.629303 0.07436 0.610585
