3 0.533321 0.265706 0.554217 0.26506 0.554593 0.268503 0.533321 0.268933
2 0.530685 0.260542 0.554782 0.259682 0.555535 0.270009 0.531815 0.269793
3 0.787274 0.255594 0.807229 0.25667 0.808547 0.260757 0.78878 0.259682
2 0.784074 0.24957 0.805911 0.251506 0.809488 0.261188 0.786709 0.259897
3 0.806664 0.307014 0.82869 0.305293 0.829631 0.30938 0.807794 0.311317
2 0.802334 0.30099 0.826807 0.299699 0.831325 0.311317 0.807229 0.312608
3 0.176205 0.40426 0.197289 0.402108 0.19616 0.407487 0.175264 0.408348
2 0.176958 0.39716 0.19936 0.395224 0.197101 0.408133 0.173005 0.410069
3 0.124812 0.516781 0.149096 0.50796 0.149285 0.513769 0.125941 0.521945
2 0.122929 0.509036 0.149096 0.50043 0.150979 0.514415 0.123117 0.523881
3 0.26506 0.519793 0.291039 0.513554 0.290851 0.520869 0.264872 0.526893
2 0.262801 0.511188 0.291227 0.504733 0.292545 0.521945 0.262613 0.528399
3 0.280874 0.443847 0.302523 0.449441 0.299887 0.454174 0.278614 0.44858
2 0.281626 0.435671 0.306476 0.44148 0.302146 0.455895 0.276167 0.44858
5 0.41058 0.549268 0.44183 0.548838 0.441265 0.556583 0.41058 0.554862
4 0.408886 0.546472 0.443148 0.547978 0.442771 0.556799 0.442395 0.561102 0.408886 0.557229
5 0.393825 0.402539 0.41698 0.402754 0.417169 0.407057 0.393637 0.406626
4 0.392884 0.400818 0.418298 0.401248 0.418298 0.407917 0.392508 0.407702
3 0.700866 0.41975 0.724962 0.41889 0.726092 0.424914 0.701996 0.42599
2 0.698983 0.413511 0.724021 0.413081 0.727221 0.42599 0.701054 0.427065
8 0.676017 0.407917 0.683923 0.461059 0.715738 0.462349 0.716491 0.461704 0.71009 0.427281 0.700489 0.427496 0.698607 0.412866 0.707831 0.412651 0.707267 0.409423
3 0.685806 0.476334 0.692583 0.476549 0.69823 0.508821 0.691077 0.508821
2 0.677146 0.475688 0.692959 0.475688 0.69936 0.509251 0.683735 0.510112
3 0.765813 0.436317 0.791227 0.435241 0.792733 0.44105 0.766943 0.442126 0.765437 0.436532
2 0.764872 0.435671 0.791792 0.43438 0.797252 0.450301 0.768637 0.451592
3 0.783133 0.469019 0.810617 0.470095 0.812124 0.476119 0.784827 0.474613
2 0.78125 0.459552 0.810617 0.461489 0.812688 0.476979 0.78238 0.475473
5 0.838291 0.547332 0.860693 0.547762 0.862199 0.55185 0.838479 0.552065
4 0.836785 0.546256 0.862011 0.546256 0.863705 0.553356 0.837726 0.553571
5 0.826619 0.477625 0.84808 0.47741 0.849209 0.481497 0.827372 0.482143
4 0.824925 0.476979 0.848833 0.476334 0.850527 0.483219 0.826807 0.484079
5 0.848645 0.421687 0.870294 0.421256 0.871235 0.424484 0.850151 0.425344
4 0.848645 0.420826 0.870858 0.420181 0.871988 0.425559 0.849962 0.42642 0.847703 0.421041
3 0.935241 0.45654 0.956137 0.454174 0.957455 0.459337 0.9375 0.461489
2 0.929593 0.447935 0.953313 0.446429 0.959149 0.461274 0.933923 0.462995
3 0.943712 0.49957 0.966114 0.49957 0.96762 0.504948 0.944842 0.505809 0.943148 0.500215
2 0.939759 0.49204 0.965361 0.492685 0.969503 0.508176 0.943901 0.5071 0.939947 0.493546
5 0.942959 0.466652 0.96442 0.468804 0.96442 0.472031 0.944842 0.47117
4 0.94183 0.465361 0.964232 0.465792 0.965926 0.473107 0.943712 0.472031
5 0.574736 0.442771 0.588102 0.443417 0.588102 0.445568 0.574925 0.445353
4 0.573607 0.44105 0.589232 0.44148 0.58942 0.446213 0.574172 0.445783
5 0.647026 0.445138 0.660392 0.445138 0.660392 0.447719 0.647026 0.447504
4 0.646273 0.444277 0.660956 0.444492 0.661521 0.448365 0.646837 0.44815
3 0.48494 0.672762 0.493035 0.672978 0.490776 0.712564 0.481928 0.712564
2 0.476468 0.66932 0.494729 0.671687 0.49134 0.715792 0.472703 0.713855
3 0.628577 0.718158 0.655497 0.718589 0.655874 0.725258 0.628953 0.725258
2 0.622553 0.707616 0.655309 0.707831 0.657756 0.728485 0.623117 0.726979
5 0.371423 0.219019 0.376318 0.219234 0.372364 0.240534 0.366905 0.240534
4 0.370294 0.217943 0.380459 0.218158 0.376883 0.246988 0.365211 0.246343
3 0.77052 0.211489 0.789533 0.21278 0.790474 0.214931 0.770896 0.214501
2 0.766754 0.206971 0.789345 0.207831 0.791416 0.216007 0.76939 0.214716
7 0.14552 0.393933 0.165851 0.393072 0.165286 0.398021 0.144014 0.398666
6 0.14552 0.391997 0.167733 0.392642 0.165663 0.399527 0.142696 0.400387
