5 0.364081 0.125215 0.394767 0.128012 0.395143 0.13253 0.363705 0.129733
4 0.35128 0.112091 0.351092 0.129948 0.396084 0.133821 0.396084 0.127151 0.362387 0.123494 0.362575 0.113167
3 0.461408 0.221816 0.470444 0.220955 0.48381 0.221601 0.483998 0.225258 0.471386 0.225043 0.461596 0.225473
2 0.458584 0.214071 0.459149 0.226549 0.48494 0.226119 0.483998 0.214716
3 0.57323 0.207616 0.597139 0.211059 0.597327 0.215361 0.573042 0.212349
2 0.57116 0.200086 0.571724 0.212995 0.598268 0.216437 0.597703 0.203744
3 0.579819 0.239243 0.603163 0.239888 0.603727 0.243546 0.580196 0.242685
2 0.576996 0.231497 0.577937 0.244191 0.605798 0.244621 0.604104 0.232143
5 0.45802 0.180508 0.487764 0.179647 0.488328 0.184165 0.458396 0.184596
4 0.424322 0.17642 0.425264 0.186747 0.490023 0.185241 0.48814 0.178141 0.442395 0.180508 0.44183 0.175129
