1 0.220633 0.113382 0.218185 0.123924 0.292545 0.118976 0.294239 0.106713
0 0.22308 0.070783 0.221574 0.077668 0.209526 0.131454 0.298946 0.124785 0.309864 0.063898 0.237199 0.068632
1 0.540663 0.089501 0.541604 0.099182 0.586408 0.103055 0.624624 0.106713 0.625753 0.100473 0.585843 0.094234
0 0.532191 0.054002 0.537651 0.107573 0.632907 0.111661 0.624059 0.061747
1 0.766754 0.003873 0.768449 0.014415 0.798569 0.021299 0.833396 0.025387 0.831514 0.016997 0.815324 0.0142 0.794804 0.010542 0.767884 0.003657
0 0.761483 0.00043 0.763931 0.023236 0.813818 0.030766 0.826054 0.028614 0.841114 0.032272 0.830572 0.000861 0.829631 0.000215
3 0.071913 0.401033 0.072854 0.406842 0.100715 0.399742 0.100527 0.394578
2 0.068524 0.391351 0.068901 0.408778 0.073607 0.408563 0.102033 0.400602 0.100715 0.382315 0.07756 0.388339 0.069465 0.390275
3 0.160203 0.392212 0.15945 0.398881 0.188818 0.400172 0.189383 0.393718
2 0.158886 0.380379 0.156438 0.386403 0.156438 0.390921 0.155685 0.398666 0.156626 0.399312 0.189571 0.401248 0.191265 0.393287 0.190512 0.388339 0.191642 0.385112 0.191642 0.38167
3 0.301393 0.370267 0.301017 0.375645 0.331514 0.377367 0.332078 0.371342
2 0.300264 0.358649 0.298004 0.376721 0.330008 0.379088 0.332643 0.378658 0.33509 0.361016 0.333396 0.360155 0.303276 0.358434
