1 0.064383 0.212349 0.101845 0.216222 0.097892 0.224182 0.061182 0.220525 0.06363 0.212349
0 0.052523 0.172547 0.050452 0.193847 0.040663 0.209552 0.033133 0.22117 0.067771 0.225258 0.098833 0.22827 0.110881 0.211274 0.117093 0.201162 0.118411 0.180508 0.084526 0.178141 0.053087 0.171256
1 0.355798 0.217728 0.427523 0.218374 0.426958 0.228916 0.354857 0.22827
0 0.360128 0.182014 0.349209 0.233864 0.431099 0.233649 0.437312 0.182444
1 0.721009 0.207401 0.789721 0.215361 0.792169 0.226549 0.722703 0.218374
0 0.708773 0.170826 0.71988 0.224613 0.798946 0.232143 0.782944 0.179647
3 0.136107 0.402108 0.150414 0.403399 0.148343 0.408133 0.134036 0.406842
3 0.121047 0.452668 0.135919 0.452022 0.135542 0.456756 0.120105 0.457616
2 0.137989 0.393503 0.131965 0.407917 0.152485 0.410284 0.158509 0.407272 0.162086 0.396515
2 0.121611 0.443847 0.118411 0.458692 0.144578 0.458262 0.147779 0.442556
3 0.176581 0.47117 0.193524 0.470095 0.192959 0.475258 0.175828 0.476119
2 0.176017 0.461274 0.173005 0.476979 0.199548 0.476119 0.204255 0.469449 0.206514 0.459983
3 0.253765 0.446429 0.269955 0.446429 0.269578 0.451162 0.252636 0.451162 0.2532 0.446213
2 0.253389 0.436532 0.249812 0.451807 0.279179 0.453098 0.281062 0.441695 0.281438 0.437823
3 0.342809 0.45525 0.35994 0.453528 0.360128 0.458692 0.342809 0.461059 0.342809 0.45611
2 0.340738 0.445568 0.34055 0.462565 0.372364 0.458907 0.371235 0.443417
3 0.429029 0.390921 0.446536 0.392212 0.44616 0.39716 0.42884 0.396084
3 0.490399 0.400172 0.515248 0.401463 0.515248 0.406196 0.489646 0.404475 0.489834 0.400818
3 0.42997 0.454389 0.447854 0.45568 0.447477 0.461704 0.429782 0.459983
3 0.544616 0.396299 0.560994 0.396299 0.561559 0.401033 0.544992 0.401248
3 0.549511 0.449871 0.567018 0.448795 0.567583 0.453959 0.549887 0.45525
3 0.581514 0.395224 0.59695 0.399742 0.596009 0.404045 0.580196 0.399742 0.581137 0.395009
3 0.586785 0.451592 0.586032 0.457616 0.603351 0.459337 0.603727 0.453744
3 0.621988 0.460628 0.639307 0.460413 0.639872 0.465792 0.622553 0.465792
3 0.650414 0.404905 0.665663 0.407057 0.665851 0.411575 0.650602 0.409854
3 0.693901 0.399312 0.709714 0.399096 0.71009 0.40469 0.694654 0.40426
3 0.707078 0.456756 0.725151 0.457186 0.725715 0.46278 0.707643 0.462565 0.707267 0.457831
3 0.052899 0.583692 0.069089 0.583907 0.068336 0.589931 0.052146 0.589501
3 0.094691 0.576377 0.110693 0.576377 0.109752 0.583046 0.093373 0.583046
3 0.143261 0.589931 0.161898 0.591652 0.16058 0.597676 0.142131 0.595525 0.142696 0.590146
3 0.083396 0.65383 0.100715 0.651248 0.100715 0.657917 0.083396 0.660069 0.083208 0.65469
3 0.211596 0.660284 0.230798 0.660929 0.229669 0.668244 0.210843 0.667599
3 0.274849 0.582186 0.293486 0.583692 0.292733 0.591437 0.273908 0.590146
3 0.266943 0.658133 0.285392 0.660714 0.28445 0.667599 0.265813 0.665017
3 0.318148 0.578098 0.336785 0.578528 0.336785 0.585198 0.317583 0.585198
3 0.396273 0.585628 0.41491 0.585198 0.415286 0.592083 0.39552 0.592083 0.395331 0.585843
3 0.355045 0.665878 0.355045 0.673838 0.375 0.671472 0.374812 0.664157
3 0.394202 0.657917 0.413215 0.658778 0.412839 0.666093 0.393261 0.664802 0.393261 0.658133
3 0.458773 0.660929 0.479857 0.661145 0.47948 0.668675 0.458773 0.668244
3 0.515248 0.591437 0.534639 0.591437 0.534827 0.598322 0.51506 0.598537
3 0.565324 0.662005 0.585655 0.662005 0.585467 0.668244 0.565512 0.668675 0.565512 0.663296
3 0.559864 0.578313 0.590361 0.578313 0.591114 0.584983 0.559864 0.584768 0.560053 0.579389
3 0.599962 0.586704 0.631401 0.591007 0.630648 0.597461 0.599962 0.593158 0.600151 0.587349
3 0.609375 0.675774 0.628389 0.672547 0.629518 0.679647 0.610504 0.682229
3 0.653803 0.60241 0.671875 0.597676 0.673758 0.604346 0.655685 0.609079
3 0.659074 0.677281 0.679593 0.677065 0.679782 0.683735 0.679782 0.684811 0.658886 0.684811
3 0.715926 0.567341 0.718562 0.602625 0.724962 0.602625 0.72195 0.56691
3 0.733434 0.636618 0.7532 0.635757 0.754142 0.642857 0.734563 0.643503
3 0.789157 0.65383 0.808735 0.653184 0.8093 0.659854 0.790286 0.660499 0.790098 0.654045
3 0.925075 0.392857 0.938441 0.393503 0.939571 0.397375 0.925828 0.39716
3 0.956514 0.40469 0.969503 0.40426 0.971386 0.408993 0.958208 0.409639
2 0.427899 0.381239 0.42564 0.39716 0.457078 0.400172 0.457831 0.384682
2 0.42997 0.445568 0.428087 0.461704 0.443336 0.462565 0.459337 0.463425 0.461032 0.44815
2 0.488705 0.390706 0.487575 0.407057 0.515437 0.407702 0.518637 0.402108 0.518449 0.392642 0.48814 0.390706
2 0.542545 0.386833 0.542733 0.402754 0.572666 0.402754 0.572101 0.387263
2 0.547063 0.439974 0.547628 0.456325 0.578878 0.454604 0.578125 0.438038
2 0.579066 0.386618 0.577184 0.400172 0.608057 0.407917 0.608998 0.395224
2 0.583396 0.442126 0.582831 0.458477 0.615587 0.462134 0.615964 0.444923
2 0.618788 0.450732 0.619729 0.467083 0.650414 0.466222 0.649473 0.449656
2 0.647402 0.395869 0.648532 0.410929 0.676958 0.414157 0.676205 0.399096
2 0.690136 0.390275 0.692583 0.405336 0.720633 0.406196 0.718938 0.391136
2 0.70369 0.447289 0.706137 0.464071 0.736822 0.464501 0.734752 0.447719
2 0.920181 0.383821 0.924699 0.399096 0.949548 0.398451 0.946536 0.393718 0.943712 0.384466
2 0.951807 0.396515 0.956702 0.410714 0.978727 0.409639 0.973268 0.395869
2 0.054217 0.572074 0.048946 0.591222 0.076807 0.592513 0.082078 0.57315
2 0.082643 0.641351 0.080949 0.66222 0.112011 0.658348 0.113328 0.641997 0.111069 0.638124
2 0.095256 0.565189 0.089985 0.584552 0.12067 0.584552 0.12387 0.569277 0.122176 0.566265
2 0.143825 0.577883 0.139495 0.596386 0.171122 0.600688 0.175452 0.585843 0.173005 0.58111
2 0.211785 0.648236 0.207643 0.66889 0.238893 0.671041 0.242658 0.667169 0.244917 0.650172
2 0.274849 0.571213 0.271461 0.591437 0.303464 0.594019 0.307417 0.57315
2 0.266378 0.645439 0.262425 0.666738 0.296122 0.671687 0.299511 0.649957
2 0.316642 0.566695 0.314383 0.586919 0.349962 0.58778 0.35128 0.567771
2 0.351845 0.653399 0.351845 0.676205 0.386107 0.671902 0.387048 0.649527
2 0.39006 0.644363 0.389119 0.666523 0.426958 0.667814 0.42884 0.645654
2 0.394014 0.574226 0.392884 0.595095 0.427711 0.59488 0.429217 0.573795
2 0.45689 0.647375 0.456325 0.669535 0.493411 0.670611 0.494352 0.648881
2 0.513178 0.580034 0.512989 0.600904 0.547628 0.599613 0.54744 0.58025
2 0.557229 0.566695 0.557041 0.587564 0.591679 0.586274 0.591679 0.56691
2 0.597892 0.574441 0.597703 0.59531 0.632907 0.600688 0.634601 0.579604
2 0.563065 0.64759 0.563441 0.671041 0.599586 0.670181 0.598833 0.648451
2 0.605045 0.662005 0.607681 0.685241 0.643637 0.681368 0.64119 0.658348
2 0.655685 0.664372 0.656438 0.686102 0.693901 0.686102 0.691077 0.662866
2 0.647214 0.591222 0.653426 0.611446 0.685806 0.60241 0.680535 0.582401
2 0.704819 0.56605 0.708773 0.606497 0.72741 0.605852 0.723268 0.56562
2 0.729669 0.623494 0.732116 0.644793 0.767508 0.643287 0.764119 0.623279
2 0.786333 0.642427 0.789157 0.662866 0.823419 0.660499 0.818901 0.640491
3 0.144014 0.802926 0.161145 0.797117 0.16058 0.803356 0.144955 0.80895
2 0.13366 0.80185 0.131024 0.825947 0.162462 0.81605 0.165663 0.792169
