5 0.194089 0.106282 0.219691 0.099398 0.21988 0.103485 0.194089 0.110585
4 0.192583 0.106067 0.220444 0.098537 0.220444 0.104776 0.192959 0.111661
5 0.938253 0.358864 0.976092 0.35327 0.976657 0.35994 0.939194 0.365318
4 0.935994 0.357788 0.977974 0.351549 0.978351 0.362091 0.936559 0.367255
5 0.437688 0.441265 0.474962 0.434165 0.474962 0.441695 0.438065 0.447935
5 0.432605 0.366179 0.46988 0.359079 0.46988 0.366609 0.432982 0.373064
5 0.418675 0.231067 0.45369 0.223322 0.452748 0.229561 0.419051 0.237737
4 0.416227 0.230637 0.455008 0.222031 0.454819 0.230422 0.417357 0.239028
4 0.432041 0.365964 0.470633 0.357358 0.471009 0.36747 0.432041 0.374355
4 0.436935 0.44062 0.476092 0.432444 0.475904 0.44191 0.436935 0.448795
5 0.182794 0.28679 0.210279 0.278399 0.21009 0.282917 0.183547 0.291308
5 0.172252 0.416093 0.201995 0.409423 0.202372 0.415017 0.172628 0.422117
4 0.171875 0.414587 0.203502 0.407917 0.203125 0.417169 0.17131 0.424484
4 0.181664 0.285284 0.212726 0.275602 0.211408 0.285069 0.180723 0.292814
5 0.173005 0.486661 0.204066 0.480637 0.203878 0.486231 0.173946 0.491179
4 0.171875 0.486231 0.205572 0.480207 0.205384 0.487737 0.172063 0.49247
5 0.223456 0.390491 0.2532 0.384466 0.253765 0.38963 0.222327 0.39759
4 0.221762 0.390275 0.254518 0.382745 0.255083 0.392427 0.220068 0.399742
