1 0.209526 0.172762 0.248117 0.160714 0.25 0.172978 0.210843 0.182874
0 0.185806 0.14716 0.181288 0.162651 0.182041 0.179647 0.180535 0.195138 0.255083 0.175344 0.256401 0.165448 0.250565 0.15469 0.252447 0.143503 0.255836 0.127797
1 0.414533 0.137694 0.461408 0.128012 0.462349 0.137478 0.416416 0.149096
0 0.389496 0.111015 0.471009 0.098967 0.465926 0.131885 0.464985 0.143072 0.441642 0.148021 0.383283 0.165017
3 0.258095 0.430077 0.281626 0.423623 0.282003 0.428571 0.25866 0.434165
2 0.255459 0.420611 0.285015 0.413511 0.28445 0.427711 0.282568 0.429862 0.255836 0.435241
3 0.826431 0.625215 0.857492 0.627582 0.857869 0.634682 0.826431 0.63253
3 0.711785 0.635757 0.745858 0.63253 0.746235 0.640706 0.712914 0.642427
3 0.707455 0.598537 0.741529 0.59531 0.741905 0.603485 0.708584 0.605422
3 0.577372 0.634682 0.611258 0.631239 0.611822 0.639415 0.578502 0.641351
3 0.569089 0.574871 0.606551 0.575732 0.605986 0.582186 0.570218 0.58154
2 0.568336 0.561532 0.606928 0.563683 0.607116 0.584552 0.567771 0.581971
2 0.572101 0.621343 0.611258 0.61747 0.614834 0.640921 0.573795 0.643072
2 0.703313 0.585843 0.73927 0.582616 0.741152 0.605207 0.705008 0.607788
2 0.705761 0.622418 0.743035 0.620482 0.747929 0.641136 0.707455 0.644148
2 0.820595 0.612091 0.860316 0.615103 0.861069 0.635327 0.821348 0.633176
3 0.447101 0.630594 0.47948 0.634897 0.478916 0.642857 0.446913 0.637909
2 0.451054 0.617685 0.480798 0.622848 0.481363 0.644578 0.443148 0.638554 0.445783 0.622848
3 0.308358 0.560886 0.305346 0.565835 0.32756 0.583046 0.330572 0.578098
2 0.307605 0.559596 0.298193 0.575086 0.310053 0.585843 0.323795 0.596816 0.33302 0.578744
3 0.288215 0.628012 0.285956 0.633606 0.313253 0.643287 0.316077 0.636618
2 0.289157 0.614028 0.320218 0.625215 0.313253 0.645009 0.282191 0.634466
3 0.253953 0.475258 0.278426 0.473537 0.277485 0.479346 0.253577 0.481282
2 0.251506 0.465146 0.280685 0.464501 0.279744 0.47784 0.278238 0.480852 0.250376 0.481928
3 0.153803 0.461704 0.176017 0.459122 0.175075 0.464931 0.153426 0.467083
2 0.154179 0.452668 0.17884 0.450516 0.176205 0.465577 0.151355 0.467513
3 0.206137 0.623924 0.230422 0.624785 0.22948 0.63296 0.205761 0.630809
2 0.205196 0.613597 0.203878 0.631885 0.230233 0.634036 0.231928 0.616179
3 0.216679 0.579604 0.241717 0.576592 0.239081 0.583692 0.215738 0.587134
2 0.214985 0.568417 0.213855 0.58864 0.239834 0.584768 0.243223 0.568201
3 0.080572 0.565189 0.103163 0.563898 0.102786 0.570568 0.081702 0.571429
2 0.079631 0.555293 0.080008 0.571859 0.103539 0.571213 0.104857 0.555938
