3 0.532933 0.333013 0.553365 0.331731 0.553846 0.336218 0.533414 0.336538
2 0.529808 0.325962 0.551923 0.325 0.555529 0.337179 0.532452 0.3375
5 0.377885 0.210897 0.424279 0.215385 0.423077 0.221795 0.377163 0.217628
4 0.352404 0.182692 0.370913 0.184295 0.36851 0.207051 0.426683 0.214423 0.425481 0.222436 0.349038 0.215705
5 0.264423 0.196795 0.312019 0.202564 0.311538 0.210577 0.263221 0.203526
4 0.240865 0.166987 0.259615 0.169872 0.256731 0.192949 0.314183 0.201282 0.31226 0.2125 0.234615 0.199359
5 0.013462 0.358013 0.076202 0.363462 0.074279 0.373397 0.011298 0.364744
4 0.0125 0.355769 0.078846 0.36218 0.075962 0.375962 0.009856 0.365385
3 0.34351 0.5375 0.36899 0.530769 0.369952 0.536218 0.344471 0.542628
2 0.339423 0.530128 0.368029 0.521795 0.371635 0.53718 0.342548 0.544872
5 0.320673 0.508013 0.360337 0.50609 0.360577 0.51218 0.319952 0.514744
4 0.297115 0.504167 0.318029 0.503846 0.360337 0.503526 0.361298 0.513462 0.296394 0.519551
3 0.218269 0.666026 0.223558 0.665064 0.22476 0.685577 0.219231 0.6875
2 0.216587 0.664103 0.232212 0.660897 0.235096 0.696154 0.232692 0.697756 0.21851 0.699359
3 0.328125 0.683013 0.346394 0.680128 0.346394 0.686538 0.328846 0.689423
2 0.32524 0.672436 0.354087 0.667949 0.357212 0.670192 0.358413 0.686218 0.326202 0.690705
5 0.330288 0.65 0.358894 0.650641 0.358894 0.660256 0.33101 0.660577
4 0.288462 0.636218 0.323317 0.636538 0.323077 0.649359 0.359135 0.649038 0.360577 0.663141 0.322596 0.66218 0.320433 0.677244 0.284615 0.67532
3 0.476202 0.645192 0.503365 0.646154 0.502885 0.651923 0.476442 0.650962
2 0.474038 0.634615 0.503606 0.636218 0.503125 0.653205 0.473317 0.651282
5 0.446875 0.65609 0.49399 0.655449 0.494471 0.66282 0.446635 0.663462
4 0.409856 0.640064 0.443269 0.639744 0.443269 0.654167 0.494712 0.654167 0.495433 0.664103 0.443269 0.665385 0.44375 0.676603 0.408413 0.677885
3 0.953846 0.757051 0.980769 0.776282 0.978846 0.780769 0.952644 0.761538
2 0.953365 0.746154 0.983413 0.766987 0.979567 0.783013 0.949038 0.761538
