3 0.425828 0.484079 0.44183 0.483864 0.44183 0.488812 0.426205 0.488812
2 0.423946 0.475688 0.424134 0.490318 0.452372 0.490103 0.452937 0.476979 0.450866 0.474828 0.424134 0.473967
3 0.459714 0.450732 0.484375 0.455465 0.483622 0.460198 0.459149 0.455465
2 0.459149 0.441695 0.456137 0.45568 0.484187 0.461274 0.486822 0.447074
3 0.46442 0.491179 0.490587 0.49204 0.490587 0.496988 0.46442 0.496127
2 0.461408 0.482358 0.461408 0.497418 0.491529 0.498279 0.490964 0.483003
5 0.420557 0.491824 0.443712 0.491824 0.443712 0.496558 0.419804 0.496342 0.419804 0.491824
4 0.418675 0.490749 0.443901 0.491179 0.44503 0.491394 0.44503 0.497203 0.418486 0.497418
8 0.463855 0.503442 0.462726 0.530336 0.4968 0.531626 0.497553 0.504518
3 0.227598 0.495267 0.223268 0.52173 0.228163 0.521945 0.232492 0.495052 0.227786 0.494406
2 0.219503 0.494406 0.21442 0.526033 0.229857 0.525602 0.23381 0.493546 0.219503 0.49333
3 0.18637 0.714931 0.212349 0.718374 0.211408 0.724613 0.184864 0.721601
2 0.187688 0.705034 0.214608 0.708046 0.212349 0.726764 0.183547 0.723322
3 0.246235 0.681583 0.260542 0.689544 0.257718 0.695353 0.242846 0.687392
2 0.249812 0.673408 0.241152 0.688038 0.259601 0.69815 0.268261 0.682874
3 0.265248 0.635757 0.277485 0.644363 0.274661 0.649312 0.262425 0.641136
2 0.269202 0.62543 0.260542 0.641566 0.283321 0.656411 0.29198 0.639845 0.269767 0.62543
3 0.542922 0.615964 0.560806 0.618115 0.560806 0.624139 0.542169 0.621773
2 0.541416 0.605422 0.539721 0.623064 0.571724 0.627367 0.570595 0.608434 0.542357 0.604561
3 0.627071 0.598107 0.654367 0.595525 0.655309 0.601334 0.6282 0.603916
2 0.622929 0.58778 0.626318 0.606282 0.65738 0.602625 0.653238 0.584983
3 0.628389 0.634897 0.654932 0.637909 0.654744 0.644148 0.628012 0.641136
2 0.625188 0.624355 0.625565 0.642212 0.65625 0.645654 0.655685 0.629303 0.653426 0.627152
3 0.627447 0.686962 0.646084 0.687392 0.646273 0.694062 0.627259 0.693847
2 0.625941 0.67685 0.651544 0.677926 0.652673 0.696429 0.626318 0.695998 0.625 0.677065
3 0.605986 0.667814 0.606363 0.702238 0.612199 0.702238 0.611446 0.668244
2 0.597515 0.666523 0.59808 0.703313 0.613328 0.703313 0.612575 0.667599
8 0.582267 0.709983 0.584337 0.744836 0.623117 0.74333 0.62067 0.708692
3 0.637048 0.732358 0.667922 0.734294 0.668486 0.741179 0.637613 0.739243
2 0.636107 0.722246 0.667545 0.724182 0.669239 0.743115 0.636483 0.741394
3 0.698419 0.708262 0.727221 0.707186 0.728163 0.71364 0.699548 0.714931
2 0.694842 0.697289 0.697101 0.717728 0.729669 0.715792 0.726657 0.695353 0.719126 0.695138 0.712349 0.696213 0.704819 0.697074
3 0.727033 0.64006 0.744729 0.640491 0.745482 0.646515 0.72741 0.645654
2 0.72308 0.628873 0.725715 0.647806 0.754706 0.648666 0.751318 0.628873
3 0.781062 0.614028 0.805911 0.615964 0.806852 0.622203 0.782944 0.620697
2 0.778614 0.603055 0.780309 0.621558 0.807605 0.623279 0.805158 0.606282 0.802899 0.604991
3 0.788968 0.645869 0.794804 0.667384 0.799322 0.666308 0.794051 0.644793
2 0.777861 0.635972 0.786145 0.671041 0.802146 0.66889 0.791792 0.63167 0.780309 0.632745
3 0.786709 0.703098 0.810806 0.700301 0.8125 0.706325 0.788027 0.709337
2 0.78125 0.691695 0.78558 0.711919 0.815324 0.707831 0.810806 0.688468
3 0.82116 0.584768 0.83622 0.586489 0.836785 0.591652 0.821536 0.590146 0.821348 0.585413
2 0.817583 0.57315 0.819842 0.591437 0.850151 0.594234 0.847327 0.576807
3 0.868411 0.607143 0.892884 0.607573 0.894014 0.612952 0.869729 0.612737 0.868788 0.608003
2 0.863893 0.596816 0.867658 0.613812 0.89552 0.614673 0.89119 0.597676
5 0.825678 0.606282 0.850715 0.606928 0.852221 0.612522 0.826996 0.612306
4 0.815324 0.604346 0.817206 0.615534 0.853163 0.614243 0.85128 0.605422
5 0.831325 0.677711 0.862952 0.67599 0.86427 0.682014 0.832643 0.684165
4 0.821724 0.67685 0.864081 0.674699 0.865399 0.682874 0.823607 0.686317
5 0.881777 0.671041 0.913404 0.66889 0.915098 0.675774 0.883095 0.677711
4 0.87067 0.669535 0.914533 0.667384 0.916604 0.67642 0.872741 0.679647
5 0.531626 0.678571 0.569089 0.678141 0.569277 0.684165 0.531438 0.684596
4 0.517508 0.677065 0.570218 0.676635 0.570595 0.685241 0.517696 0.686317
3 0.115587 0.502582 0.130083 0.496342 0.130648 0.501506 0.115587 0.507745
2 0.115964 0.496127 0.13366 0.487952 0.133095 0.502367 0.114834 0.510112 0.114834 0.496558
