1 0.056852 0.239243 0.054029 0.244191 0.086973 0.246127 0.088479 0.240964
1 0.050075 0.246988 0.048005 0.253012 0.081325 0.254518 0.083961 0.248924
0 0.0593 0.226334 0.034827 0.266136 0.091303 0.268503 0.112575 0.228916
1 0.409827 0.239888 0.409074 0.245482 0.432794 0.246773 0.432982 0.241394
1 0.408886 0.248279 0.407944 0.253873 0.432417 0.254948 0.432605 0.24957
1 0.408321 0.256024 0.407568 0.261403 0.432041 0.262694 0.432229 0.257315
0 0.392696 0.227194 0.39006 0.24204 0.38686 0.258391 0.38686 0.266136 0.427146 0.267642 0.450866 0.269148 0.453878 0.231497
1 0.326996 0.276678 0.325489 0.282702 0.365399 0.284208 0.366717 0.27883
1 0.327372 0.284854 0.325489 0.289802 0.363328 0.291954 0.36427 0.287435
1 0.323795 0.293029 0.323042 0.298408 0.361258 0.299699 0.362199 0.295181
0 0.325301 0.263984 0.31363 0.302496 0.379706 0.304862 0.387801 0.268718 0.369164 0.26463
0 0.389496 0.267212 0.380648 0.305077 0.413968 0.306799 0.449736 0.312823 0.455008 0.276248 0.451619 0.270009
1 0.392508 0.278184 0.391566 0.283563 0.430911 0.287435 0.431664 0.282917
1 0.521649 0.254518 0.521837 0.260327 0.543486 0.259466 0.543675 0.254088
1 0.515813 0.263984 0.515625 0.269578 0.543298 0.268933 0.543298 0.263339
1 0.516566 0.273666 0.515813 0.280336 0.542733 0.28012 0.543298 0.273451
0 0.497176 0.239888 0.491152 0.285929 0.566265 0.285714 0.567018 0.255809 0.566077 0.238812
1 0.589985 0.252151 0.590173 0.25753 0.618223 0.25753 0.617658 0.252582
1 0.590926 0.260972 0.59055 0.267212 0.619352 0.266997 0.619164 0.260972
1 0.591679 0.271299 0.591679 0.278184 0.620105 0.278399 0.620105 0.271515
0 0.56683 0.239673 0.567771 0.252151 0.568524 0.284854 0.64439 0.285069 0.643261 0.268933 0.641378 0.25667 0.636107 0.240103
1 0.646084 0.254518 0.647214 0.259897 0.686747 0.267427 0.68637 0.262694
0 0.63686 0.240318 0.662651 0.245267 0.675075 0.248279 0.700301 0.252582 0.706137 0.266997 0.713479 0.28636 0.714797 0.29432 0.686747 0.290232 0.64552 0.282917 0.644578 0.273451 0.641754 0.256024
1 0.191453 0.629948 0.183547 0.643503 0.230986 0.654045 0.237387 0.638339
0 0.190324 0.576377 0.183547 0.597031 0.162462 0.623924 0.146461 0.64716 0.19936 0.654905 0.236634 0.664802 0.244164 0.640921 0.255648 0.615749 0.269578 0.587349
1 0.411521 0.590146 0.410392 0.606282 0.492282 0.606497 0.491905 0.591007
0 0.410203 0.533993 0.403614 0.614243 0.499059 0.613167 0.497929 0.532917
3 0.543863 0.934596 0.545181 0.938468 0.557982 0.931799 0.556852 0.927926
2 0.540851 0.93309 0.545557 0.944923 0.56363 0.936102 0.558735 0.923408
