3 0.243788 0.733003 0.243411 0.738597 0.269202 0.740964 0.269767 0.735155
2 0.242093 0.720095 0.239646 0.740749 0.270331 0.742685 0.272402 0.722676
3 0.42131 0.674699 0.42131 0.680293 0.437124 0.681368 0.437312 0.675774
2 0.420746 0.663726 0.419051 0.681799 0.438441 0.68309 0.440136 0.664587
3 0.610693 0.67642 0.610881 0.68309 0.643637 0.685886 0.643637 0.679432
2 0.609563 0.664587 0.610128 0.688038 0.644578 0.689114 0.64439 0.665878 0.64119 0.665017 0.610316 0.663081
3 0.657191 0.733219 0.658509 0.740534 0.691642 0.737522 0.690512 0.729991
2 0.651732 0.72031 0.654179 0.742685 0.692771 0.739028 0.689571 0.716007 0.65305 0.719664
3 0.728163 0.760112 0.728916 0.767642 0.763178 0.767427 0.762425 0.759682
2 0.723456 0.745267 0.724962 0.769148 0.763931 0.769578 0.764307 0.767212 0.761672 0.745052 0.759789 0.744836
3 0.743223 0.684596 0.744164 0.690835 0.776167 0.688898 0.775038 0.682444
2 0.73814 0.671472 0.740964 0.692556 0.77692 0.690189 0.774096 0.66846 0.771084 0.66846 0.738893 0.670611
3 0.408133 0.461274 0.407756 0.466222 0.433735 0.467513 0.4343 0.462134
2 0.406815 0.451162 0.404556 0.467083 0.434676 0.468374 0.435994 0.451807
3 0.273155 0.432874 0.272967 0.436962 0.294051 0.436102 0.294428 0.431583
2 0.272779 0.424484 0.269767 0.438468 0.294616 0.437177 0.296687 0.422762
8 0.182417 0.240964 0.169239 0.278399 0.19936 0.27216 0.200866 0.273236 0.213102 0.236231 0.210467 0.23494
8 0.086596 0.282487 0.072101 0.31605 0.089044 0.314114 0.100715 0.281626
8 0.010354 0.304862 0.029932 0.303141 0.017884 0.334768 0.000188 0.336919 0.000753 0.329604
8 0.362575 0.220525 0.356363 0.260327 0.396273 0.258391 0.400979 0.22031
8 0.545557 0.192556 0.546122 0.233649 0.591679 0.228055 0.587914 0.188683
8 0.83302 0.199225 0.84488 0.239458 0.879895 0.242255 0.867093 0.202022
4 0.262236 0.66179 0.260542 0.676635 0.346009 0.682014 0.347703 0.668244
5 0.277297 0.665232 0.276167 0.676635 0.34375 0.680508 0.345444 0.66932
4 0.215926 0.700301 0.213102 0.716652 0.27692 0.722246 0.306099 0.724828 0.307605 0.710413
5 0.231551 0.703959 0.229669 0.717298 0.271837 0.72117 0.305535 0.724828 0.306476 0.711274 0.255648 0.706325
