3 0.441265 0.514845 0.454254 0.5142 0.454819 0.518718 0.441453 0.519578
2 0.439194 0.510757 0.440136 0.520869 0.462914 0.519793 0.461973 0.509682
3 0.574925 0.513124 0.595068 0.516781 0.594126 0.521299 0.573983 0.517427
2 0.575113 0.505594 0.572101 0.518503 0.595444 0.52259 0.599021 0.510112
3 0.618411 0.520439 0.638742 0.520009 0.638554 0.524312 0.618411 0.524527
2 0.617658 0.512478 0.641566 0.512263 0.640437 0.525387 0.616717 0.525387
3 0.676017 0.500215 0.696348 0.502797 0.695595 0.507315 0.67564 0.504518
2 0.676581 0.49204 0.673381 0.504948 0.696724 0.508391 0.700113 0.495267
3 0.706514 0.499785 0.726468 0.499785 0.725904 0.504088 0.706325 0.503873
3 0.728163 0.498064 0.74887 0.498924 0.748117 0.503227 0.727786 0.502367
3 0.706325 0.533778 0.725339 0.532917 0.724962 0.536575 0.706137 0.537436
2 0.705384 0.49247 0.703878 0.504733 0.726468 0.505594 0.727033 0.4929
2 0.728351 0.490964 0.727033 0.503227 0.74887 0.504303 0.750565 0.494836 0.747929 0.491179 0.728727 0.490103
2 0.706137 0.526463 0.703878 0.538726 0.725904 0.538081 0.727033 0.525818 0.706514 0.525818
3 0.076242 0.339501 0.095633 0.339716 0.096762 0.34488 0.076431 0.344449
2 0.073042 0.33068 0.095068 0.331325 0.097892 0.346386 0.075489 0.34617 0.072101 0.33111
3 0.035392 0.311962 0.040286 0.337565 0.035956 0.337565 0.030873 0.312608
2 0.041604 0.30809 0.047628 0.339071 0.03558 0.339716 0.029367 0.308735
