3 0.091827 0.226923 0.112981 0.23109 0.111538 0.235577 0.088942 0.23141
2 0.094952 0.219551 0.115865 0.223397 0.111779 0.237179 0.0875 0.232372
3 0.31851 0.076282 0.3375 0.077244 0.337019 0.08109 0.31875 0.080128
3 0.315144 0.132372 0.334135 0.133333 0.333654 0.13718 0.315385 0.135897
3 0.316587 0.184615 0.331971 0.187179 0.330529 0.190705 0.316827 0.188462
3 0.307212 0.247436 0.320192 0.248397 0.320673 0.253205 0.306971 0.252244
3 0.336058 0.245513 0.349038 0.246154 0.349519 0.250962 0.335817 0.250321
3 0.351683 0.186218 0.366106 0.1875 0.366346 0.191346 0.351442 0.191026
3 0.271875 0.238782 0.284856 0.239423 0.285096 0.244231 0.271394 0.24359
3 0.360337 0.245513 0.381731 0.246474 0.382212 0.251603 0.360096 0.250321
3 0.397356 0.207372 0.41875 0.208333 0.419231 0.213462 0.397115 0.212179
3 0.443029 0.186859 0.463221 0.187179 0.463702 0.191346 0.443269 0.191346
2 0.271875 0.231731 0.294952 0.233654 0.295192 0.247756 0.269952 0.244551
2 0.304567 0.239744 0.328606 0.241346 0.328846 0.254808 0.303125 0.252564
2 0.333654 0.238141 0.35649 0.239744 0.356971 0.252885 0.332212 0.250962
2 0.357933 0.238462 0.383413 0.238782 0.383654 0.252564 0.358413 0.252244
2 0.351683 0.178846 0.374519 0.180449 0.375 0.19359 0.35024 0.191667
2 0.317548 0.176282 0.341346 0.180128 0.339183 0.192628 0.315144 0.189744
2 0.31226 0.125962 0.336538 0.125321 0.335577 0.1375 0.31274 0.136538
2 0.314423 0.068269 0.33774 0.070513 0.338221 0.082051 0.314663 0.080769
2 0.397115 0.198718 0.420192 0.200641 0.420433 0.213782 0.395913 0.211859
3 0.390144 0.248718 0.403606 0.249038 0.403365 0.253846 0.390385 0.253205
2 0.388942 0.241667 0.41274 0.241667 0.41274 0.254487 0.388942 0.254167
3 0.357933 0.127885 0.357933 0.132051 0.378846 0.133013 0.378846 0.129167
2 0.355529 0.121474 0.35625 0.133013 0.379567 0.134936 0.379808 0.122756
2 0.3875 0.120192 0.388221 0.133654 0.412019 0.13109 0.412019 0.118269
3 0.390865 0.127244 0.403606 0.125641 0.403846 0.13109 0.390625 0.132051
3 0.390865 0.074679 0.403606 0.075641 0.403606 0.079487 0.390865 0.079167
3 0.419231 0.076923 0.431971 0.077885 0.431971 0.081731 0.419471 0.08141
2 0.389183 0.068269 0.389423 0.079808 0.41226 0.082692 0.4125 0.070513
3 0.417548 0.130449 0.4375 0.130128 0.437981 0.134295 0.417548 0.134936
2 0.417308 0.06891 0.417308 0.081731 0.440385 0.083333 0.440865 0.069872
2 0.416587 0.123718 0.416587 0.136538 0.438702 0.135577 0.437981 0.122756
2 0.443029 0.128526 0.44375 0.140385 0.465625 0.139744 0.465385 0.128526
2 0.439663 0.179487 0.439663 0.192628 0.463462 0.192308 0.463462 0.179487
3 0.444231 0.134936 0.45649 0.134936 0.456731 0.139423 0.444712 0.138782
3 0.444712 0.089744 0.445192 0.091987 0.455288 0.092308 0.455048 0.088782 0.445192 0.089103
2 0.442548 0.081731 0.462981 0.082372 0.464423 0.084936 0.463702 0.09391 0.443269 0.093269
3 0.418029 0.247115 0.430048 0.248718 0.429808 0.254487 0.417067 0.251603
3 0.445433 0.252885 0.45625 0.249038 0.457692 0.253205 0.446154 0.257372
2 0.417308 0.238782 0.441106 0.24359 0.439183 0.257051 0.415144 0.251282
2 0.441106 0.245513 0.463462 0.238462 0.466827 0.251923 0.445433 0.257692
3 0.49351 0.088782 0.493029 0.09391 0.514183 0.094231 0.514663 0.090064
3 0.549519 0.135897 0.549038 0.141026 0.570192 0.141026 0.570913 0.13718
3 0.594231 0.192949 0.59375 0.198077 0.614904 0.198397 0.615385 0.194551
3 0.578125 0.141346 0.577644 0.146474 0.598798 0.146795 0.599519 0.142949
3 0.627644 0.142308 0.627164 0.147115 0.647356 0.145192 0.647596 0.140705
3 0.678606 0.152564 0.678365 0.157692 0.699038 0.15609 0.699038 0.152244
3 0.695433 0.093269 0.694952 0.098077 0.715865 0.096795 0.715865 0.092949
3 0.701923 0.147436 0.701923 0.151603 0.722837 0.15 0.722837 0.146154
3 0.696875 0.255128 0.697356 0.259295 0.717548 0.251923 0.716106 0.247115
3 0.529567 0.249679 0.530288 0.253846 0.55024 0.253526 0.550481 0.249359
3 0.500721 0.251923 0.500962 0.25641 0.513702 0.25641 0.513221 0.252244
3 0.54375 0.193269 0.54399 0.197756 0.556731 0.197756 0.55625 0.19359
3 0.572596 0.195192 0.572836 0.199359 0.585577 0.199359 0.585096 0.195192
3 0.555529 0.248718 0.555769 0.253205 0.56851 0.253205 0.568269 0.248718
3 0.582933 0.250321 0.582933 0.254808 0.595914 0.254808 0.595433 0.250641
3 0.519471 0.186538 0.519471 0.190385 0.532692 0.190064 0.532212 0.185897
3 0.498558 0.143269 0.498558 0.147436 0.511298 0.148397 0.510577 0.144231
3 0.525481 0.142949 0.525481 0.147115 0.538462 0.148077 0.5375 0.14391
3 0.601442 0.140064 0.601442 0.14391 0.614183 0.144872 0.613462 0.140705
3 0.520913 0.089744 0.520913 0.09391 0.533894 0.094872 0.532933 0.090705
2 0.492548 0.082372 0.513942 0.083333 0.515625 0.095192 0.492067 0.094872
2 0.51899 0.083333 0.540385 0.083974 0.541106 0.094872 0.519471 0.094872
2 0.523077 0.136859 0.546154 0.136859 0.546394 0.149359 0.523798 0.148077
2 0.497356 0.13718 0.519231 0.138462 0.519712 0.15 0.497837 0.148718
2 0.517788 0.178205 0.538462 0.177564 0.538462 0.190705 0.51875 0.190705
2 0.541106 0.185256 0.563702 0.186538 0.565865 0.19968 0.542548 0.198397
2 0.570192 0.1875 0.590625 0.187821 0.591106 0.200641 0.571875 0.200321
2 0.591346 0.185577 0.615865 0.1875 0.615865 0.2 0.592548 0.198718
2 0.575721 0.134936 0.599279 0.136538 0.6 0.148077 0.576683 0.146795
2 0.548798 0.129808 0.570673 0.130769 0.570913 0.141987 0.548798 0.141026
2 0.600481 0.133974 0.622596 0.135577 0.623077 0.146795 0.600721 0.145833
2 0.625721 0.1375 0.648558 0.134295 0.649519 0.145833 0.626202 0.148077
2 0.498558 0.24359 0.522837 0.244231 0.523077 0.257372 0.501442 0.258013 0.498317 0.254808
2 0.526442 0.242628 0.550721 0.241987 0.550962 0.255128 0.529567 0.255769 0.526202 0.252564
2 0.553365 0.241026 0.577885 0.242308 0.577644 0.255449 0.55625 0.254167 0.553606 0.252244
2 0.58101 0.242308 0.604808 0.24359 0.605288 0.25641 0.584135 0.255128 0.58125 0.253205
2 0.640625 0.240705 0.663942 0.239744 0.665144 0.252885 0.644231 0.253526 0.641587 0.253205
3 0.611779 0.251603 0.624279 0.250962 0.624519 0.255769 0.611779 0.25609
2 0.609615 0.244231 0.633173 0.24391 0.634135 0.257051 0.61274 0.257372 0.609856 0.255449
2 0.667067 0.245513 0.690625 0.245192 0.690865 0.257372 0.670192 0.258333 0.667308 0.25641
3 0.643269 0.248718 0.655769 0.246795 0.656731 0.251282 0.64375 0.252244
3 0.66851 0.253205 0.681971 0.252244 0.681731 0.257692 0.66899 0.257051
3 0.675962 0.204167 0.689183 0.203205 0.688942 0.208654 0.676442 0.208013
3 0.65 0.200641 0.663221 0.19968 0.663221 0.204808 0.650481 0.204167
3 0.624279 0.196474 0.63726 0.195192 0.6375 0.19968 0.62476 0.200321
3 0.700481 0.197436 0.714663 0.195833 0.715385 0.200641 0.700962 0.200962
3 0.729327 0.197436 0.74351 0.195833 0.744231 0.200641 0.729808 0.200962
3 0.723558 0.25609 0.743269 0.25641 0.744231 0.260577 0.724038 0.259936
3 0.74976 0.254167 0.759856 0.254167 0.761538 0.259615 0.75024 0.258974
3 0.571635 0.0875 0.583173 0.087179 0.584375 0.091667 0.572115 0.091346
3 0.596635 0.090385 0.608413 0.089103 0.608894 0.092308 0.597115 0.094231
3 0.623317 0.091346 0.635336 0.091667 0.635817 0.095513 0.623317 0.095513
3 0.647115 0.090064 0.658894 0.088782 0.659615 0.092949 0.646875 0.094231
3 0.671394 0.098718 0.682452 0.099038 0.682452 0.102885 0.671394 0.102885
3 0.653365 0.146154 0.664663 0.146474 0.664663 0.150321 0.653365 0.150321
2 0.692308 0.248077 0.714183 0.240705 0.718029 0.252244 0.698077 0.261218 0.694712 0.256731
2 0.720433 0.248077 0.74351 0.249679 0.744952 0.261859 0.721394 0.260256
2 0.748317 0.247115 0.771635 0.249038 0.772837 0.261218 0.749519 0.259295
2 0.727404 0.190064 0.750721 0.191667 0.751923 0.204167 0.728606 0.202244
2 0.698558 0.189744 0.722115 0.188141 0.72524 0.200962 0.699519 0.203526
2 0.674038 0.196474 0.696635 0.196474 0.698077 0.209615 0.674519 0.209936
2 0.646635 0.192628 0.669471 0.191346 0.670673 0.204808 0.647115 0.20609
2 0.621635 0.190064 0.644231 0.1875 0.646154 0.19968 0.624279 0.201923
2 0.651442 0.138462 0.671635 0.139103 0.673798 0.151282 0.651683 0.151282
2 0.677164 0.146795 0.698798 0.147115 0.699519 0.158974 0.677404 0.159295
2 0.700481 0.140385 0.722115 0.138782 0.723558 0.151282 0.700481 0.152885
2 0.69351 0.086859 0.715865 0.085256 0.717548 0.098718 0.69375 0.099679
2 0.66875 0.093269 0.689664 0.092949 0.691827 0.105128 0.669712 0.105128
2 0.643029 0.083974 0.665385 0.081731 0.667067 0.09359 0.644471 0.095192
2 0.619952 0.084936 0.642308 0.084615 0.64351 0.096795 0.621154 0.096154
2 0.593269 0.083974 0.616346 0.081731 0.618269 0.093269 0.595433 0.095833
2 0.569231 0.08141 0.593029 0.080449 0.593029 0.094231 0.570433 0.092628
2 0.54351 0.084615 0.565625 0.084295 0.567067 0.094551 0.544471 0.095833
3 0.546154 0.090064 0.558413 0.090064 0.558413 0.09391 0.546154 0.09391
3 0.340865 0.371474 0.364183 0.372756 0.364423 0.378846 0.341587 0.377564
2 0.33774 0.363462 0.364904 0.364103 0.365865 0.379808 0.340625 0.378846 0.337981 0.376603
3 0.744712 0.414744 0.758413 0.414423 0.758413 0.41891 0.745192 0.41859
2 0.74399 0.407051 0.762019 0.407372 0.7625 0.419872 0.744712 0.419551
5 0.770914 0.536859 0.803606 0.536538 0.804567 0.542628 0.771154 0.54391
4 0.762019 0.535577 0.804087 0.534936 0.805288 0.543269 0.7625 0.545192
5 0.621635 0.539103 0.622356 0.547115 0.651202 0.546474 0.650962 0.539103
5 0.671394 0.53718 0.672115 0.545192 0.700962 0.544551 0.700721 0.53718
5 0.721394 0.534615 0.721875 0.542628 0.750721 0.541987 0.750721 0.534615
4 0.7125 0.534295 0.751923 0.533974 0.752644 0.542628 0.71274 0.543269
4 0.61274 0.538782 0.652163 0.538462 0.652644 0.547115 0.61274 0.548077
4 0.66274 0.536538 0.701923 0.536218 0.702644 0.544872 0.66274 0.545513
3 0.623558 0.773718 0.649279 0.770833 0.64976 0.777244 0.62476 0.780128
3 0.721154 0.766667 0.747836 0.767949 0.747836 0.775962 0.721875 0.772756
3 0.779808 0.765064 0.80649 0.769872 0.805769 0.776282 0.779327 0.772115
3 0.423317 0.773718 0.440865 0.772756 0.441346 0.779808 0.423317 0.781731
2 0.420913 0.7625 0.450962 0.759615 0.451923 0.779808 0.420433 0.783654
2 0.620433 0.761538 0.648798 0.758974 0.650962 0.779167 0.623077 0.780769
2 0.718269 0.753846 0.747836 0.757372 0.748558 0.776603 0.719471 0.773718
2 0.776683 0.753846 0.80625 0.757372 0.80649 0.777885 0.777885 0.773718
8 0.522837 0.667949 0.547837 0.669551 0.549038 0.700962 0.523558 0.69968
