8 0.287274 0.145439 0.287651 0.17685 0.3157 0.176205 0.316077 0.145869
3 0.352033 0.150602 0.352598 0.157487 0.371988 0.15512 0.371423 0.148666
2 0.34808 0.138339 0.350339 0.158993 0.386107 0.15512 0.384977 0.138124 0.382718 0.134897
5 0.340361 0.107788 0.340361 0.126291 0.392696 0.12543 0.392508 0.108434
4 0.319654 0.104561 0.318901 0.129088 0.394014 0.127367 0.393825 0.103916
3 0.4407 0.141997 0.440512 0.148881 0.460467 0.148451 0.460655 0.141997
2 0.438253 0.13167 0.439006 0.151678 0.474398 0.151248 0.473456 0.131239
5 0.43637 0.11037 0.436747 0.128442 0.48927 0.128873 0.489458 0.111231
4 0.416792 0.106497 0.416604 0.129303 0.490776 0.130164 0.490964 0.108434
8 0.504895 0.144793 0.503953 0.178141 0.538404 0.179002 0.538404 0.145224
3 0.605422 0.178787 0.606363 0.185241 0.635919 0.182229 0.635542 0.17642
2 0.601657 0.16889 0.603539 0.186532 0.636483 0.18352 0.635354 0.165878
5 0.608998 0.15469 0.60994 0.165232 0.634413 0.164372 0.650979 0.164587 0.651167 0.15383
4 0.587349 0.151033 0.586785 0.16889 0.605045 0.167384 0.633848 0.165232 0.65192 0.165878 0.65192 0.151678
7 0.661333 0.18309 0.662086 0.203098 0.684111 0.197935 0.692395 0.200732 0.70369 0.199656 0.713102 0.199656 0.714608 0.186747 0.687876 0.184811
6 0.660392 0.181368 0.660392 0.204604 0.713855 0.202883 0.71555 0.184811
8 0.707455 0.150172 0.706514 0.181368 0.736069 0.183735 0.737199 0.152539
8 0.659827 0.211059 0.65945 0.236661 0.6907 0.237737 0.691077 0.211274
3 0.78878 0.171041 0.787839 0.177281 0.805911 0.180723 0.806664 0.174053
2 0.787086 0.160499 0.785956 0.179002 0.817206 0.184165 0.818148 0.174484 0.816642 0.166308 0.81363 0.163941
5 0.765625 0.131885 0.76506 0.149096 0.812312 0.152754 0.812688 0.135972
4 0.746235 0.127797 0.745105 0.149957 0.81363 0.15426 0.814006 0.133821
5 0.850904 0.137694 0.849586 0.15383 0.895331 0.159639 0.897026 0.143287
4 0.833208 0.131454 0.831514 0.15383 0.896084 0.160714 0.898343 0.139845
8 0.980422 0.222031 0.980233 0.250861 1.0 0.253657 0.999812 0.224613
8 0.915474 0.162651 0.910956 0.206971 0.941077 0.211059 0.94503 0.167814
7 0.062123 0.311317 0.062688 0.326592 0.091867 0.324871 0.116529 0.320998 0.112011 0.30852
6 0.061182 0.307659 0.061182 0.328098 0.118035 0.322504 0.115023 0.305723
8 0.061935 0.357143 0.064947 0.387263 0.092997 0.385972 0.09055 0.355207
8 0.073042 0.399957 0.076054 0.429432 0.099021 0.428571 0.095256 0.398451
7 0.148532 0.373494 0.148532 0.381024 0.183923 0.377151 0.184488 0.371558
7 0.15192 0.381885 0.151544 0.387478 0.185617 0.386188 0.1875 0.379733 0.173569 0.381454 0.170745 0.379303
6 0.147402 0.370697 0.148532 0.390491 0.187876 0.387694 0.188065 0.369406
8 0.237952 0.283993 0.239646 0.317341 0.270896 0.315835 0.26939 0.282702
8 0.221009 0.333477 0.22195 0.365534 0.252824 0.365534 0.251318 0.333262
8 0.228351 0.39673 0.227221 0.436102 0.265625 0.437823 0.266566 0.399527
8 0.24567 0.437823 0.24567 0.454174 0.274661 0.454604 0.273155 0.43438 0.266566 0.433735 0.265813 0.438468
7 0.330572 0.40383 0.329254 0.41136 0.356363 0.412435 0.357681 0.40469
7 0.329066 0.413081 0.32869 0.420396 0.357492 0.419535 0.358246 0.412866
6 0.328125 0.402754 0.32756 0.421041 0.358434 0.420611 0.359187 0.403184
8 0.295934 0.353701 0.298004 0.386403 0.326996 0.385972 0.326431 0.353701
8 0.326996 0.35327 0.327372 0.386188 0.339797 0.386188 0.338855 0.356067
7 0.399661 0.398451 0.401167 0.410929 0.435241 0.408993 0.435241 0.396084
7 0.393449 0.446859 0.394578 0.457186 0.417922 0.456325 0.416792 0.442556
6 0.392884 0.441695 0.392884 0.458692 0.418863 0.457401 0.417922 0.441695
6 0.398343 0.395869 0.400038 0.412866 0.436935 0.410069 0.43637 0.393718
7 0.615587 0.416738 0.615211 0.425344 0.642508 0.424699 0.653426 0.425129 0.653614 0.418675
6 0.615023 0.415017 0.614458 0.426635 0.654179 0.42642 0.654556 0.417169
8 0.641378 0.379088 0.638931 0.410284 0.669428 0.410929 0.669992 0.379088
8 0.62933 0.38167 0.628012 0.41179 0.638554 0.410069 0.640437 0.378873
8 0.662086 0.342298 0.662086 0.374355 0.693148 0.373494 0.693336 0.341867
8 0.64872 0.303787 0.648155 0.337134 0.673569 0.338425 0.676017 0.307444
8 0.634036 0.310456 0.632718 0.337565 0.637613 0.336274 0.639496 0.337995 0.647214 0.336274 0.648155 0.303787
8 0.702937 0.409639 0.700866 0.428141 0.718185 0.430508 0.721197 0.412651
8 0.739646 0.398881 0.738705 0.421041 0.765625 0.419535 0.766943 0.398021
7 0.693148 0.436102 0.692395 0.443417 0.704066 0.44148 0.711032 0.443201 0.717997 0.444277 0.71875 0.439759 0.710655 0.438038 0.699925 0.436747
6 0.692395 0.434596 0.6907 0.444277 0.718185 0.445998 0.720068 0.437608
8 0.75433 0.362091 0.752447 0.394793 0.780685 0.394578 0.782568 0.363597
3 0.780309 0.424484 0.780874 0.430508 0.807794 0.427496 0.807417 0.421041
2 0.778238 0.414372 0.777108 0.420611 0.777485 0.433305 0.8093 0.429217 0.809676 0.414587 0.806852 0.411145
7 0.822289 0.398236 0.821348 0.405551 0.855422 0.407272 0.856175 0.399957
6 0.821724 0.396299 0.820218 0.406411 0.855798 0.408348 0.857116 0.398451
8 0.84055 0.364243 0.837726 0.393718 0.864834 0.395869 0.866905 0.366824
3 0.855422 0.417384 0.85561 0.423193 0.878765 0.424914 0.879142 0.419105
2 0.856739 0.406411 0.855045 0.414157 0.854669 0.424268 0.879706 0.42599 0.879895 0.420611 0.881024 0.408563
8 0.830949 0.432659 0.825678 0.460843 0.852033 0.464286 0.85561 0.435456
7 0.828878 0.340792 0.827937 0.348322 0.854669 0.350258 0.854292 0.342298
6 0.826996 0.339501 0.826431 0.349828 0.856175 0.351334 0.856175 0.340146
7 0.832078 0.321213 0.832078 0.331971 0.869352 0.330895 0.867282 0.320138
6 0.831325 0.318847 0.830949 0.333262 0.870294 0.331971 0.870294 0.319062
