3 0.432041 0.200516 0.452184 0.197935 0.452184 0.201162 0.432041 0.203959
3 0.43317 0.231928 0.454066 0.229346 0.45369 0.232573 0.43317 0.23537
2 0.430911 0.227625 0.454443 0.224613 0.454066 0.233434 0.430911 0.237091
2 0.429782 0.195568 0.453313 0.192771 0.452748 0.201592 0.429782 0.20525
5 0.436559 0.209122 0.455008 0.207831 0.454819 0.209983 0.436747 0.211059
4 0.435994 0.208477 0.455196 0.207401 0.455384 0.210413 0.435994 0.211489
5 0.436747 0.241824 0.456514 0.240318 0.456325 0.243115 0.436935 0.243976
4 0.436182 0.241394 0.45689 0.239888 0.456514 0.243546 0.43637 0.244406
5 0.437876 0.275818 0.458208 0.274312 0.458208 0.277324 0.437876 0.279045
4 0.437124 0.275387 0.458773 0.273451 0.458773 0.277754 0.4375 0.279475
3 0.435806 0.261403 0.456514 0.261618 0.456514 0.263339 0.455196 0.264845 0.435053 0.264845
2 0.433923 0.257315 0.458208 0.256239 0.457267 0.262909 0.452937 0.266566 0.432982 0.266351
3 0.427146 0.304647 0.449736 0.297978 0.450866 0.301205 0.429029 0.30809
2 0.424322 0.298193 0.44936 0.290663 0.452184 0.300774 0.450489 0.302496 0.426958 0.30938
5 0.432417 0.311317 0.454254 0.310241 0.454443 0.313253 0.432605 0.314114
4 0.431664 0.310671 0.454819 0.309596 0.455196 0.314114 0.432041 0.314974
3 0.765813 0.374355 0.792922 0.379088 0.793675 0.384466 0.765437 0.379733
2 0.762989 0.366824 0.764684 0.381239 0.794428 0.385327 0.79198 0.370912
3 0.841114 0.456971 0.865023 0.453528 0.86634 0.459768 0.842809 0.462134
2 0.834337 0.447719 0.862199 0.444492 0.868223 0.460628 0.840173 0.463425
3 0.854104 0.511403 0.881589 0.510542 0.883283 0.516566 0.855986 0.516781
2 0.848456 0.501291 0.879706 0.501076 0.883848 0.518933 0.852598 0.518718
5 0.800075 0.550774 0.830949 0.549914 0.832267 0.554647 0.800828 0.555723
4 0.798946 0.549699 0.831702 0.549053 0.833961 0.555508 0.800075 0.557014
5 0.740776 0.459768 0.770143 0.458692 0.770896 0.464501 0.741152 0.46364
4 0.738893 0.458692 0.771649 0.457186 0.772214 0.466222 0.740587 0.464931
5 0.783509 0.401893 0.803464 0.401033 0.804029 0.404905 0.784639 0.404905
4 0.78238 0.401248 0.803652 0.400602 0.804593 0.405766 0.783509 0.405551
5 0.697477 0.475688 0.726092 0.475904 0.726657 0.479991 0.698607 0.479991
4 0.696724 0.475043 0.727033 0.475258 0.727974 0.480852 0.69823 0.480852
5 0.708961 0.55099 0.739458 0.550559 0.740211 0.555723 0.710843 0.557444
4 0.706702 0.549914 0.740587 0.549484 0.74134 0.557444 0.708961 0.558305
3 0.5625 0.447935 0.589797 0.446859 0.590361 0.452022 0.563065 0.452668
2 0.559864 0.438253 0.589232 0.438898 0.59055 0.453528 0.559111 0.454819
3 0.381777 0.380164 0.406815 0.380379 0.406815 0.385542 0.381212 0.384897
2 0.380271 0.372849 0.408509 0.372849 0.406626 0.387909 0.377636 0.386403
3 0.112575 0.425774 0.135166 0.422978 0.134413 0.427926 0.112011 0.429432
3 0.091679 0.467513 0.114081 0.467083 0.112764 0.472461 0.091303 0.472461
3 0.163404 0.468374 0.187312 0.468804 0.185806 0.474613 0.162839 0.473322
3 0.181664 0.414157 0.205761 0.414587 0.204443 0.41889 0.181288 0.419105
3 0.232869 0.465146 0.256401 0.468804 0.254895 0.475258 0.231928 0.470525
3 0.218185 0.518503 0.243035 0.520224 0.242282 0.526248 0.217244 0.524096
2 0.218374 0.508176 0.245105 0.509897 0.242658 0.527969 0.213479 0.525818
2 0.233434 0.455895 0.258471 0.460198 0.255083 0.476549 0.226845 0.471816
2 0.166416 0.458907 0.192206 0.461704 0.188441 0.476334 0.160768 0.473752
2 0.183358 0.406196 0.207643 0.404475 0.204819 0.420611 0.178087 0.421041
2 0.093562 0.460843 0.116717 0.461274 0.113705 0.475043 0.089044 0.474613
2 0.112575 0.417814 0.136295 0.414802 0.134977 0.428571 0.109752 0.432229
5 0.165474 0.485155 0.187876 0.486446 0.186935 0.491394 0.16491 0.490318
4 0.164533 0.484294 0.188818 0.4858 0.188441 0.49204 0.16378 0.491179
5 0.11427 0.435886 0.133471 0.436317 0.132907 0.439544 0.113893 0.439329
4 0.113705 0.435456 0.134224 0.435671 0.133471 0.440189 0.11314 0.439544
5 0.317206 0.472461 0.32436 0.472892 0.316077 0.516566 0.310806 0.516781
4 0.315512 0.47074 0.325866 0.471601 0.316642 0.517427 0.308547 0.517857
5 0.392131 0.475473 0.399096 0.475258 0.393072 0.518933 0.386295 0.519578
4 0.391002 0.474828 0.399849 0.474828 0.39439 0.520009 0.384601 0.520439
5 0.894014 0.401678 0.916416 0.401893 0.91698 0.406196 0.894767 0.405336
4 0.892884 0.400602 0.917169 0.401033 0.917545 0.407057 0.893449 0.406196
5 0.629142 0.711489 0.657003 0.711489 0.656815 0.717083 0.630648 0.717298
4 0.628012 0.710628 0.657944 0.710628 0.658133 0.718158 0.629895 0.717943
3 0.702937 0.650387 0.734187 0.651678 0.734187 0.658133 0.703878 0.657057
2 0.697854 0.635972 0.734375 0.638769 0.736258 0.659639 0.699736 0.659208
5 0.78012 0.649957 0.784639 0.649957 0.791416 0.686962 0.785768 0.687392
4 0.778803 0.648666 0.785392 0.649312 0.792357 0.688038 0.785203 0.688683
5 0.845444 0.649312 0.850339 0.648881 0.857116 0.686532 0.852974 0.687177
4 0.84488 0.648236 0.850904 0.648021 0.858434 0.687608 0.851845 0.688253
5 0.794804 0.307874 0.798381 0.307014 0.804217 0.328528 0.801017 0.328313
4 0.794051 0.307014 0.799511 0.306153 0.805535 0.329604 0.800452 0.328528
5 0.777673 0.253442 0.780685 0.253012 0.785768 0.270654 0.782568 0.270869
4 0.777108 0.253012 0.78125 0.252367 0.786521 0.271084 0.782568 0.271084
5 0.304782 0.268072 0.309676 0.267427 0.302711 0.29432 0.297816 0.294535
4 0.30384 0.266781 0.310806 0.266566 0.303276 0.295396 0.296498 0.295396
5 0.359187 0.2571 0.380083 0.255809 0.380271 0.259036 0.358998 0.259897
4 0.358622 0.256454 0.380648 0.255379 0.381212 0.259251 0.358434 0.260327
5 0.346197 0.216652 0.349962 0.216652 0.345256 0.239673 0.340738 0.240103
4 0.345633 0.216222 0.350904 0.216437 0.346762 0.240318 0.33942 0.240103
5 0.30384 0.233649 0.323983 0.232573 0.323607 0.23494 0.30384 0.236446
4 0.302711 0.232573 0.324548 0.231713 0.32436 0.2358 0.302711 0.236446
5 0.295746 0.243761 0.295557 0.245912 0.275226 0.246558 0.275791 0.244621
4 0.275226 0.244191 0.274849 0.246773 0.295934 0.246343 0.29631 0.24333
5 0.240023 0.263984 0.258848 0.263984 0.258848 0.266351 0.239834 0.266997
4 0.239646 0.263554 0.259413 0.263554 0.259413 0.267212 0.239081 0.267642
