1 0.776544 0.199871 0.8157 0.20654 0.815889 0.216437 0.778803 0.210198
0 0.740964 0.158778 0.812124 0.16975 0.821348 0.223322 0.748306 0.210198
7 0.148532 0.442771 0.201995 0.444707 0.198983 0.45568 0.16698 0.451162 0.142508 0.453313
6 0.14552 0.441265 0.205196 0.44191 0.201242 0.457831 0.141943 0.453959
7 0.179217 0.385757 0.214985 0.386618 0.214044 0.396084 0.17677 0.396299
6 0.178087 0.383606 0.216303 0.384682 0.214797 0.398236 0.17564 0.398236
7 0.153614 0.366179 0.185994 0.362522 0.183547 0.370912 0.152108 0.37457 0.151167 0.373924
6 0.153803 0.362091 0.187124 0.358219 0.183923 0.374139 0.150226 0.376936
3 0.110316 0.656842 0.138178 0.655766 0.137989 0.662436 0.110128 0.663296
2 0.107869 0.645439 0.139307 0.645009 0.138554 0.664587 0.106175 0.664372
3 0.158697 0.657272 0.187124 0.658133 0.186559 0.665878 0.157568 0.664157
2 0.156438 0.646084 0.189006 0.647375 0.187688 0.666523 0.155309 0.664587
5 0.235316 0.602194 0.272026 0.603485 0.272026 0.612737 0.23494 0.611876
4 0.215926 0.599182 0.273908 0.60284 0.273908 0.618761 0.214232 0.6179 0.215361 0.598967
3 0.228916 0.673408 0.256401 0.672117 0.257342 0.679002 0.22948 0.680508
2 0.225339 0.663511 0.257907 0.662005 0.257342 0.681153 0.226092 0.682444
3 0.327372 0.681583 0.357116 0.682229 0.356739 0.688898 0.327937 0.688038
4 0.325113 0.669966 0.356551 0.670826 0.358434 0.69105 0.32436 0.688683
3 0.357492 0.600904 0.38573 0.598752 0.385354 0.606067 0.357116 0.606713
2 0.354857 0.589716 0.385354 0.588425 0.386483 0.588855 0.386295 0.607358 0.354104 0.608003 0.354669 0.593158
5 0.349021 0.577453 0.387048 0.576162 0.388178 0.585628 0.34808 0.585843 0.348268 0.577883
4 0.327748 0.57358 0.389119 0.572074 0.391378 0.58821 0.348645 0.587995 0.346574 0.590577 0.328313 0.591222
7 0.41811 0.669535 0.485693 0.671687 0.485693 0.684596 0.415286 0.682229
6 0.413404 0.667169 0.502259 0.669105 0.501506 0.689329 0.412086 0.685671
3 0.512425 0.679647 0.541227 0.677711 0.542357 0.685671 0.514119 0.687177
2 0.509224 0.66932 0.54311 0.666954 0.545181 0.688038 0.511107 0.688898 0.509224 0.670611
3 0.560053 0.642857 0.59055 0.642427 0.59055 0.649957 0.560053 0.649096
2 0.55817 0.630379 0.591303 0.629948 0.590738 0.648666 0.591114 0.650602 0.557605 0.649957
