1 0.386295 0.361876 0.385919 0.366609 0.395708 0.367685 0.406626 0.368761 0.41811 0.370052 0.419428 0.365103 0.40192 0.363597 0.392131 0.362737
1 0.387801 0.370697 0.387048 0.37457 0.395331 0.376076 0.40512 0.376506 0.41698 0.377367 0.417733 0.373279 0.401732 0.372203 0.393449 0.371558
0 0.385166 0.348322 0.375 0.387048 0.432041 0.392857 0.43863 0.355637 0.40738 0.350688
1 0.682605 0.351119 0.68317 0.357143 0.695595 0.357788 0.705008 0.358434 0.713102 0.35994 0.714232 0.354131 0.706702 0.353485 0.695218 0.35284 0.688253 0.351119
1 0.680535 0.371988 0.680535 0.376936 0.69183 0.379088 0.703125 0.380594 0.714985 0.38296 0.714797 0.376936 0.705949 0.375215 0.691642 0.373494 0.68637 0.372418
1 0.680346 0.380809 0.681288 0.385757 0.68863 0.387694 0.695783 0.388124 0.701807 0.388984 0.709337 0.391136 0.71442 0.391781 0.714985 0.387263 0.701807 0.384251 0.693524 0.383176 0.685806 0.381885
1 0.681288 0.39006 0.681099 0.394578 0.687876 0.396084 0.692771 0.396945 0.702937 0.39759 0.716303 0.399742 0.717244 0.395224 0.706514 0.393287 0.695218 0.391781 0.688253 0.390491
0 0.674887 0.337565 0.676393 0.358434 0.684864 0.359079 0.698983 0.36037 0.726092 0.363167 0.727598 0.345095 0.703313 0.340361 0.688441 0.339071
0 0.676958 0.362522 0.677711 0.398236 0.706137 0.401033 0.732681 0.40469 0.729104 0.365318 0.706702 0.363167 0.694089 0.361016 0.680723 0.360585
1 0.871988 0.383391 0.874059 0.392642 0.906815 0.390921 0.903991 0.383176 0.889119 0.383391 0.87933 0.38296
0 0.84055 0.353485 0.85561 0.396084 0.912086 0.392642 0.891943 0.351764 0.864081 0.353485
1 0.283321 0.759897 0.28238 0.77216 0.341491 0.778399 0.342244 0.765921
1 0.518449 0.800559 0.517884 0.81605 0.560241 0.819062 0.560241 0.805938
1 0.280685 0.711274 0.273155 0.776463 0.34488 0.787005 0.353539 0.716437
1 0.492846 0.747418 0.485881 0.81648 0.566642 0.825086 0.567583 0.753227
1 0.769767 0.798838 0.771273 0.813038 0.838102 0.812392 0.836032 0.800129 0.795369 0.799053
0 0.784262 0.746558 0.76073 0.757745 0.765248 0.818847 0.841679 0.818847 0.829254 0.746127
