1 0.677644 0.339103 0.678365 0.35 0.744712 0.348077 0.74375 0.33782
0 0.66899 0.301603 0.674519 0.354167 0.75 0.352564 0.744952 0.319551 0.739904 0.29968
4 0.904327 0.301923 0.907692 0.314423 0.975962 0.312179 0.973558 0.298718
5 0.922596 0.304167 0.924038 0.311859 0.97476 0.310577 0.972115 0.301603
4 0.889423 0.251923 0.892788 0.265385 0.957692 0.26218 0.955769 0.251282
5 0.907452 0.255128 0.908894 0.261218 0.95625 0.260577 0.954327 0.253526
4 0.872115 0.196795 0.87524 0.209615 0.9375 0.20641 0.935817 0.197115
5 0.889663 0.19968 0.891346 0.205769 0.936298 0.205128 0.934375 0.198718
1 0.419471 0.327244 0.417067 0.336859 0.475721 0.353846 0.478365 0.342949
0 0.427644 0.288141 0.419712 0.307051 0.409135 0.339103 0.478365 0.359936 0.494231 0.30641
1 0.018029 0.333974 0.014904 0.34391 0.070192 0.341026 0.073317 0.33109
0 0.027163 0.298397 0.018269 0.320192 0.013221 0.335256 0.008173 0.349038 0.073077 0.344551 0.090625 0.294231
8 0.896154 0.548718 0.897837 0.565705 0.921154 0.567308 0.91875 0.550962
3 0.920913 0.559295 0.921394 0.564103 0.938942 0.566667 0.938221 0.561538
2 0.919231 0.551282 0.921154 0.566026 0.940385 0.567628 0.937019 0.553205
8 0.947596 0.565705 0.950962 0.583333 0.975481 0.586218 0.972596 0.567308
8 0.926683 0.602564 0.932452 0.618269 0.956971 0.619231 0.950721 0.604487
8 0.970914 0.649359 0.977404 0.668269 0.99976 0.669231 1.0 0.652885 0.997596 0.649359
8 0.935577 0.68109 0.940625 0.701282 0.967067 0.700321 0.961538 0.680128
1 0.91899 0.643269 0.93125 0.672115 0.935577 0.669872 0.923558 0.642628
0 0.910337 0.645192 0.92524 0.678526 0.938702 0.674038 0.924279 0.641026
8 0.796154 0.661218 0.799519 0.679487 0.824038 0.677244 0.819952 0.658333
8 0.826923 0.747115 0.829808 0.770192 0.857212 0.770192 0.854808 0.747436
8 0.754087 0.781731 0.75649 0.805128 0.783654 0.804808 0.780529 0.782051
8 0.745192 0.726603 0.747115 0.748397 0.773798 0.749359 0.770914 0.727885
8 0.687019 0.694551 0.688702 0.715385 0.714423 0.714423 0.71226 0.694551
8 0.645914 0.782051 0.646394 0.804487 0.673077 0.80609 0.672356 0.783654
8 0.602404 0.760897 0.602885 0.783333 0.629327 0.785577 0.628846 0.7625
8 0.55 0.783654 0.54976 0.80641 0.576202 0.807051 0.575962 0.784295
8 0.547596 0.726282 0.547837 0.746795 0.573317 0.747436 0.572596 0.726603
8 0.48125 0.696154 0.48101 0.716346 0.505769 0.716346 0.50601 0.696474
8 0.484135 0.751603 0.484135 0.771154 0.508894 0.772756 0.508894 0.751923
8 0.483413 0.799038 0.482212 0.819231 0.509135 0.821154 0.509375 0.799679
8 0.689904 0.767308 0.690385 0.78718 0.716586 0.78718 0.715625 0.766987
7 0.596875 0.744231 0.596635 0.753846 0.63149 0.755128 0.63125 0.746474
6 0.596394 0.742949 0.595914 0.754487 0.632212 0.755769 0.632212 0.745513
7 0.561058 0.76859 0.561298 0.778205 0.59375 0.777564 0.59351 0.770192
6 0.560336 0.767308 0.560577 0.778846 0.594471 0.778526 0.594471 0.769231
7 0.557933 0.708333 0.557692 0.717308 0.586298 0.716346 0.586538 0.709615
6 0.557212 0.707372 0.557212 0.717949 0.586779 0.716987 0.58726 0.708654
7 0.492067 0.681731 0.492067 0.688462 0.519712 0.685577 0.519712 0.680449
6 0.491587 0.680769 0.491587 0.689103 0.520433 0.686218 0.520433 0.679808
7 0.763462 0.76891 0.763462 0.777564 0.798558 0.778526 0.797596 0.770833
6 0.762981 0.767628 0.762981 0.778205 0.799038 0.779167 0.798317 0.769872
7 0.809375 0.734615 0.821394 0.795192 0.83149 0.79359 0.820192 0.733013
6 0.807933 0.732372 0.820433 0.797436 0.833173 0.794872 0.821154 0.73109
7 0.477404 0.819231 0.477163 0.825641 0.505288 0.826282 0.505288 0.821795 0.4875 0.821154 0.483413 0.820833 0.48149 0.819872
6 0.476923 0.81859 0.476683 0.825962 0.505769 0.826923 0.505769 0.821154 0.486058 0.820513 0.481731 0.819551
6 0.477885 0.770192 0.477404 0.777244 0.50601 0.778205 0.50601 0.772756 0.48774 0.772115
7 0.478365 0.770833 0.477885 0.776603 0.505288 0.777564 0.505529 0.773077 0.487019 0.772436 0.483413 0.771795
