3 0.337538 0.163726 0.337349 0.168029 0.36427 0.164802 0.364834 0.161145
2 0.336032 0.157487 0.334526 0.169535 0.365587 0.166308 0.36634 0.15512
3 0.337161 0.202238 0.336785 0.206325 0.365964 0.203528 0.365964 0.198365
2 0.33622 0.201807 0.366905 0.193632 0.366529 0.204174 0.33622 0.206971
3 0.341491 0.218158 0.340361 0.223322 0.355986 0.223752 0.368599 0.223967 0.369917 0.21988
2 0.339232 0.213425 0.336408 0.223322 0.369164 0.225258 0.372929 0.21278
3 0.465738 0.173623 0.465361 0.178141 0.494164 0.17685 0.493788 0.172547
2 0.462161 0.166308 0.461596 0.179647 0.494729 0.178141 0.495294 0.165878
3 0.507907 0.191695 0.507907 0.195998 0.53878 0.195353 0.53878 0.190835
2 0.505083 0.191265 0.505083 0.197504 0.539345 0.196644 0.53991 0.186532 0.527861 0.189114
3 0.722327 0.218374 0.723833 0.222676 0.7532 0.223752 0.751318 0.218589
2 0.716679 0.210628 0.721574 0.223752 0.754142 0.224182 0.751318 0.216222 0.747553 0.211704
3 0.607492 0.453959 0.606928 0.46278 0.633283 0.463855 0.633848 0.455465
2 0.602221 0.442126 0.603163 0.467513 0.650602 0.469234 0.648908 0.443201
3 0.94183 0.416523 0.944465 0.423623 0.973645 0.424484 0.971197 0.417814
2 0.933358 0.403614 0.941077 0.425129 0.975151 0.425774 0.966867 0.405551
3 0.953878 0.462349 0.956137 0.469664 0.989458 0.468589 0.986258 0.460843
2 0.94823 0.44815 0.949736 0.460413 0.952937 0.472246 0.974209 0.470095 0.990776 0.469449 0.985504 0.458262 0.982681 0.447289
3 0.035392 0.814329 0.033509 0.827453 0.0625 0.829604 0.06363 0.817986
2 0.037839 0.79432 0.02805 0.830895 0.080761 0.835843 0.087161 0.800559
5 0.139119 0.767212 0.136295 0.78012 0.17677 0.783993 0.179217 0.770009
4 0.116905 0.759251 0.110881 0.783563 0.177146 0.788726 0.181476 0.765491
3 0.193901 0.825301 0.191265 0.838425 0.222139 0.840577 0.223833 0.829389
2 0.1907 0.803356 0.186935 0.841652 0.243599 0.84574 0.247929 0.80852
5 0.142131 0.703313 0.138931 0.717298 0.179217 0.718589 0.181099 0.706971
4 0.125565 0.699441 0.122364 0.716867 0.179405 0.720955 0.183358 0.704174
5 0.277485 0.768072 0.277108 0.78012 0.298381 0.77216 0.298946 0.760757
4 0.260919 0.768287 0.259601 0.791954 0.300828 0.776678 0.300264 0.757745
3 0.37067 0.710628 0.371423 0.723322 0.401355 0.716867 0.400979 0.706325
2 0.364458 0.692341 0.367093 0.725904 0.407191 0.718374 0.422628 0.713425 0.419992 0.688253 0.413027 0.68309
3 0.363705 0.827453 0.365776 0.840146 0.397214 0.832186 0.395708 0.819492
2 0.354104 0.806799 0.360316 0.844019 0.419051 0.827453 0.412651 0.791093
3 0.442583 0.657487 0.442959 0.668675 0.491529 0.666523 0.491905 0.655766
2 0.437124 0.641351 0.437312 0.671472 0.494917 0.66889 0.493976 0.638554
3 0.438441 0.737952 0.439006 0.749355 0.490587 0.748709 0.49134 0.736876
2 0.433735 0.719019 0.433735 0.752367 0.495482 0.751506 0.494729 0.725258 0.490023 0.717728
5 0.464985 0.790663 0.465173 0.802711 0.504895 0.80142 0.504706 0.789372
4 0.43863 0.785284 0.439194 0.80852 0.506589 0.806153 0.506212 0.784854
3 0.510919 0.644148 0.51073 0.65512 0.559864 0.65469 0.560053 0.644148
2 0.50433 0.62543 0.504706 0.658348 0.560806 0.657702 0.560429 0.626076
3 0.515248 0.722892 0.51506 0.734725 0.567395 0.7358 0.567959 0.724398
2 0.510354 0.701592 0.507907 0.704604 0.508848 0.737952 0.568712 0.739673 0.567583 0.703528
3 0.617658 0.710843 0.617658 0.723107 0.648908 0.723967 0.648908 0.713425
2 0.612387 0.69191 0.612764 0.725258 0.670181 0.727194 0.668486 0.694923 0.666227 0.692556
3 0.622176 0.783348 0.622176 0.796902 0.654367 0.796041 0.654932 0.784423
2 0.618411 0.762478 0.619917 0.797762 0.674699 0.797978 0.672063 0.762263
3 0.779556 0.826592 0.781626 0.837995 0.831514 0.827668 0.829631 0.81648
2 0.768825 0.805938 0.775414 0.841652 0.833773 0.830895 0.825113 0.79432
5 0.715173 0.737522 0.717244 0.752367 0.796498 0.751076 0.794992 0.736016
4 0.684488 0.732143 0.685806 0.759251 0.798758 0.753873 0.798193 0.732358
3 0.776544 0.692986 0.776167 0.704819 0.806099 0.70525 0.806099 0.695568
2 0.769014 0.673623 0.771649 0.707401 0.82756 0.708907 0.824925 0.674914
3 0.748682 0.611231 0.749812 0.622418 0.777297 0.622633 0.77692 0.611016
2 0.740211 0.594234 0.746047 0.625 0.796875 0.623279 0.793486 0.599398 0.788592 0.593158
5 0.754518 0.582616 0.755836 0.591867 0.786898 0.590361 0.784827 0.580895
4 0.735316 0.58068 0.736822 0.593804 0.789157 0.591652 0.786898 0.579174
3 0.485504 0.112737 0.486258 0.118546 0.514872 0.115534 0.514872 0.110155
2 0.483998 0.107143 0.485504 0.120267 0.515437 0.11833 0.515625 0.105422
3 0.664721 0.151678 0.689383 0.151678 0.689006 0.156411 0.664533 0.15512
2 0.665286 0.147375 0.692018 0.148451 0.690136 0.158348 0.659639 0.156411 0.661521 0.146945
3 0.814759 0.216437 0.823795 0.234509 0.830196 0.234079 0.820407 0.216007
2 0.805723 0.215792 0.817959 0.237952 0.832267 0.236446 0.821913 0.214716 0.807229 0.214071
3 0.794804 0.184596 0.819842 0.185456 0.82116 0.189329 0.795934 0.188253
2 0.790474 0.181799 0.819277 0.182229 0.822854 0.189974 0.794239 0.189974 0.791227 0.182229
3 0.876318 0.160069 0.900226 0.159639 0.901732 0.163296 0.878765 0.164157
2 0.873306 0.15469 0.89872 0.15426 0.905874 0.165448 0.877636 0.166523 0.872176 0.155981 0.872364 0.15512
3 0.944842 0.241394 0.970068 0.241394 0.971574 0.246127 0.94616 0.245052 0.945218 0.241824
2 0.939759 0.233219 0.944842 0.246127 0.972703 0.247203 0.967809 0.234294 0.939383 0.232573
