1 0.074925 0.273451 0.07323 0.281411 0.088667 0.280766 0.101657 0.27926 0.131401 0.276678 0.133848 0.276678 0.135166 0.267427 0.114646 0.269148 0.098645 0.270654 0.084526 0.27173
0 0.083396 0.238812 0.079631 0.251506 0.075489 0.264415 0.071348 0.276033 0.067583 0.287651 0.088291 0.286145 0.108245 0.283778 0.134036 0.282272 0.140625 0.253873 0.147026 0.232358 0.127824 0.233434 0.106739 0.236015
1 0.368035 0.174914 0.367658 0.181368 0.395896 0.183305 0.426205 0.185456 0.427334 0.177065 0.401167 0.175559 0.382907 0.174484
0 0.36427 0.143503 0.359752 0.186747 0.381589 0.188468 0.433358 0.189329 0.434488 0.145009 0.38573 0.143503
1 0.391378 0.262478 0.390248 0.273666 0.460279 0.276033 0.460843 0.265921 0.42244 0.262478
0 0.391378 0.223967 0.38366 0.277754 0.46442 0.281411 0.466867 0.22784
1 0.709149 0.295181 0.712161 0.30185 0.731363 0.302711 0.744917 0.30142 0.754895 0.302711 0.768261 0.304002 0.764307 0.296472 0.751318 0.294966 0.732869 0.29432
0 0.690324 0.270009 0.71009 0.304432 0.732116 0.306153 0.754706 0.307444 0.773343 0.308305 0.764119 0.288081 0.750753 0.270869 0.732116 0.269578 0.708208 0.268718
1 0.908321 0.299914 0.911521 0.307229 0.926393 0.308305 0.938818 0.309811 0.953502 0.310886 0.950301 0.303356 0.930535 0.301635
0 0.892131 0.267642 0.906815 0.311102 0.919051 0.312392 0.939383 0.314544 0.960655 0.31562 0.951431 0.292384 0.942583 0.272806 0.918863 0.269578
