3 0.0 0.341667 0.00024 0.346795 0.023317 0.350321 0.025721 0.345192
2 0.029087 0.336218 0.023798 0.351923 0.00024 0.349038 0.0 0.339423 0.00024 0.329808 0.029087 0.335577
8 0.010337 0.120833 0.007452 0.135897 0.035817 0.134936 0.03726 0.120513
8 0.06851 0.115705 0.063942 0.131731 0.085337 0.134615 0.085577 0.125962 0.08774 0.11859
8 0.044471 0.026603 0.0375 0.041667 0.064183 0.042628 0.067548 0.028526
8 0.024038 0.035577 0.017788 0.050962 0.00024 0.049359 0.00024 0.035577
8 0.090865 0.034615 0.087019 0.048077 0.102163 0.046795 0.1125 0.0375 0.11274 0.032692
3 0.118029 0.573077 0.116827 0.580449 0.148317 0.575641 0.148317 0.56891
2 0.115865 0.560577 0.11274 0.582051 0.14976 0.577885 0.151202 0.55641
3 0.183654 0.640064 0.183413 0.647436 0.215865 0.65032 0.216587 0.642949
2 0.182452 0.625962 0.178125 0.649038 0.217308 0.652564 0.219712 0.627885
2 0.333413 0.516026 0.33125 0.538782 0.36875 0.541026 0.370433 0.519231
3 0.335337 0.529487 0.334375 0.53718 0.355048 0.538141 0.355288 0.530769
2 0.407452 0.578846 0.40601 0.601603 0.442788 0.602564 0.44351 0.579808
3 0.411058 0.592308 0.410817 0.59968 0.441827 0.6 0.442308 0.593269
2 0.506971 0.589423 0.507452 0.6125 0.54351 0.612179 0.542788 0.590385
3 0.510096 0.600641 0.509856 0.608654 0.541827 0.608654 0.541586 0.600962
3 0.612019 0.600641 0.6125 0.606731 0.644471 0.605769 0.64351 0.598397
2 0.606971 0.586218 0.608654 0.609295 0.645433 0.607692 0.642067 0.584936
8 0.65625 0.524038 0.657212 0.547436 0.686058 0.552564 0.684135 0.529167
3 0.661538 0.514423 0.66226 0.520513 0.689904 0.523397 0.689183 0.517308
2 0.657452 0.502885 0.659375 0.522756 0.691106 0.52532 0.6875 0.505128
3 0.725962 0.497436 0.726683 0.503846 0.756731 0.50609 0.75601 0.498718
2 0.721154 0.486538 0.723558 0.505128 0.757933 0.508013 0.754808 0.4875
3 0.724519 0.598397 0.72476 0.605449 0.756731 0.608654 0.75625 0.601282
2 0.719231 0.584295 0.720673 0.606731 0.757452 0.610577 0.755529 0.5875
8 0.786298 0.547436 0.788942 0.571154 0.817308 0.572115 0.814904 0.549359
3 0.798317 0.673718 0.799279 0.68109 0.830048 0.679167 0.828365 0.670833
2 0.795192 0.660897 0.798077 0.683974 0.83149 0.682051 0.826202 0.658333
3 0.867788 0.614103 0.868269 0.620513 0.899038 0.624038 0.898558 0.616346
2 0.863221 0.601603 0.865625 0.622436 0.899038 0.626603 0.90024 0.623077 0.898077 0.604487
8 0.941346 0.629808 0.946875 0.655449 0.976202 0.654808 0.970914 0.629487
3 0.942788 0.53718 0.94375 0.542949 0.972356 0.542308 0.971154 0.536538
2 0.936058 0.52468 0.941106 0.544231 0.973558 0.54359 0.96875 0.524359
8 0.885096 0.400962 0.889663 0.421154 0.915865 0.420513 0.911779 0.400962
8 0.798798 0.381731 0.802164 0.402564 0.828606 0.402564 0.825 0.382372
3 0.721635 0.373718 0.722356 0.379167 0.74976 0.376923 0.748558 0.371474
2 0.716586 0.364744 0.719471 0.381731 0.747356 0.379487 0.751442 0.377564 0.747596 0.3625
8 0.606971 0.399359 0.606731 0.419551 0.634856 0.421154 0.633894 0.400962
8 0.521635 0.382372 0.521635 0.401603 0.548798 0.402885 0.547837 0.384295
8 0.441827 0.340064 0.441106 0.358654 0.468029 0.359295 0.468029 0.340705 0.442308 0.339423
8 0.259375 0.379808 0.257692 0.400962 0.286779 0.399679 0.287981 0.378846
3 0.289663 0.35 0.288942 0.355769 0.316106 0.359615 0.317067 0.354167
2 0.289663 0.341667 0.285817 0.356731 0.317067 0.361538 0.319712 0.345513
3 0.205769 0.325641 0.205529 0.33141 0.222596 0.332692 0.223077 0.326923
2 0.205529 0.316346 0.201683 0.332692 0.233173 0.334936 0.236058 0.318269
3 0.10625 0.336538 0.10625 0.342628 0.136058 0.339103 0.135817 0.332372
2 0.102404 0.328526 0.102644 0.344231 0.13726 0.340385 0.136298 0.323077
2 0.265625 0.158013 0.262019 0.172436 0.290865 0.176603 0.294231 0.161218
3 0.265865 0.158974 0.264663 0.163462 0.290144 0.167308 0.289904 0.162821
2 0.334135 0.128846 0.333894 0.141987 0.361779 0.140064 0.361058 0.126603
3 0.336779 0.135897 0.336779 0.140385 0.360817 0.138782 0.360577 0.134295
2 0.281731 0.057692 0.278365 0.069872 0.305529 0.070833 0.30649 0.059295
3 0.283173 0.063782 0.282452 0.067949 0.304808 0.069551 0.305288 0.065064
2 0.392788 0.039744 0.389423 0.050962 0.409135 0.05609 0.410337 0.044551
3 0.392788 0.046795 0.391827 0.050641 0.404567 0.052885 0.404808 0.049679
2 0.438702 0.189744 0.440385 0.203526 0.451202 0.202885 0.46875 0.199038 0.466346 0.186218
3 0.442308 0.197115 0.442788 0.202244 0.464904 0.199359 0.464183 0.195513
8 0.686298 0.19359 0.685336 0.208333 0.709135 0.214744 0.709856 0.198077
8 0.677644 0.112179 0.679087 0.126282 0.702163 0.126603 0.701442 0.112821
8 0.671154 0.040064 0.673077 0.052564 0.693269 0.053846 0.692067 0.039423
8 0.602885 0.043269 0.604567 0.056731 0.62524 0.057372 0.62476 0.044231
2 0.601202 0.087821 0.599038 0.100321 0.625962 0.10609 0.626202 0.092949
3 0.602885 0.095833 0.602644 0.100321 0.622356 0.103846 0.622596 0.099679
2 0.546394 0.086218 0.546875 0.098718 0.572115 0.100321 0.572356 0.088462
3 0.549279 0.094231 0.549279 0.097756 0.571875 0.099359 0.571394 0.094872
2 0.551683 0.149679 0.553365 0.164744 0.57476 0.167308 0.574519 0.152885
3 0.552885 0.157692 0.553365 0.1625 0.573558 0.165064 0.573317 0.160897
8 0.851442 0.197436 0.855048 0.211859 0.877885 0.213462 0.874279 0.197115
8 0.840144 0.121154 0.839904 0.134936 0.863221 0.136859 0.861779 0.122115
3 0.611538 0.178205 0.611779 0.182372 0.635577 0.185577 0.634856 0.180128
2 0.608894 0.171154 0.609375 0.183974 0.63726 0.187821 0.634375 0.173397
