7 0.634413 0.334122 0.670746 0.333477 0.672063 0.339501 0.635354 0.339071
6 0.632342 0.333692 0.633471 0.339501 0.673946 0.340146 0.671498 0.332831
7 0.6282 0.300344 0.656438 0.300129 0.664157 0.300129 0.664157 0.305723 0.628012 0.305077
6 0.627259 0.299914 0.627071 0.306153 0.665286 0.306368 0.664721 0.299699
3 0.85881 0.55099 0.869164 0.550344 0.870105 0.554217 0.859752 0.555508
2 0.856739 0.545611 0.870482 0.54475 0.875 0.554647 0.859563 0.557444
3 0.837161 0.538942 0.847703 0.538942 0.848456 0.542169 0.837914 0.542814
2 0.833773 0.533133 0.851468 0.532917 0.855986 0.544535 0.837161 0.544535
3 0.81363 0.534639 0.831137 0.534639 0.832267 0.538296 0.814383 0.537866
2 0.808735 0.528614 0.812688 0.539157 0.832831 0.538726 0.829254 0.527754
3 0.717056 0.54475 0.736446 0.54432 0.737387 0.547978 0.717809 0.547978
2 0.713855 0.537651 0.735504 0.53679 0.738517 0.548623 0.717056 0.549484 0.715926 0.547332
8 0.321724 0.549914 0.318901 0.56605 0.341303 0.566265 0.342997 0.549699
8 0.109375 0.647806 0.128953 0.650172 0.124812 0.667169 0.103539 0.664587
8 0.091867 0.69901 0.10994 0.701162 0.105798 0.722031 0.085655 0.718374
8 0.22741 0.661575 0.249059 0.660714 0.244729 0.681368 0.222327 0.679647
8 0.226657 0.625215 0.251506 0.626936 0.246611 0.645654 0.221386 0.644793
8 0.263178 0.716437 0.286898 0.717083 0.28445 0.735155 0.260542 0.734079
8 0.295746 0.715792 0.319465 0.717083 0.316077 0.737306 0.292169 0.7358
8 0.272026 0.680938 0.295746 0.681153 0.292357 0.701377 0.268449 0.699871
8 0.274096 0.649312 0.297816 0.649312 0.294428 0.669535 0.27052 0.668029
8 0.164345 0.699656 0.187688 0.701592 0.183923 0.722246 0.15945 0.719234
8 0.170181 0.668029 0.196913 0.667384 0.192395 0.689329 0.167169 0.686962
8 0.180723 0.638339 0.176205 0.656842 0.198042 0.657917 0.200866 0.643503 0.191077 0.643072 0.19183 0.638769
8 0.353916 0.661575 0.375188 0.662866 0.374624 0.681583 0.35128 0.679647
8 0.347703 0.697935 0.370858 0.69815 0.369352 0.719234 0.345256 0.718589
8 0.399849 0.682229 0.423004 0.682444 0.420934 0.702668 0.397402 0.702883
8 0.395143 0.710413 0.419051 0.712134 0.416039 0.732788 0.392696 0.731067
8 0.460655 0.722461 0.477033 0.721816 0.476845 0.742255 0.46122 0.740749
8 0.457078 0.685886 0.47948 0.68438 0.480798 0.70611 0.457078 0.707186
8 0.453313 0.652108 0.476468 0.649527 0.477786 0.671472 0.454066 0.672547
8 0.57436 0.705895 0.600339 0.707186 0.600715 0.730422 0.574548 0.728916
8 0.607681 0.707401 0.633848 0.708907 0.63366 0.730852 0.607869 0.729561
8 0.608057 0.68352 0.634224 0.685026 0.634036 0.707186 0.608434 0.705895
8 0.644202 0.681583 0.667733 0.680077 0.66811 0.702022 0.644014 0.703098
8 0.638931 0.70525 0.662462 0.705465 0.664533 0.725904 0.639496 0.725904
5 0.587726 0.65512 0.609187 0.654475 0.60994 0.661575 0.587538 0.661575
4 0.586408 0.65469 0.60994 0.653614 0.611069 0.66222 0.586973 0.66222
3 0.701431 0.680293 0.705572 0.680293 0.707267 0.695998 0.703125 0.695783
2 0.692771 0.669105 0.705761 0.669535 0.708396 0.700086 0.695971 0.698365
8 0.686935 0.71278 0.708208 0.712134 0.711596 0.7429 0.690512 0.741824
8 0.725904 0.671472 0.725527 0.688898 0.749059 0.694923 0.748682 0.67642
8 0.784262 0.662005 0.806288 0.658348 0.811747 0.679217 0.78991 0.681799
7 0.728163 0.700301 0.745482 0.701592 0.752824 0.704819 0.763178 0.703098 0.786521 0.698365 0.789157 0.711919 0.774096 0.712995 0.760166 0.715792 0.7468 0.714071 0.727598 0.711919
6 0.725339 0.69858 0.747741 0.700732 0.755459 0.701807 0.787651 0.696213 0.790663 0.713855 0.76073 0.717728 0.741905 0.714716 0.725527 0.712564
7 0.814571 0.682014 0.822666 0.681583 0.834149 0.732573 0.824925 0.731497
6 0.81137 0.681368 0.823042 0.680293 0.83509 0.734725 0.82436 0.732788
3 0.872553 0.68352 0.892696 0.683735 0.893637 0.689114 0.873117 0.689114
2 0.869541 0.67599 0.89119 0.675559 0.894767 0.690404 0.872364 0.689974
3 0.89552 0.646945 0.906815 0.645654 0.907944 0.649742 0.896649 0.650818
2 0.892696 0.640275 0.907944 0.638124 0.911145 0.649527 0.895708 0.651463
3 0.857116 0.630594 0.87387 0.627797 0.875565 0.63253 0.858434 0.634897
2 0.854104 0.623924 0.857304 0.635542 0.875941 0.634036 0.872741 0.621558
3 0.835467 0.655766 0.845821 0.654045 0.84695 0.658993 0.836973 0.660499
2 0.832831 0.648236 0.849586 0.646945 0.853727 0.660069 0.836973 0.662651
3 0.953502 0.720095 0.97308 0.719019 0.974398 0.724398 0.954066 0.725258
2 0.948419 0.711489 0.971009 0.711058 0.975527 0.724182 0.951619 0.726549
