1 0.086596 0.195138 0.084526 0.205895 0.132907 0.201162 0.135166 0.192126
0 0.091867 0.163726 0.078878 0.210198 0.135542 0.205465 0.14759 0.160284
1 0.265437 0.203959 0.264496 0.211489 0.30064 0.21364 0.301393 0.20611
1 0.412839 0.21278 0.411898 0.22117 0.448042 0.222461 0.44936 0.214501
0 0.391002 0.180723 0.387425 0.225688 0.45256 0.226764 0.45369 0.18309
0 0.247929 0.170181 0.237952 0.214501 0.242282 0.213855 0.30384 0.218374 0.310994 0.175344
1 0.571536 0.170396 0.572666 0.180508 0.60561 0.179002 0.604857 0.170181
0 0.54198 0.142212 0.546122 0.18395 0.561182 0.18352 0.610504 0.182659 0.605798 0.154475 0.603163 0.140921 0.56137 0.140491
1 0.715738 0.21988 0.717809 0.229346 0.747176 0.232573 0.745858 0.224182
0 0.685053 0.183305 0.689006 0.229131 0.749059 0.236661 0.748494 0.214716 0.747364 0.185026 0.74567 0.184596 0.727221 0.190189
3 0.102221 0.542384 0.101468 0.547117 0.113893 0.547332 0.11427 0.543029
2 0.10128 0.534639 0.099209 0.549268 0.121047 0.549699 0.123306 0.54475 0.124247 0.53636
3 0.406062 0.437392 0.40625 0.442771 0.420369 0.442126 0.420181 0.437608
2 0.405309 0.429647 0.40512 0.443632 0.430158 0.443201 0.430723 0.432014 0.427899 0.430077
3 0.197666 0.546256 0.197666 0.551635 0.210279 0.550129 0.210655 0.545396
2 0.195595 0.538296 0.195595 0.552711 0.220068 0.55099 0.221197 0.538296 0.21988 0.53679
3 0.300264 0.547762 0.299322 0.552926 0.313441 0.555508 0.314006 0.550344
2 0.299511 0.538942 0.296122 0.553787 0.321724 0.558305 0.324925 0.543244
3 0.403614 0.550129 0.403803 0.555293 0.418298 0.553571 0.41811 0.548838
2 0.400979 0.541738 0.401355 0.556799 0.426393 0.554002 0.427711 0.552281 0.427334 0.539372
1 0.456514 0.470955 0.456514 0.473322 0.467244 0.473537 0.467432 0.471386
1 0.456702 0.474182 0.456702 0.476549 0.467432 0.476764 0.46762 0.474613
0 0.454066 0.464931 0.453878 0.481928 0.47308 0.482358 0.473268 0.465577
3 0.536709 0.501291 0.536898 0.506454 0.55064 0.506239 0.550264 0.501506
2 0.533321 0.494406 0.533697 0.510112 0.556476 0.509466 0.560053 0.508176 0.559864 0.493546
3 0.527673 0.540878 0.527861 0.545611 0.54198 0.544105 0.541416 0.539587
2 0.524661 0.534208 0.526167 0.547762 0.55177 0.545396 0.550452 0.533993 0.548946 0.531842
3 0.536709 0.58111 0.536709 0.587134 0.55064 0.585843 0.550264 0.58111
2 0.53558 0.57401 0.53558 0.58821 0.555346 0.586704 0.554593 0.572935
3 0.598268 0.46278 0.598268 0.467513 0.612199 0.467298 0.612011 0.462995
2 0.595444 0.455895 0.595821 0.470525 0.620858 0.469019 0.619541 0.45525
3 0.589608 0.506454 0.590173 0.511403 0.603351 0.509897 0.603163 0.505164
2 0.586785 0.499355 0.588291 0.512478 0.608246 0.510327 0.610316 0.509897 0.612952 0.506885 0.611069 0.496342
3 0.60448 0.538726 0.604292 0.54346 0.618223 0.54432 0.618035 0.539802
2 0.602598 0.531196 0.602786 0.544535 0.606928 0.545826 0.623117 0.546472 0.627071 0.544535 0.627071 0.532702
3 0.604104 0.578744 0.604292 0.584337 0.618035 0.583907 0.617846 0.578744
2 0.602221 0.570998 0.603163 0.585413 0.628389 0.584768 0.627447 0.569923
3 0.684488 0.481067 0.6843 0.4858 0.696913 0.487091 0.697289 0.482573
2 0.681664 0.472676 0.681476 0.486231 0.704819 0.488812 0.704631 0.475473
3 0.685241 0.550344 0.685994 0.555293 0.698983 0.552065 0.697854 0.547762
2 0.681288 0.542599 0.685241 0.556583 0.707267 0.55099 0.704443 0.537005
3 0.769014 0.452453 0.769014 0.457186 0.779932 0.457401 0.78012 0.453098
2 0.766943 0.444707 0.766754 0.450947 0.767319 0.457831 0.787839 0.458477 0.787274 0.452022 0.786898 0.445568
3 0.736822 0.508606 0.736446 0.513124 0.748117 0.514845 0.74887 0.510327
2 0.734563 0.500215 0.734187 0.5142 0.755836 0.517212 0.756024 0.511403 0.757154 0.504303
3 0.737199 0.541308 0.737387 0.545611 0.749624 0.545611 0.749624 0.541093
2 0.734375 0.533133 0.736258 0.546902 0.75866 0.546687 0.75753 0.532487
