7 0.642508 0.481282 0.674887 0.480637 0.675264 0.489028 0.641378 0.490318
6 0.639872 0.481282 0.6875 0.480637 0.687876 0.495052 0.64006 0.495267
7 0.777673 0.567556 0.796122 0.567126 0.79631 0.576807 0.77692 0.575947
6 0.775791 0.564759 0.799887 0.564114 0.801393 0.58111 0.775414 0.58111
1 0.490964 0.201377 0.551581 0.196213 0.55384 0.205034 0.491905 0.210628
0 0.485693 0.163296 0.55497 0.155766 0.558735 0.211059 0.486446 0.215361
1 0.709902 0.157057 0.74567 0.160284 0.748117 0.169966 0.709337 0.167169
0 0.677334 0.126291 0.742093 0.127797 0.751506 0.173623 0.6843 0.169966
1 0.878012 0.152539 0.927334 0.16222 0.929405 0.170611 0.880083 0.160929
0 0.865964 0.11747 0.922628 0.127797 0.935053 0.176205 0.876506 0.164157
1 0.931852 0.33864 0.950866 0.343804 0.950489 0.348537 0.931664 0.342298
0 0.929593 0.330465 0.949925 0.336059 0.951996 0.348967 0.951996 0.349613 0.930723 0.343589
