1 0.157944 0.262909 0.155874 0.268072 0.184864 0.266136 0.186182 0.261403
1 0.153803 0.270224 0.152108 0.275172 0.181852 0.273021 0.182417 0.268503
1 0.15192 0.277324 0.151167 0.283563 0.178087 0.281196 0.179405 0.276033
0 0.158886 0.249139 0.148908 0.273021 0.146461 0.284854 0.194654 0.284208 0.196348 0.273451 0.204819 0.246558
1 0.146461 0.295181 0.144578 0.299914 0.16378 0.300129 0.172816 0.30099 0.174511 0.296256 0.157003 0.294535
1 0.141943 0.302926 0.140248 0.30809 0.156626 0.307874 0.169428 0.30938 0.170934 0.304002 0.152485 0.303141
1 0.14006 0.310671 0.137613 0.315404 0.155309 0.31648 0.166039 0.318201 0.167545 0.312823 0.147779 0.310456
0 0.146461 0.285499 0.146649 0.288726 0.129706 0.320568 0.141943 0.319923 0.176205 0.32358 0.181099 0.324226 0.195971 0.285284
1 0.286709 0.328959 0.286145 0.334552 0.306288 0.332831 0.306476 0.327238
1 0.284827 0.33778 0.284262 0.343374 0.304405 0.341652 0.304593 0.336059
1 0.281626 0.346816 0.28125 0.35241 0.301205 0.350904 0.302523 0.34531
0 0.271837 0.318417 0.265248 0.344449 0.259601 0.357143 0.317959 0.354776 0.324736 0.315404
0 0.326242 0.310456 0.318336 0.353701 0.359187 0.354346 0.365776 0.30895
1 0.324736 0.323365 0.323795 0.33025 0.345068 0.329604 0.346009 0.323365
1 0.32323 0.333477 0.322289 0.340361 0.343562 0.339716 0.344503 0.333477
1 0.320971 0.341652 0.319842 0.348537 0.341114 0.347892 0.342244 0.341652
1 0.369352 0.321213 0.369541 0.327668 0.407191 0.325732 0.407191 0.319277
1 0.367846 0.33111 0.367846 0.337565 0.406626 0.336274 0.40738 0.329389
1 0.367093 0.341007 0.367282 0.347461 0.405685 0.345525 0.406815 0.340361
0 0.366905 0.307659 0.363705 0.348967 0.376694 0.350258 0.393637 0.349182 0.408133 0.34617 0.426205 0.343158 0.42677 0.309165 0.378577 0.311532 0.377824 0.306368 0.367093 0.307014
1 0.386672 0.283778 0.385919 0.289587 0.419804 0.287435 0.419992 0.282487
1 0.384413 0.292814 0.384224 0.298193 0.420181 0.296256 0.419804 0.290663
1 0.383095 0.30099 0.382342 0.306799 0.419804 0.303787 0.419616 0.299268
0 0.388931 0.272806 0.379895 0.309596 0.439383 0.307874 0.438818 0.27926
1 0.38686 0.262909 0.386295 0.268933 0.420369 0.273666 0.42244 0.269363
1 0.389684 0.257315 0.388742 0.261618 0.423381 0.265921 0.424322 0.262263
1 0.391378 0.252797 0.390625 0.256024 0.424887 0.260972 0.425452 0.2571
0 0.390625 0.246343 0.384224 0.270654 0.439194 0.278614 0.441453 0.265275 0.422628 0.252797
1 0.403238 0.224182 0.400226 0.22827 0.42244 0.233219 0.42997 0.24204 0.431852 0.237952 0.422063 0.22741
1 0.400226 0.236661 0.419428 0.240534 0.427523 0.248279 0.431099 0.244406 0.421498 0.23537 0.402108 0.231497
1 0.397214 0.239673 0.417545 0.24204 0.423193 0.245052 0.427523 0.249355 0.428087 0.252582 0.419428 0.248064 0.402861 0.245697 0.396649 0.244406
0 0.401355 0.22117 0.391566 0.245052 0.423004 0.251936 0.438065 0.262478 0.441077 0.248709 0.426393 0.220955
1 0.655497 0.127797 0.655685 0.1321 0.683735 0.134682 0.683358 0.130379
0 0.64872 0.11704 0.650414 0.13296 0.698795 0.137048 0.696348 0.122849
1 0.655497 0.141997 0.655874 0.146299 0.685994 0.149742 0.685994 0.146084
1 0.656626 0.149527 0.657003 0.153399 0.688253 0.156411 0.687312 0.151678
0 0.651167 0.133606 0.654556 0.155981 0.704066 0.158348 0.698983 0.137694
1 0.662086 0.171041 0.662651 0.17599 0.692583 0.17642 0.692583 0.172332
1 0.661709 0.177281 0.662274 0.182659 0.681476 0.182659 0.694089 0.182874 0.693524 0.178356
1 0.662274 0.184596 0.662839 0.189974 0.685429 0.19062 0.695218 0.19062 0.69503 0.186102
0 0.654932 0.156626 0.659639 0.190835 0.712538 0.192341 0.704254 0.158993
1 0.679217 0.201162 0.679217 0.205465 0.698419 0.208477 0.698042 0.203098
1 0.668863 0.208907 0.679593 0.207831 0.692583 0.209768 0.699925 0.210843 0.700113 0.215792 0.681852 0.212995 0.669428 0.21364
0 0.660015 0.191265 0.663404 0.216867 0.675075 0.214286 0.69183 0.216867 0.71555 0.218589 0.710843 0.192986
5 0.750565 0.089501 0.751694 0.092513 0.774096 0.091437 0.772967 0.087995
4 0.732304 0.086489 0.735504 0.096386 0.775038 0.092728 0.77259 0.082616
1 0.942959 0.249139 0.943524 0.254303 0.964044 0.254303 0.963102 0.248709
1 0.946536 0.2571 0.947289 0.262478 0.968185 0.263339 0.967432 0.25753
1 0.950678 0.265275 0.951431 0.270439 0.972327 0.271515 0.971386 0.265491
1 0.945971 0.283563 0.966491 0.285499 0.977786 0.285069 0.978727 0.291093 0.958584 0.289802 0.947289 0.288511
1 0.949736 0.291954 0.966867 0.291738 0.979857 0.29346 0.983057 0.29432 0.983622 0.298408 0.968562 0.296902 0.951431 0.297547
1 0.953125 0.300559 0.974398 0.301205 0.986634 0.30185 0.987764 0.307659 0.96762 0.307014 0.954631 0.306583
1 0.962349 0.320998 0.977033 0.321429 0.994729 0.323365 0.995858 0.328959 0.979669 0.327453 0.963102 0.327238
1 0.966303 0.33068 0.981175 0.33111 0.998682 0.333262 1.0 0.33864 0.983622 0.337134 0.967244 0.336919
1 0.972327 0.340577 1.0 0.342728 1.0 0.348322 0.973645 0.347676
0 0.952937 0.309165 1.0 0.30852 1.0 0.35327 0.966679 0.351549
0 0.95256 0.308735 1.0 0.30809 1.0 0.300559 0.989081 0.272806 0.936182 0.274312
0 0.920934 0.2358 0.936182 0.272806 0.98814 0.271945 0.983057 0.254088 0.972327 0.237737
3 0.211408 0.515491 0.21122 0.519148 0.219315 0.519148 0.219315 0.515491
2 0.21122 0.508606 0.208961 0.520009 0.229104 0.520009 0.230422 0.50796
3 0.232681 0.524096 0.231739 0.52883 0.24247 0.528614 0.243223 0.524742
2 0.232116 0.516997 0.230798 0.529475 0.250376 0.52969 0.252636 0.517857
3 0.201619 0.557659 0.201619 0.561747 0.211785 0.561317 0.212726 0.557229
2 0.200678 0.550344 0.199548 0.563468 0.21988 0.561532 0.221009 0.548623
3 0.883471 0.499785 0.884036 0.503873 0.896084 0.504518 0.895331 0.500645
2 0.879895 0.4929 0.882154 0.504948 0.900414 0.505594 0.903803 0.503657 0.900979 0.493976
3 0.927334 0.532702 0.927523 0.537005 0.946913 0.537005 0.94616 0.532702
2 0.923381 0.525818 0.925828 0.538296 0.948983 0.537651 0.943901 0.525602
3 0.009224 0.648666 0.008471 0.653184 0.017319 0.653399 0.018449 0.649312
2 0.009413 0.641351 0.006965 0.65426 0.022779 0.65426 0.025414 0.651893 0.027673 0.641997
5 0.656815 0.654475 0.65738 0.659423 0.678652 0.658778 0.678464 0.654475
4 0.650038 0.652754 0.650226 0.660929 0.679217 0.659423 0.679029 0.652108 0.650414 0.652754
3 0.873306 0.665017 0.87387 0.669966 0.894767 0.671472 0.89439 0.667384
2 0.869917 0.657487 0.871047 0.671041 0.895331 0.672762 0.894202 0.658348 0.871047 0.657057
3 0.875565 0.688683 0.875941 0.693847 0.89872 0.694707 0.898532 0.690189
2 0.872553 0.680077 0.873682 0.695998 0.899473 0.695783 0.898343 0.680938
3 0.938065 0.614673 0.938818 0.619406 0.957643 0.618115 0.956702 0.613382
2 0.9343 0.606282 0.938441 0.621127 0.958584 0.618761 0.954631 0.605422
3 0.975904 0.634251 0.977598 0.638984 0.997553 0.637909 0.996235 0.632745
2 0.971009 0.626936 0.975527 0.640706 0.998494 0.638554 0.993788 0.62457
3 0.962161 0.695998 0.963479 0.701592 0.984375 0.700301 0.983057 0.695138
2 0.959902 0.687392 0.962726 0.702883 0.985316 0.701807 0.982116 0.685886
