3 0.154367 0.659639 0.152108 0.66846 0.18863 0.67642 0.191265 0.667169
2 0.153614 0.641566 0.147026 0.669966 0.188253 0.679432 0.192959 0.665663 0.195218 0.649312
3 0.169051 0.582186 0.16811 0.590146 0.204443 0.591867 0.20689 0.583907
2 0.16811 0.565835 0.162462 0.591867 0.205384 0.594449 0.20802 0.583262 0.209337 0.567986
4 0.060053 0.582616 0.058547 0.590577 0.108057 0.594234 0.10994 0.584337
5 0.076619 0.584552 0.075866 0.591222 0.107116 0.593374 0.108434 0.585843
3 0.968562 0.690835 0.969126 0.700301 0.999812 0.70654 1.0 0.696859
2 0.961973 0.671041 0.966114 0.702022 0.999812 0.708477 0.999812 0.677281 0.964044 0.669966
4 0.817583 0.600473 0.819277 0.611446 0.894578 0.606928 0.892319 0.59488
5 0.843938 0.599828 0.845444 0.608219 0.893072 0.605422 0.891002 0.596386
4 0.684676 0.598752 0.68637 0.612522 0.79198 0.609294 0.790286 0.594234
5 0.722515 0.598752 0.72308 0.609725 0.791039 0.607788 0.789533 0.595955
4 0.547628 0.523451 0.548758 0.549699 0.660956 0.549484 0.659074 0.526463
5 0.582267 0.530766 0.582455 0.545181 0.654556 0.544966 0.654556 0.531411
4 0.456137 0.608219 0.456325 0.620697 0.537651 0.621127 0.536333 0.609725
5 0.484563 0.610585 0.484752 0.619836 0.536145 0.620267 0.535392 0.611876
5 0.36634 0.600473 0.365587 0.611876 0.429782 0.612737 0.431099 0.602625
4 0.364646 0.561532 0.363328 0.613167 0.432605 0.615318 0.433547 0.600688 0.389496 0.598537 0.391002 0.563038
5 0.16698 0.150387 0.165851 0.157057 0.217244 0.156411 0.21875 0.148451
4 0.148908 0.130594 0.138178 0.158993 0.219691 0.158778 0.220444 0.14716 0.162086 0.147375 0.165098 0.129733
4 0.687876 0.053356 0.690512 0.063468 0.779556 0.032702 0.775038 0.021515
5 0.712726 0.046256 0.714608 0.052711 0.777108 0.031627 0.773343 0.024527
4 0.206514 0.648021 0.205196 0.659423 0.283886 0.663296 0.285203 0.652539
5 0.236634 0.650818 0.236446 0.660284 0.283509 0.662651 0.28445 0.653399
