1 0.36314 0.06605 0.409074 0.058735 0.407756 0.063253 0.362011 0.071644
0 0.36427 0.047332 0.362199 0.05895 0.357492 0.074225 0.375376 0.071213 0.394767 0.067556 0.411145 0.064974 0.417169 0.040878 0.392131 0.043675 0.385542 0.043244 0.378765 0.045826
1 0.600715 0.030336 0.648908 0.026463 0.650602 0.030551 0.602221 0.035069
0 0.591114 0.015491 0.642696 0.009682 0.648155 0.019578 0.653238 0.033133 0.64552 0.034208 0.597515 0.037651
1 0.849209 0.016136 0.896461 0.011833 0.898908 0.017427 0.852033 0.021084
0 0.831514 0.00043 0.848833 0.024096 0.875753 0.022375 0.880083 0.021515 0.883095 0.021084 0.885166 0.021945 0.905497 0.020009 0.894202 0.001076 0.885166 0.000215
1 0.023343 0.266566 0.061935 0.262694 0.059676 0.270224 0.021084 0.274096
0 0.035015 0.239888 0.02692 0.257315 0.01619 0.277754 0.032756 0.276463 0.047063 0.275818 0.061182 0.271515 0.080761 0.232143 0.035956 0.238597
1 0.159639 0.082186 0.18317 0.076807 0.182417 0.08111 0.15945 0.085198
0 0.157944 0.076592 0.146461 0.097031 0.186559 0.090146 0.19936 0.06648
