5 0.612011 0.708262 0.638931 0.709122 0.638742 0.717943 0.612387 0.716867
4 0.604104 0.70654 0.639307 0.707831 0.64006 0.719019 0.603916 0.717298 0.603351 0.70568
5 0.617846 0.797978 0.663404 0.798623 0.663968 0.810026 0.61634 0.809165 0.615023 0.796902
4 0.602974 0.795611 0.665474 0.795181 0.666227 0.812608 0.603351 0.813468
3 0.624624 0.837564 0.664345 0.834983 0.665851 0.84488 0.625376 0.847246
2 0.622741 0.821644 0.665663 0.819277 0.667922 0.846816 0.625 0.849398
5 0.816642 0.706325 0.871988 0.70654 0.874247 0.72117 0.816642 0.718804
4 0.805158 0.70568 0.873682 0.70525 0.875565 0.721601 0.80817 0.719664
5 0.911145 0.708907 0.945971 0.710843 0.947477 0.718374 0.911898 0.717298 0.90945 0.708477
4 0.900979 0.70568 0.946724 0.708907 0.948607 0.719664 0.90305 0.718374
3 0.86314 0.774957 0.88366 0.773451 0.88366 0.783133 0.864834 0.783563
2 0.857681 0.761618 0.884977 0.761188 0.889872 0.783993 0.862011 0.783563
3 0.924887 0.762694 0.954819 0.764845 0.955949 0.773666 0.927146 0.773021
2 0.922063 0.752152 0.954443 0.752797 0.957831 0.774742 0.924511 0.773451
5 0.865399 0.797978 0.905874 0.796902 0.907756 0.807014 0.866529 0.80938 0.863705 0.797762
4 0.862952 0.796902 0.904744 0.794105 0.907944 0.796041 0.909827 0.807874 0.865023 0.810671
3 0.875188 0.836274 0.907568 0.832831 0.909639 0.842513 0.877071 0.847246
2 0.871611 0.824226 0.906062 0.819923 0.911709 0.846816 0.874812 0.850043
3 0.92131 0.848322 0.942583 0.84574 0.943712 0.854131 0.923381 0.857573
2 0.917169 0.835413 0.943524 0.832831 0.94823 0.854561 0.922063 0.858219
3 0.485128 0.794535 0.523532 0.775387 0.526544 0.785929 0.488893 0.805508
2 0.466679 0.7571 0.513554 0.734725 0.532003 0.79389 0.483246 0.814759
