1 0.3125 0.370513 0.377163 0.380449 0.376442 0.391987 0.313942 0.383333
0 0.310577 0.332692 0.382933 0.344872 0.380529 0.396795 0.30649 0.386859
1 0.260577 0.80609 0.335337 0.816026 0.332933 0.836538 0.257692 0.82468
0 0.258654 0.741667 0.351683 0.750641 0.342788 0.844231 0.244952 0.832692
1 0.723317 0.785256 0.763221 0.773397 0.766827 0.786859 0.721394 0.802244 0.720192 0.796474 0.725481 0.791026
0 0.680288 0.735577 0.747596 0.727244 0.765144 0.769872 0.773077 0.793269 0.738942 0.804808 0.701202 0.808333 0.712981 0.763782 0.683894 0.767308
7 0.621875 0.64391 0.681731 0.647756 0.684615 0.682692 0.727163 0.68718 0.730529 0.723718 0.634856 0.721795 0.634135 0.685256 0.61875 0.679167
6 0.614183 0.638462 0.729086 0.636859 0.742308 0.724038 0.617788 0.733013 0.6125 0.639744
1 0.6625 0.422756 0.7125 0.431731 0.714183 0.441987 0.664904 0.433013
0 0.651683 0.388462 0.709615 0.4 0.719952 0.447115 0.659615 0.4375
1 0.898558 0.488782 0.927644 0.494872 0.930529 0.502885 0.902644 0.496474
0 0.870913 0.453846 0.886538 0.457692 0.927404 0.485897 0.933413 0.501282 0.937019 0.507372 0.880288 0.495513 0.873317 0.470833 0.870913 0.4625
