5 0.241152 0.231067 0.28012 0.233649 0.278991 0.240534 0.239646 0.239673
4 0.239834 0.228916 0.284262 0.232573 0.282003 0.244191 0.237199 0.242255
3 0.269202 0.200732 0.295369 0.202453 0.294616 0.206971 0.268261 0.205465
2 0.268449 0.194492 0.298193 0.195998 0.297063 0.208907 0.266002 0.20654
7 0.2468 0.140491 0.301017 0.14673 0.299322 0.156196 0.244729 0.149096
6 0.247741 0.137909 0.302711 0.145654 0.299887 0.158993 0.242658 0.152539
3 0.349021 0.122203 0.371611 0.121127 0.371988 0.125215 0.347892 0.12543
2 0.34695 0.115964 0.371047 0.115534 0.373682 0.125861 0.346574 0.127151
3 0.344315 0.19148 0.369917 0.194062 0.369917 0.198795 0.341867 0.195353 0.342997 0.19105
2 0.343562 0.185026 0.372741 0.188683 0.371988 0.200301 0.340926 0.196859 0.342997 0.184596
3 0.49567 0.13296 0.509601 0.134036 0.510354 0.137263 0.495482 0.135757
2 0.493411 0.127151 0.517884 0.129303 0.518449 0.138985 0.493035 0.136403
3 0.586785 0.09617 0.600904 0.096816 0.600904 0.100688 0.586785 0.099613
2 0.584337 0.090361 0.607304 0.091652 0.609187 0.101334 0.584149 0.100258
3 0.663968 0.156842 0.688065 0.156842 0.689006 0.162435 0.664721 0.16222
2 0.660392 0.149742 0.686935 0.151033 0.690512 0.164587 0.664157 0.164372
3 0.673946 0.201592 0.697666 0.202668 0.698983 0.207616 0.674511 0.20611
2 0.669616 0.194707 0.698795 0.195138 0.700678 0.209122 0.67244 0.207831
3 0.726845 0.218158 0.7468 0.220095 0.748117 0.223967 0.728163 0.222892
2 0.722892 0.212134 0.745858 0.213425 0.749624 0.225473 0.725715 0.223967 0.722515 0.212134
3 0.678276 0.257315 0.70256 0.262694 0.702937 0.267857 0.678276 0.262478
2 0.675452 0.248494 0.703125 0.254948 0.704066 0.269578 0.676017 0.262694
3 0.804217 0.303356 0.826242 0.30852 0.828502 0.313038 0.805346 0.30895
2 0.801017 0.297117 0.825866 0.302496 0.829819 0.314114 0.804217 0.30938
3 0.833961 0.301635 0.856175 0.307659 0.855986 0.313898 0.833961 0.306153
2 0.831514 0.29346 0.857492 0.300129 0.856928 0.31648 0.833396 0.30895
3 0.820783 0.254733 0.84262 0.262263 0.842432 0.266997 0.820783 0.259251
2 0.818901 0.248494 0.843374 0.255594 0.843938 0.267857 0.818712 0.261188
3 0.171687 0.461489 0.202372 0.464071 0.200301 0.472031 0.167922 0.468804
2 0.169428 0.449871 0.205949 0.452883 0.20256 0.474828 0.163592 0.472031
3 0.241717 0.457186 0.273532 0.456756 0.272402 0.465146 0.240399 0.463855
2 0.240023 0.446213 0.274285 0.445783 0.273908 0.466222 0.237952 0.465577
3 0.252259 0.386403 0.279367 0.391997 0.277297 0.397375 0.250753 0.392212
2 0.253577 0.376721 0.283509 0.38296 0.278614 0.399312 0.248306 0.391781
3 0.333584 0.341652 0.362387 0.344449 0.361822 0.35241 0.332831 0.348322
2 0.332455 0.332831 0.363517 0.336274 0.363893 0.353701 0.330196 0.349828
3 0.322666 0.398236 0.352033 0.400818 0.351657 0.406842 0.321724 0.404045
2 0.32003 0.387263 0.353916 0.389845 0.352974 0.408563 0.318148 0.407272
3 0.314947 0.445138 0.346762 0.446859 0.347327 0.454819 0.314383 0.452238
2 0.313253 0.433735 0.349962 0.437177 0.349398 0.45654 0.310994 0.453959
3 0.309676 0.494191 0.342432 0.495482 0.341491 0.501936 0.340926 0.503873 0.307982 0.49957
2 0.307982 0.480637 0.346197 0.483864 0.343562 0.505379 0.305158 0.500215
5 0.352974 0.438253 0.387989 0.44105 0.388178 0.448795 0.351468 0.444923
4 0.351845 0.435456 0.389119 0.438898 0.388178 0.456325 0.350904 0.452022
3 0.396649 0.404475 0.403991 0.40426 0.397214 0.436532 0.390625 0.435241
2 0.395143 0.401678 0.412086 0.405766 0.405497 0.439544 0.389119 0.436532
3 0.455949 0.409639 0.487764 0.405551 0.488328 0.413941 0.456702 0.416523
2 0.453125 0.399312 0.485316 0.395439 0.490964 0.415663 0.455384 0.417814
3 0.443901 0.451377 0.477221 0.456971 0.476657 0.464931 0.442018 0.460413
2 0.442206 0.442341 0.450113 0.442556 0.48061 0.447289 0.479669 0.466867 0.441453 0.462134
3 0.457455 0.359079 0.486446 0.362952 0.486258 0.369836 0.457078 0.365749
2 0.455572 0.349613 0.488705 0.355207 0.487575 0.372203 0.452748 0.3679
3 0.539345 0.423623 0.545746 0.422547 0.552711 0.456971 0.544804 0.455895
2 0.538027 0.421687 0.554405 0.41932 0.562312 0.45568 0.544616 0.458477
3 0.535203 0.471386 0.541039 0.470955 0.545746 0.504733 0.538968 0.506024
2 0.532944 0.468589 0.549887 0.466867 0.555158 0.507315 0.538215 0.50796
5 0.554593 0.475688 0.560806 0.475258 0.563818 0.507315 0.556852 0.506024
4 0.552334 0.464501 0.563253 0.464501 0.565512 0.509682 0.557041 0.510542
5 0.584149 0.447719 0.61427 0.447719 0.614646 0.45611 0.585279 0.454819
4 0.568524 0.443632 0.614458 0.443632 0.616529 0.458046 0.569654 0.457616
3 0.592997 0.504518 0.611446 0.504518 0.612575 0.512048 0.592997 0.511403
2 0.588479 0.494406 0.622553 0.493976 0.625 0.5142 0.589232 0.515491
3 0.663968 0.484509 0.669992 0.48494 0.670746 0.517212 0.663968 0.516566
2 0.662651 0.481067 0.67884 0.481928 0.67997 0.518072 0.662274 0.517642 0.661709 0.481282
3 0.721009 0.468804 0.747553 0.470095 0.749247 0.477194 0.722892 0.476119
2 0.716491 0.458046 0.749435 0.458477 0.752447 0.479991 0.719503 0.478055
3 0.705384 0.421472 0.731739 0.41889 0.733998 0.425559 0.706325 0.42685
2 0.700113 0.411575 0.731175 0.410714 0.73494 0.427711 0.704631 0.428571
3 0.690324 0.378658 0.716491 0.376076 0.716867 0.38167 0.691077 0.384897
2 0.686559 0.369836 0.717244 0.369406 0.720633 0.385542 0.689759 0.386618 0.685994 0.370052
3 0.785768 0.425344 0.810806 0.427926 0.81137 0.434596 0.786333 0.431368
2 0.781438 0.415448 0.809488 0.419966 0.812312 0.435456 0.784262 0.432659
3 0.803087 0.509036 0.829819 0.510542 0.830384 0.518072 0.804217 0.515275
2 0.799699 0.49957 0.829443 0.501076 0.832078 0.520439 0.801581 0.517427
3 0.837726 0.414157 0.859563 0.41846 0.85994 0.424699 0.837349 0.419535
2 0.834149 0.405551 0.85881 0.409208 0.862387 0.425774 0.836032 0.421472
3 0.849774 0.472892 0.873494 0.473967 0.875376 0.480852 0.850715 0.479991
2 0.844315 0.464501 0.872364 0.465577 0.876694 0.483219 0.848645 0.480852
3 0.860881 0.513554 0.884977 0.512263 0.88686 0.518933 0.862387 0.520439
2 0.85561 0.504303 0.884413 0.502582 0.888931 0.519793 0.860881 0.52173
3 0.911709 0.515921 0.935241 0.515491 0.936747 0.52216 0.912462 0.52259
2 0.905309 0.506024 0.933923 0.503873 0.940136 0.524957 0.911898 0.524742
3 0.899285 0.475688 0.922252 0.476764 0.923004 0.484079 0.899661 0.481928
2 0.894202 0.466437 0.920181 0.466652 0.924887 0.484294 0.898343 0.484079
3 0.889684 0.433735 0.909827 0.43438 0.910956 0.439974 0.891754 0.439114
2 0.885166 0.424053 0.908886 0.426205 0.912462 0.442771 0.889119 0.44191
3 0.883095 0.396515 0.902485 0.39759 0.903426 0.403614 0.884224 0.401678
2 0.878765 0.387263 0.900791 0.388554 0.904744 0.404045 0.881965 0.401893
3 0.026167 0.672547 0.061747 0.669535 0.060429 0.678356 0.025791 0.680723
2 0.021649 0.657272 0.06683 0.65512 0.064194 0.680723 0.020896 0.682014
3 0.098833 0.678787 0.123117 0.677281 0.122553 0.686102 0.097327 0.687177
2 0.095444 0.666738 0.130648 0.663081 0.125 0.688038 0.094127 0.688898
3 0.162274 0.682014 0.198795 0.682229 0.198795 0.69148 0.162462 0.691265
2 0.161521 0.668675 0.202372 0.666523 0.201242 0.695138 0.158321 0.694277 0.161145 0.670181
3 0.248682 0.679862 0.285015 0.682014 0.285015 0.692771 0.247929 0.689759
2 0.246047 0.665878 0.289157 0.669535 0.288027 0.694707 0.24247 0.69062
3 0.313253 0.620912 0.348645 0.621558 0.34808 0.631885 0.312124 0.630379
2 0.309488 0.607143 0.349962 0.607358 0.349398 0.63253 0.309111 0.632315
5 0.372176 0.612091 0.400414 0.614028 0.400414 0.622633 0.372741 0.621558
4 0.358998 0.6108 0.403803 0.612306 0.40305 0.623924 0.359375 0.622848 0.358246 0.613382
3 0.434676 0.614458 0.471574 0.616824 0.470444 0.625 0.434676 0.623494
2 0.430911 0.600258 0.472139 0.6037 0.472703 0.627152 0.430346 0.624139 0.430723 0.601334
3 0.450866 0.649312 0.486069 0.645009 0.487575 0.653614 0.452748 0.658563 0.450678 0.650172
2 0.447101 0.635972 0.485693 0.632315 0.489081 0.655766 0.448795 0.660499
3 0.53125 0.635327 0.565136 0.635112 0.5657 0.643503 0.531626 0.642857
2 0.526355 0.621988 0.564383 0.621988 0.566642 0.644793 0.527108 0.644578
3 0.526544 0.600043 0.560617 0.602625 0.560241 0.6108 0.52692 0.608649
2 0.523343 0.58778 0.56137 0.589931 0.561559 0.613167 0.523155 0.610155
3 0.616152 0.685026 0.648343 0.687608 0.649285 0.694492 0.614458 0.69191 0.613893 0.685241
2 0.611634 0.670826 0.650226 0.674053 0.650226 0.697719 0.611634 0.693417
3 0.680346 0.69062 0.709337 0.689114 0.710467 0.697289 0.679029 0.698365 0.678087 0.69148
2 0.674134 0.678571 0.708208 0.67685 0.713291 0.69901 0.678276 0.700947 0.676958 0.700732
3 0.74887 0.688038 0.777297 0.687392 0.778991 0.694923 0.748306 0.695783 0.747553 0.687608
2 0.745294 0.675774 0.777108 0.675129 0.780497 0.69858 0.745858 0.700301
3 0.799699 0.681583 0.828313 0.681368 0.829819 0.690404 0.801017 0.690404
2 0.794992 0.668244 0.829066 0.668675 0.832831 0.692556 0.797628 0.692556
3 0.830008 0.629088 0.857304 0.629518 0.85881 0.64006 0.831137 0.638769
2 0.82323 0.615534 0.856363 0.615964 0.861069 0.643072 0.828125 0.642857
5 0.850339 0.570568 0.855422 0.569062 0.862011 0.608434 0.856739 0.608003
4 0.848645 0.568417 0.856175 0.567556 0.862764 0.610155 0.855045 0.610155 0.848645 0.569492
