1 0.321913 0.343158 0.320783 0.350043 0.324172 0.350688 0.330008 0.350258 0.334526 0.350258 0.339232 0.348967 0.343374 0.348967 0.349398 0.351334 0.35241 0.351979 0.356928 0.35284 0.360128 0.351979 0.365587 0.350904 0.368411 0.350688 0.369541 0.345525 0.365587 0.346816 0.362387 0.347676 0.358434 0.347031 0.353351 0.344664 0.346386 0.343374 0.343185 0.344664 0.339797 0.34531 0.336785 0.345955 0.330008 0.344449
0 0.325301 0.314114 0.320971 0.32401 0.319842 0.33154 0.319465 0.337134 0.319277 0.341222 0.318524 0.345095 0.317583 0.348107 0.315324 0.352194 0.318712 0.353701 0.324548 0.35327 0.329066 0.353055 0.33302 0.353055 0.337726 0.351979 0.339985 0.351334 0.342432 0.35284 0.349209 0.355207 0.354669 0.356282 0.356739 0.354991 0.358998 0.354131 0.361634 0.353701 0.367093 0.355637 0.369729 0.354776 0.372553 0.34531 0.375753 0.342513 0.378577 0.33778 0.381212 0.321859 0.362575 0.319062 0.347892 0.317126 0.336973 0.31648 0.33189 0.315404
1 0.55817 0.332616 0.558358 0.340146 0.570595 0.339931 0.58189 0.339501 0.600904 0.339286 0.602221 0.339071 0.601845 0.332186 0.587349 0.332401 0.578878 0.332401 0.566642 0.332616
0 0.550452 0.30099 0.552523 0.343804 0.570595 0.343589 0.592056 0.342728 0.608057 0.342943 0.60448 0.300774 0.583773 0.30099 0.565136 0.300774
1 0.834526 0.318847 0.835655 0.323795 0.84262 0.32315 0.846009 0.32358 0.852221 0.32315 0.85128 0.318417 0.844691 0.318201 0.839608 0.318417
1 0.827372 0.328098 0.82869 0.332616 0.83622 0.332186 0.839797 0.332186 0.843185 0.332186 0.845068 0.331756 0.848645 0.331971 0.855045 0.332186 0.854104 0.327453 0.84695 0.327238 0.837914 0.327238 0.832078 0.327453
0 0.816453 0.305293 0.820971 0.320353 0.824925 0.33154 0.827184 0.337349 0.828502 0.345525 0.852033 0.344664 0.874435 0.342728 0.860128 0.304002 0.843562 0.305077 0.829066 0.304647
3 0.253577 0.523451 0.253389 0.52969 0.2532 0.537436 0.2532 0.543029 0.256965 0.542599 0.256965 0.534639 0.256777 0.529045 0.256965 0.523236
2 0.253577 0.52173 0.2532 0.525818 0.252824 0.532272 0.252447 0.54389 0.262236 0.543029 0.263178 0.521299 0.258095 0.521299
3 0.852598 0.442341 0.853727 0.448795 0.854669 0.457831 0.855233 0.461274 0.858057 0.461274 0.857304 0.455465 0.856363 0.44858 0.855045 0.442126
2 0.846762 0.442341 0.848456 0.452238 0.849774 0.461704 0.85241 0.462349 0.855422 0.461919 0.858998 0.461919 0.857492 0.450301 0.85561 0.441695 0.850904 0.441695
3 0.803087 0.418675 0.803276 0.421041 0.811559 0.421041 0.817018 0.420826 0.818524 0.420181 0.817771 0.417814 0.812312 0.417814 0.806852 0.418029
2 0.800452 0.41222 0.802334 0.422117 0.811182 0.421902 0.818148 0.421472 0.819089 0.420826 0.816642 0.411575 0.808358 0.412005
0 0.080572 0.34574 0.08189 0.353055 0.079255 0.361231 0.072854 0.377582 0.070783 0.385757 0.076807 0.384682 0.090738 0.383606 0.102221 0.384036 0.118035 0.384036 0.119917 0.380379 0.125 0.368761 0.129706 0.357788 0.131589 0.345525 0.117846 0.34574 0.101468 0.345095
1 0.077184 0.374785 0.07436 0.38167 0.079819 0.381024 0.087726 0.380809 0.09695 0.380809 0.102974 0.381024 0.108245 0.380164 0.116152 0.380379 0.119164 0.374139 0.107492 0.374355 0.097515 0.374355 0.092997 0.374139 0.086032 0.374355
