3 0.017067 0.783333 0.034375 0.784295 0.033173 0.790385 0.016827 0.790705
2 0.017067 0.774038 0.040865 0.775 0.038221 0.792308 0.014183 0.790705
3 0.043029 0.779167 0.057212 0.780449 0.05649 0.785897 0.040625 0.785577
2 0.040144 0.786218 0.044712 0.770513 0.06851 0.770513 0.066106 0.788462
3 0.028125 0.842949 0.04399 0.844231 0.04351 0.851282 0.026683 0.84968
2 0.027885 0.833974 0.055288 0.833974 0.051442 0.854808 0.024279 0.852885
3 0.001202 0.845513 0.020192 0.845192 0.01851 0.853526 0.000721 0.853526 0.00024 0.846154
2 0.001442 0.83718 0.025962 0.835897 0.023798 0.855128 0.00024 0.855769 0.000481 0.84391
3 0.150721 0.818269 0.177163 0.817949 0.176683 0.826282 0.150481 0.825641
2 0.15 0.808974 0.178125 0.808654 0.178125 0.828205 0.149519 0.826603
3 0.189423 0.852244 0.205288 0.852885 0.204808 0.859295 0.188221 0.858654 0.188702 0.851923
2 0.18774 0.841667 0.216346 0.841667 0.213221 0.861859 0.186538 0.859615
3 0.21851 0.846154 0.234615 0.845513 0.234856 0.851923 0.217788 0.852564
2 0.21851 0.835897 0.246635 0.834295 0.24351 0.855128 0.215385 0.852885
3 0.250721 0.845833 0.265625 0.844551 0.265385 0.851282 0.25 0.851603
2 0.24976 0.834615 0.277404 0.833974 0.275962 0.852885 0.248077 0.852885
3 0.298798 0.83141 0.324038 0.831731 0.324038 0.839744 0.297356 0.83782
2 0.296635 0.820513 0.324279 0.820192 0.325 0.840064 0.295433 0.838462
3 0.34351 0.841346 0.370192 0.842308 0.369952 0.850641 0.34399 0.848397
2 0.34351 0.83109 0.371394 0.833013 0.370673 0.850962 0.342067 0.849359
3 0.378606 0.853846 0.394231 0.855769 0.39399 0.8625 0.378606 0.861218
2 0.377404 0.844231 0.403606 0.846474 0.403125 0.864103 0.375481 0.86282
3 0.493029 0.818269 0.508654 0.819872 0.508413 0.827244 0.492548 0.825321
2 0.491827 0.808333 0.518269 0.810577 0.51875 0.828205 0.491346 0.825962
3 0.540144 0.847756 0.564904 0.848077 0.565144 0.855449 0.541106 0.854808
2 0.538462 0.8375 0.565385 0.838782 0.566106 0.857051 0.539663 0.856731
3 0.613702 0.880449 0.629808 0.879808 0.63125 0.8875 0.613702 0.88718 0.612981 0.882372 0.613221 0.88141
2 0.610337 0.870192 0.63774 0.869872 0.639904 0.888141 0.611779 0.888462
3 0.677404 0.827885 0.70024 0.823718 0.701923 0.830449 0.677644 0.834615
2 0.671635 0.817949 0.69976 0.813462 0.703606 0.83141 0.676202 0.836218
3 0.734375 0.842308 0.758173 0.836218 0.759856 0.842308 0.737981 0.848397
2 0.730769 0.831731 0.757212 0.825 0.761779 0.844231 0.737019 0.85032
3 0.89399 0.840705 0.909375 0.840705 0.910096 0.846474 0.895673 0.847115
2 0.888221 0.829808 0.914183 0.829808 0.918029 0.848077 0.892788 0.848397
3 0.009615 0.612179 0.024519 0.612179 0.025 0.616667 0.008654 0.61859
2 0.007933 0.604808 0.032692 0.604808 0.033173 0.613141 0.028606 0.618269 0.006971 0.619231 0.006971 0.611859
