1 0.719126 0.628227 0.787462 0.629733 0.78878 0.642212 0.721009 0.641781
0 0.709902 0.578313 0.716867 0.648236 0.793298 0.649742 0.785203 0.579389
1 0.660015 0.287866 0.676393 0.288941 0.695971 0.292814 0.696348 0.297762 0.674322 0.29389 0.660392 0.293244
1 0.659074 0.296472 0.659262 0.30185 0.676581 0.303571 0.696913 0.307014 0.697101 0.30185 0.673004 0.297332
0 0.652673 0.27216 0.654179 0.313898 0.655497 0.315404 0.67884 0.31691 0.716867 0.325086 0.717997 0.32315 0.712161 0.284208 0.673381 0.274312 0.659074 0.27216
1 0.07323 0.337349 0.104292 0.33821 0.103539 0.344019 0.072477 0.343158
1 0.076431 0.328959 0.107304 0.328528 0.106739 0.334983 0.075301 0.334337 0.075489 0.330034
1 0.080196 0.320568 0.110881 0.319707 0.109563 0.325086 0.079255 0.325301
1 0.038404 0.322504 0.064947 0.320138 0.064006 0.326807 0.037839 0.328313 0.038027 0.323365
1 0.033886 0.340146 0.060429 0.338425 0.0593 0.344664 0.033133 0.345955 0.033321 0.341222
1 0.036709 0.33068 0.063253 0.328528 0.062312 0.334983 0.035956 0.336489 0.036145 0.33154
1 0.099398 0.277969 0.130459 0.277324 0.129518 0.282487 0.098645 0.283778
1 0.096386 0.286145 0.128765 0.285929 0.127447 0.291523 0.095256 0.291308
1 0.093562 0.29346 0.125753 0.293244 0.124623 0.298838 0.092432 0.298623
1 0.135354 0.240534 0.162274 0.240318 0.161521 0.243761 0.134224 0.244191 0.134601 0.240103
1 0.13253 0.246343 0.15945 0.244191 0.159262 0.248064 0.131401 0.25 0.131965 0.245912
1 0.126694 0.253012 0.125941 0.25796 0.155874 0.255164 0.156438 0.250215
1 0.053652 0.289802 0.080949 0.288081 0.080008 0.293675 0.052711 0.294966
1 0.050264 0.298193 0.077748 0.296472 0.07756 0.30185 0.049322 0.303356
1 0.056476 0.281411 0.084149 0.279905 0.083773 0.285284 0.055535 0.286575
0 0.037651 0.313683 0.028426 0.350904 0.0657 0.347892 0.077184 0.30809 0.03991 0.30938
0 0.081325 0.307874 0.068901 0.347892 0.116529 0.347892 0.132154 0.307229
0 0.098833 0.269363 0.086408 0.303356 0.136483 0.302711 0.149473 0.264845 0.100527 0.265921
0 0.098645 0.266136 0.085467 0.303141 0.044616 0.307229 0.059864 0.270224
0 0.133471 0.229991 0.122741 0.262048 0.168486 0.25796 0.174887 0.240534 0.179217 0.236015 0.185241 0.233003 0.185241 0.231067 0.135166 0.229131
