5 0.201054 0.047762 0.227974 0.04432 0.227974 0.048623 0.200866 0.05185 0.201431 0.048623
5 0.205196 0.069277 0.230233 0.065835 0.230233 0.069923 0.205008 0.073365 0.205384 0.070138
5 0.199925 0.082616 0.225151 0.079174 0.225151 0.083262 0.199736 0.086919 0.200301 0.083477
5 0.192583 0.101549 0.218562 0.097676 0.218562 0.101979 0.192395 0.105637 0.192959 0.10241
5 0.195971 0.117255 0.22308 0.115534 0.223268 0.119406 0.195783 0.121343 0.19616 0.118115
5 0.193524 0.137263 0.220633 0.135542 0.220821 0.139415 0.193336 0.141566 0.193712 0.138124
5 0.194465 0.175129 0.221574 0.173408 0.221762 0.177281 0.194277 0.179432 0.194842 0.17599
5 0.192395 0.190189 0.220821 0.188253 0.220633 0.192556 0.192206 0.194277 0.192583 0.19105
5 0.186747 0.209552 0.215361 0.207616 0.215173 0.211919 0.186747 0.21364 0.187124 0.210413
5 0.179593 0.228916 0.20802 0.226119 0.20802 0.230207 0.179405 0.233003 0.17997 0.229776
5 0.17677 0.245267 0.204819 0.241609 0.204819 0.245912 0.176581 0.24957 0.176958 0.246127
5 0.175075 0.262048 0.204631 0.258606 0.204443 0.263339 0.174887 0.266136 0.175264 0.262909
5 0.175452 0.285284 0.205196 0.281626 0.205008 0.286575 0.175452 0.289372 0.175828 0.286145
5 0.325301 0.069923 0.354857 0.06648 0.355045 0.070998 0.325113 0.074225 0.325489 0.070783
5 0.287462 0.094664 0.317018 0.091222 0.317206 0.095525 0.287274 0.098752 0.287839 0.095525
5 0.289157 0.116179 0.318712 0.112522 0.318901 0.11704 0.288968 0.120267 0.289345 0.116824
5 0.287651 0.133821 0.317206 0.130379 0.317395 0.134682 0.287462 0.137909 0.288027 0.134682
5 0.28878 0.153184 0.318336 0.149742 0.318524 0.15426 0.288592 0.157487 0.288968 0.154045
5 0.286709 0.176205 0.317206 0.173408 0.317206 0.178356 0.286521 0.180508 0.286898 0.177065
5 0.286898 0.19858 0.316453 0.194277 0.316642 0.199441 0.286709 0.202883 0.287086 0.199441
5 0.283321 0.215577 0.312688 0.21364 0.312688 0.218158 0.28238 0.22031 0.282191 0.215361
5 0.282568 0.233864 0.311935 0.231928 0.311935 0.236446 0.281626 0.238597 0.281438 0.233649
5 0.28238 0.253442 0.31137 0.249785 0.311559 0.254518 0.28125 0.258176 0.28125 0.253442
5 0.27805 0.270009 0.309676 0.268072 0.309864 0.273236 0.27692 0.274527 0.27692 0.269793
5 0.389684 0.07315 0.420746 0.070353 0.420557 0.074225 0.389684 0.077238 0.389496 0.075086
5 0.399849 0.093804 0.431288 0.092083 0.431288 0.096816 0.399661 0.097892 0.399661 0.09574
5 0.39552 0.112091 0.426958 0.110585 0.427146 0.115318 0.395331 0.11704 0.395331 0.114243
5 0.398343 0.130379 0.430158 0.127582 0.430346 0.13253 0.398155 0.135112 0.398155 0.132315
5 0.38573 0.171472 0.417545 0.16889 0.417733 0.173623 0.385542 0.17642 0.385542 0.173408
5 0.383848 0.203528 0.415663 0.200947 0.415851 0.20568 0.38366 0.208477 0.383471 0.205465
5 0.390625 0.265275 0.423758 0.262263 0.423758 0.267212 0.390437 0.270224 0.390437 0.267427
5 0.52259 0.141351 0.556476 0.138554 0.556476 0.143933 0.522779 0.146299 0.522779 0.143503
5 0.504706 0.193417 0.538592 0.19062 0.538592 0.195998 0.504895 0.198365 0.504706 0.195353
5 0.500941 0.259036 0.534827 0.256239 0.534827 0.261618 0.500941 0.263984 0.500941 0.261188
5 0.625376 0.177496 0.65945 0.176635 0.659639 0.181368 0.625376 0.182444 0.625376 0.179647
5 0.625 0.197719 0.659074 0.196859 0.659262 0.201592 0.625 0.202668 0.625 0.199656
5 0.621423 0.22117 0.656438 0.21988 0.656815 0.224613 0.621611 0.225904 0.621611 0.223107
5 0.700678 0.055938 0.730422 0.054432 0.731175 0.05938 0.700866 0.060886 0.700678 0.057874
5 0.706702 0.093373 0.736634 0.092513 0.737011 0.096601 0.707078 0.097031
5 0.711785 0.105637 0.741717 0.104776 0.742093 0.108864 0.712161 0.109509
5 0.71555 0.119406 0.746423 0.118761 0.7468 0.122849 0.715926 0.123279
5 0.72195 0.129303 0.753012 0.129088 0.753389 0.133176 0.722515 0.133606
5 0.728163 0.144363 0.759977 0.143503 0.76073 0.148021 0.728727 0.148666
5 0.72948 0.162435 0.76186 0.162435 0.762236 0.166738 0.730233 0.166738
5 0.737199 0.178787 0.770143 0.178787 0.77052 0.183305 0.737952 0.18309
5 0.735128 0.200947 0.768637 0.200301 0.769202 0.205034 0.735693 0.20525
5 0.734752 0.2429 0.768261 0.241394 0.768825 0.246988 0.735504 0.248064
5 0.874624 0.246558 0.903426 0.246127 0.904179 0.251506 0.875376 0.251721
5 0.870294 0.224182 0.898343 0.224182 0.898908 0.229561 0.870858 0.229561
5 0.854292 0.213855 0.885542 0.21364 0.886107 0.218374 0.854857 0.218589
5 0.850715 0.194277 0.881965 0.194707 0.882718 0.199441 0.851092 0.19901
5 0.845821 0.17599 0.877259 0.17642 0.877824 0.181153 0.846386 0.180723
5 0.852974 0.147806 0.882718 0.149096 0.883095 0.154045 0.853539 0.152539
5 0.848645 0.131454 0.8782 0.13296 0.878577 0.137694 0.849021 0.136188
5 0.837914 0.09574 0.867658 0.097031 0.868035 0.101979 0.838479 0.100473
5 0.933547 0.089071 0.960467 0.091437 0.961032 0.095955 0.933923 0.094019
5 0.946913 0.118115 0.974962 0.120052 0.975527 0.124355 0.947477 0.123064
5 0.951431 0.134251 0.97948 0.135972 0.980045 0.140491 0.951996 0.138985
5 0.958208 0.152324 0.986069 0.153614 0.986446 0.158348 0.958584 0.157057
5 0.966491 0.189329 0.995105 0.189544 0.996235 0.194062 0.967056 0.194062
5 0.095444 0.124139 0.117282 0.11833 0.117282 0.122633 0.095068 0.128012
5 0.09055 0.138985 0.11314 0.133606 0.112575 0.137694 0.090361 0.143072
5 0.089232 0.155551 0.111822 0.149957 0.111258 0.154045 0.089044 0.159423
5 0.083584 0.186532 0.106175 0.181153 0.10561 0.185241 0.083396 0.19062
5 0.078502 0.204389 0.100904 0.19901 0.100527 0.203098 0.078125 0.208477
5 0.06363 0.240103 0.08622 0.235585 0.085467 0.239458 0.063441 0.244191
5 0.070783 0.22031 0.093562 0.216437 0.093373 0.22074 0.070595 0.224398
5 0.049887 0.293029 0.073607 0.288296 0.073419 0.293244 0.049699 0.297117
5 0.096762 0.109079 0.118599 0.10327 0.118788 0.107788 0.096386 0.113167
5 0.102598 0.09617 0.124623 0.090361 0.124623 0.094664 0.10241 0.100043
4 0.097703 0.097031 0.097139 0.102625 0.125753 0.09574 0.125188 0.089716 0.097327 0.095955
4 0.090926 0.112091 0.091114 0.115964 0.119541 0.109079 0.119164 0.103055 0.090738 0.110155
4 0.088667 0.126721 0.088855 0.130594 0.118035 0.123709 0.117658 0.1179 0.088479 0.124785
4 0.085279 0.141136 0.085279 0.144793 0.114458 0.138124 0.11427 0.1321 0.08509 0.138985
4 0.083208 0.158133 0.083396 0.162005 0.112575 0.15512 0.112199 0.149312 0.08302 0.156196
4 0.076995 0.189114 0.076995 0.192771 0.107304 0.186102 0.107116 0.180077 0.076995 0.187392
4 0.072666 0.206756 0.072666 0.210413 0.101845 0.203528 0.102033 0.197935 0.072666 0.205034
4 0.065136 0.222246 0.065136 0.226119 0.094315 0.222031 0.094503 0.215577 0.065136 0.22074
4 0.056664 0.241824 0.056852 0.245697 0.086973 0.240749 0.086596 0.234509 0.056852 0.240103
2 0.044804 0.292814 0.07436 0.28722 0.074172 0.294105 0.044616 0.299053
4 0.194277 0.046902 0.193524 0.054647 0.229104 0.050344 0.229104 0.042599
4 0.196536 0.068417 0.195971 0.076162 0.231363 0.071859 0.231363 0.064329
4 0.192395 0.082831 0.192018 0.089071 0.22628 0.084337 0.22628 0.077883
4 0.185806 0.101549 0.185429 0.107573 0.219691 0.103055 0.219691 0.096386
4 0.188441 0.11747 0.188065 0.123709 0.224398 0.121343 0.224398 0.114243
4 0.185994 0.136833 0.185617 0.142857 0.221762 0.140491 0.221762 0.134466
4 0.186559 0.174699 0.186182 0.180938 0.222327 0.178571 0.222327 0.172547
4 0.183547 0.189329 0.183547 0.195568 0.221762 0.193847 0.221574 0.187177
4 0.181099 0.208692 0.181288 0.214931 0.216491 0.21278 0.216491 0.206325
4 0.172628 0.228485 0.172628 0.234725 0.208773 0.231713 0.208584 0.225043
4 0.169428 0.245052 0.169428 0.251291 0.205949 0.247203 0.205761 0.240964
4 0.16698 0.261833 0.16698 0.267857 0.205949 0.263984 0.205572 0.257745
4 0.167169 0.284854 0.167169 0.291093 0.206137 0.287005 0.205761 0.280766
4 0.324548 0.068847 0.364834 0.064759 0.365211 0.070568 0.324548 0.075301
4 0.280309 0.094664 0.318712 0.089931 0.319089 0.096601 0.280309 0.101119
4 0.281062 0.116394 0.319465 0.111446 0.319654 0.118115 0.280874 0.122849
4 0.279556 0.133821 0.317959 0.129088 0.318336 0.135757 0.279556 0.140275
4 0.280685 0.152969 0.319089 0.148236 0.319465 0.154905 0.280685 0.159423
4 0.278991 0.17599 0.318148 0.172762 0.318336 0.179432 0.278991 0.182444
4 0.279556 0.197935 0.318336 0.193417 0.318524 0.200516 0.279367 0.204389
4 0.274849 0.215146 0.313253 0.212565 0.313253 0.219234 0.275038 0.222246
4 0.274096 0.233649 0.3125 0.231067 0.3125 0.237737 0.274285 0.240749
4 0.273155 0.253012 0.312312 0.249139 0.312876 0.255594 0.273343 0.259897
4 0.268449 0.269363 0.310994 0.266781 0.310994 0.274096 0.268825 0.276463
4 0.382342 0.072935 0.421687 0.069707 0.421687 0.075086 0.382342 0.078528
4 0.390625 0.092728 0.432417 0.091007 0.432229 0.097246 0.390813 0.098967
4 0.387048 0.112091 0.428087 0.109725 0.428276 0.116179 0.38686 0.118546
4 0.389684 0.129733 0.430723 0.126936 0.430911 0.133821 0.389496 0.136188
4 0.377447 0.172117 0.419239 0.167599 0.419616 0.174699 0.377259 0.178571
4 0.374624 0.203959 0.416416 0.199441 0.416792 0.20654 0.374435 0.210198
4 0.381212 0.264845 0.424511 0.260972 0.424887 0.268287 0.381777 0.272806
4 0.513178 0.140921 0.557417 0.137909 0.55817 0.144793 0.513742 0.148451
4 0.495294 0.192771 0.539533 0.189759 0.540286 0.196429 0.495858 0.200086
4 0.491717 0.258391 0.535956 0.255379 0.536145 0.262478 0.492093 0.265706
4 0.616529 0.17685 0.660392 0.175344 0.66058 0.182444 0.617093 0.18438
4 0.615964 0.197289 0.659827 0.195568 0.660203 0.202883 0.616529 0.204604
4 0.612011 0.220525 0.65738 0.218589 0.657944 0.226119 0.612575 0.228055
4 0.691265 0.055938 0.731363 0.053356 0.732304 0.060241 0.692395 0.062392
4 0.699172 0.092728 0.738328 0.092083 0.73927 0.097031 0.699925 0.098107
4 0.704066 0.104991 0.742658 0.104131 0.743599 0.109725 0.704819 0.11037
4 0.707831 0.118976 0.746235 0.1179 0.747176 0.123494 0.708396 0.124139
4 0.713855 0.128227 0.753389 0.127797 0.75433 0.133821 0.714797 0.134897
4 0.719315 0.143287 0.760542 0.142427 0.761483 0.148881 0.720256 0.150172
4 0.721197 0.162005 0.762425 0.161145 0.763366 0.167384 0.72195 0.168675
4 0.728916 0.177496 0.771273 0.177926 0.771649 0.18395 0.729669 0.184165
4 0.726845 0.200086 0.76939 0.199441 0.770143 0.205465 0.727598 0.206756
4 0.724962 0.242255 0.769014 0.240534 0.769578 0.247849 0.725715 0.248924
4 0.829819 0.093804 0.868411 0.095955 0.869352 0.103055 0.830761 0.101549
4 0.839797 0.128873 0.878389 0.131885 0.87933 0.138769 0.840738 0.136618
4 0.845068 0.146084 0.88366 0.148666 0.884601 0.155551 0.845633 0.153184
4 0.837538 0.174699 0.8782 0.175559 0.878953 0.182444 0.838102 0.181799
4 0.842244 0.192986 0.882907 0.193847 0.88366 0.200732 0.842809 0.200086
4 0.845444 0.212349 0.885919 0.212349 0.886672 0.219234 0.846009 0.219449
4 0.861446 0.222461 0.898532 0.223322 0.899473 0.230637 0.862011 0.229561
4 0.866529 0.245267 0.903803 0.245052 0.904556 0.252582 0.867282 0.253012
4 0.926017 0.087995 0.96122 0.090577 0.961596 0.096816 0.926581 0.094664
4 0.939194 0.116824 0.976092 0.119191 0.976468 0.125645 0.939571 0.123494
4 0.943524 0.132745 0.980422 0.135327 0.980798 0.141781 0.944089 0.13963
4 0.949736 0.150818 0.986634 0.153399 0.986822 0.159639 0.950301 0.157487
4 0.957831 0.188038 0.996611 0.188468 0.997741 0.195138 0.958584 0.194707
3 0.423946 0.149312 0.44616 0.144363 0.446536 0.147375 0.424511 0.152539
2 0.42131 0.144148 0.422252 0.15383 0.44823 0.148236 0.446536 0.138554
3 0.422628 0.203959 0.443336 0.203098 0.443336 0.207186 0.422252 0.207831
3 0.389684 0.223322 0.410956 0.222676 0.410956 0.226549 0.389684 0.226979
3 0.412651 0.24247 0.434676 0.240103 0.435053 0.244406 0.413027 0.246773
3 0.540851 0.128657 0.563253 0.12543 0.56363 0.129088 0.541604 0.132315 0.541416 0.128873
3 0.527297 0.178356 0.549322 0.176635 0.549511 0.180293 0.527485 0.182229
3 0.538027 0.200301 0.560241 0.196644 0.560994 0.200516 0.53878 0.204174
3 0.533697 0.219234 0.556288 0.214501 0.557041 0.217943 0.53445 0.222676
3 0.535392 0.240964 0.558547 0.238597 0.558735 0.242685 0.53558 0.244836
3 0.90512 0.248709 0.926393 0.249785 0.926958 0.253873 0.905874 0.252797
3 0.900979 0.233219 0.922252 0.234294 0.922628 0.238167 0.901732 0.236876 0.901355 0.233434
2 0.422252 0.196429 0.420557 0.208692 0.443524 0.208262 0.444842 0.20654 0.445407 0.196213
2 0.388742 0.216652 0.387989 0.228055 0.410392 0.227625 0.412274 0.226119 0.412462 0.215792
2 0.411333 0.235155 0.411521 0.248064 0.435429 0.245697 0.436559 0.2429 0.435806 0.232788
2 0.539345 0.121773 0.540474 0.133821 0.563253 0.130594 0.565324 0.128012 0.563818 0.118115
2 0.525226 0.173838 0.525602 0.184596 0.550452 0.182659 0.549699 0.171256 0.525414 0.172978
2 0.53558 0.197719 0.537086 0.20611 0.562124 0.202453 0.560053 0.190189 0.540851 0.193847 0.541039 0.197074 0.53558 0.197074
2 0.530685 0.214716 0.533133 0.225043 0.557794 0.219234 0.555158 0.209337 0.531626 0.214071
2 0.533886 0.23494 0.53445 0.246988 0.559488 0.244621 0.558547 0.232143 0.534262 0.234509
2 0.901732 0.24247 0.925075 0.243546 0.928087 0.253657 0.92677 0.255594 0.905309 0.254088 0.904179 0.244191 0.90192 0.244406
2 0.899473 0.225043 0.900414 0.231282 0.89872 0.231713 0.899849 0.237952 0.924511 0.239243 0.921687 0.227194
3 0.981739 0.177926 0.993599 0.178571 0.99887 0.178787 0.999435 0.182229 0.982681 0.181368
2 0.978539 0.171472 0.981739 0.182444 0.999624 0.18309 0.999812 0.181583 0.997176 0.171687 0.979292 0.170826
