5 0.093938 0.239028 0.147402 0.231067 0.146461 0.240103 0.09375 0.247203
4 0.069465 0.239243 0.063441 0.2571 0.086408 0.254088 0.090173 0.248924 0.148343 0.24247 0.149473 0.229561 0.092244 0.238382 0.092432 0.23537
5 0.183735 0.259682 0.233434 0.258821 0.232492 0.266781 0.18317 0.267857
4 0.185053 0.246773 0.180911 0.269363 0.23381 0.268287 0.23494 0.257315 0.19823 0.256885 0.19936 0.245912 0.18637 0.245267
5 0.000941 0.483003 0.052523 0.479561 0.050452 0.490749 0.000565 0.492685
4 0.005459 0.461704 0.019955 0.460628 0.016755 0.47827 0.054029 0.478055 0.052334 0.491609 0.000188 0.493761 0.000188 0.461704
3 0.088855 0.46321 0.118788 0.461059 0.117658 0.467298 0.088855 0.468804
2 0.08942 0.452238 0.085279 0.470525 0.118223 0.469449 0.121235 0.449441 0.088102 0.452238
3 0.969503 0.546687 0.999247 0.579389 0.995858 0.584768 0.96555 0.55185
2 0.964232 0.545611 0.972703 0.533778 0.999435 0.563253 1.0 0.581971 0.996047 0.58821 0.963291 0.552496
