3 0.212914 0.615749 0.225904 0.61704 0.225339 0.621773 0.212349 0.620482
3 0.243411 0.618546 0.256401 0.619836 0.255836 0.62457 0.242658 0.623279
3 0.276732 0.622418 0.289533 0.624785 0.289157 0.629303 0.275979 0.627152
3 0.313818 0.622418 0.32756 0.623064 0.327184 0.628012 0.313253 0.627367 0.313441 0.622633
3 0.352033 0.624355 0.364646 0.628657 0.36314 0.633821 0.350527 0.629518
2 0.213667 0.606713 0.210655 0.622203 0.232681 0.624355 0.235316 0.608649
2 0.244164 0.610585 0.241529 0.624355 0.264119 0.626506 0.266566 0.611231 0.244164 0.60994
2 0.29744 0.616824 0.294239 0.631454 0.275038 0.628442 0.277861 0.613597 0.288968 0.615534
2 0.314194 0.614888 0.332831 0.614458 0.332267 0.629088 0.312876 0.628442 0.313441 0.614673
2 0.350904 0.623494 0.349962 0.631239 0.364646 0.635327 0.366905 0.62543 0.355422 0.623924
3 0.526544 0.318201 0.526355 0.321213 0.537274 0.321644 0.537274 0.318632
2 0.525414 0.312823 0.545746 0.313898 0.545557 0.322289 0.525226 0.322289
7 0.33302 0.354346 0.332455 0.358003 0.341303 0.357573 0.357116 0.357358 0.356739 0.35327
6 0.329066 0.352625 0.328878 0.356713 0.327372 0.359509 0.327748 0.360585 0.346386 0.359725 0.358434 0.359725 0.360693 0.357573 0.362199 0.354346 0.364646 0.351979
7 0.654556 0.380594 0.654932 0.386618 0.679593 0.387263 0.678652 0.381454 0.673004 0.380809
6 0.653426 0.379303 0.653614 0.388769 0.679029 0.3892 0.683547 0.388769 0.685053 0.387909 0.68317 0.383606 0.683547 0.378658 0.680535 0.379518 0.675075 0.379733 0.657756 0.379303
3 0.34488 0.318417 0.344315 0.320783 0.353351 0.320783 0.353539 0.318417
2 0.345821 0.313253 0.36314 0.313253 0.360881 0.322074 0.342997 0.322719
3 0.512048 0.353055 0.512236 0.354561 0.512613 0.355422 0.514872 0.356067 0.522402 0.357143 0.522779 0.354131 0.513366 0.35327
2 0.510919 0.347031 0.51073 0.348537 0.511295 0.352194 0.512236 0.355852 0.512801 0.356282 0.522026 0.357358 0.528803 0.358219 0.530874 0.358434 0.531815 0.351334 0.531062 0.348752 0.513742 0.347246 0.512613 0.347031
3 0.727033 0.348967 0.72741 0.351979 0.739081 0.351979 0.738517 0.348967
2 0.724209 0.344234 0.726468 0.353485 0.747553 0.353916 0.745858 0.346601 0.745105 0.34488 0.725527 0.343804
3 0.72195 0.394793 0.722139 0.398021 0.73494 0.398451 0.734563 0.394793
2 0.71875 0.3892 0.720256 0.399527 0.721009 0.399527 0.726657 0.399312 0.734752 0.399527 0.737199 0.399742 0.73927 0.398666 0.740964 0.396945 0.740023 0.394793 0.73927 0.393503 0.738893 0.388339 0.737011 0.388554 0.723645 0.388124 0.719691 0.388339
3 0.230422 0.516997 0.230045 0.518718 0.229857 0.520654 0.240776 0.520869 0.241717 0.516997
2 0.231363 0.509682 0.228539 0.516566 0.227221 0.520869 0.227786 0.521945 0.247741 0.522375 0.251506 0.510542
3 0.26506 0.518503 0.264307 0.52216 0.274661 0.523666 0.275791 0.520009
2 0.265625 0.510972 0.266566 0.510757 0.283697 0.513769 0.281815 0.526033 0.262236 0.524312
3 0.461032 0.51463 0.460843 0.518933 0.473645 0.518718 0.473645 0.514415
2 0.46009 0.507315 0.458208 0.519363 0.458773 0.519793 0.46762 0.519363 0.477598 0.520009 0.482304 0.519793 0.483622 0.50796 0.482869 0.506885
3 0.602786 0.520654 0.602974 0.524957 0.616905 0.525602 0.616717 0.521299
2 0.600715 0.512048 0.625941 0.513769 0.626318 0.527969 0.60128 0.526463
3 0.648532 0.530336 0.648532 0.534639 0.663215 0.535069 0.662839 0.530336
2 0.67244 0.523236 0.673004 0.535929 0.646461 0.535929 0.646461 0.522375
3 0.703313 0.527324 0.703125 0.532057 0.717997 0.532272 0.71762 0.527324
2 0.699736 0.518933 0.700489 0.533348 0.72741 0.533133 0.726657 0.519363
3 0.749624 0.53636 0.750188 0.541093 0.764307 0.541093 0.763554 0.536575
2 0.770708 0.528614 0.774473 0.542599 0.748682 0.542169 0.746988 0.527754
3 0.692395 0.467728 0.692959 0.471816 0.707078 0.471386 0.706325 0.467083
2 0.691453 0.461274 0.692206 0.472892 0.716303 0.472246 0.714608 0.459552
3 0.647026 0.467513 0.647214 0.471386 0.660768 0.47117 0.660203 0.467298
2 0.64552 0.461059 0.646461 0.472676 0.669804 0.472031 0.667545 0.460198
3 0.604292 0.470095 0.604104 0.473967 0.61747 0.475043 0.617658 0.47117
2 0.60241 0.46321 0.60241 0.474828 0.624247 0.476549 0.62387 0.464716
3 0.387989 0.644148 0.387236 0.649096 0.40192 0.651033 0.402485 0.645654
2 0.387801 0.633821 0.385542 0.650172 0.409827 0.653614 0.412274 0.637048 0.402485 0.636188 0.397214 0.634682
3 0.42131 0.635112 0.420746 0.64006 0.435053 0.640491 0.435806 0.635327
2 0.419804 0.625645 0.418675 0.641136 0.445407 0.641781 0.446724 0.626076
3 0.465926 0.673623 0.465738 0.678787 0.481175 0.679862 0.481363 0.674484
2 0.464608 0.663081 0.463291 0.680293 0.491529 0.682014 0.492282 0.665448
3 0.634413 0.703744 0.634977 0.709337 0.650038 0.709552 0.649849 0.704174
2 0.632718 0.694277 0.634789 0.711058 0.660015 0.711058 0.660768 0.708046 0.66058 0.695353 0.659074 0.693201 0.632718 0.693632
3 0.67884 0.704389 0.679029 0.710413 0.69503 0.711704 0.694654 0.70568
2 0.675452 0.692556 0.676017 0.711489 0.706325 0.716222 0.704443 0.695353
3 0.729292 0.709552 0.729292 0.715361 0.746047 0.717083 0.746047 0.710843
2 0.726468 0.697504 0.727598 0.716222 0.757342 0.719019 0.755648 0.699871
3 0.575113 0.761188 0.575301 0.767212 0.591491 0.769148 0.591679 0.762478
2 0.603351 0.77216 0.573042 0.769793 0.573983 0.750215 0.600151 0.753227 0.601468 0.754733 0.603163 0.756885
3 0.679405 0.767427 0.679217 0.772806 0.695218 0.774957 0.695971 0.768933
2 0.705196 0.759466 0.706325 0.760972 0.70689 0.763769 0.70689 0.778614 0.677334 0.775172 0.67677 0.754948
3 0.777297 0.751506 0.777861 0.75753 0.794428 0.758391 0.793863 0.752367
2 0.77372 0.74247 0.775791 0.760757 0.806664 0.762048 0.804593 0.742685
3 0.772967 0.695568 0.773532 0.700947 0.788968 0.700947 0.788968 0.695138
2 0.766002 0.684596 0.766566 0.690404 0.764684 0.691265 0.766378 0.703313 0.801205 0.702022 0.797063 0.684596
3 0.830196 0.689329 0.829443 0.694492 0.846197 0.697719 0.846009 0.692126
2 0.855986 0.683735 0.857304 0.701377 0.827748 0.695783 0.826431 0.679002
3 0.521837 0.748064 0.521461 0.753873 0.537651 0.755164 0.538592 0.74957
2 0.520331 0.736446 0.518825 0.754948 0.545181 0.758176 0.545934 0.739028
3 0.462538 0.754518 0.462538 0.760542 0.47948 0.760112 0.478916 0.754303
2 0.461408 0.744836 0.461032 0.761403 0.489646 0.762263 0.48927 0.743761 0.461596 0.74333
3 0.371611 0.746558 0.371611 0.752367 0.386295 0.753873 0.386672 0.748064
2 0.370105 0.73537 0.368599 0.744621 0.368035 0.753657 0.397214 0.756454 0.397967 0.740749 0.396084 0.737737
3 0.330384 0.741609 0.329819 0.747203 0.344315 0.750215 0.345068 0.744836
2 0.330384 0.731497 0.327937 0.74204 0.327372 0.749139 0.352598 0.754088 0.356363 0.736446
3 0.293863 0.730422 0.292733 0.735585 0.306476 0.739028 0.307417 0.733649
2 0.294428 0.720095 0.291604 0.731067 0.290474 0.736661 0.303087 0.740534 0.3157 0.743546 0.319277 0.727194 0.318148 0.726119 0.297063 0.720525
3 0.255083 0.727625 0.25433 0.732573 0.268072 0.734079 0.268637 0.728916
2 0.255648 0.716867 0.254895 0.717943 0.253577 0.724182 0.252636 0.732143 0.252259 0.733649 0.277485 0.736876 0.280309 0.719664
3 0.222139 0.72117 0.221197 0.725904 0.233998 0.72827 0.235128 0.723107
2 0.222703 0.710843 0.220444 0.716222 0.218374 0.727194 0.244541 0.730207 0.248494 0.713425 0.224209 0.709552
3 0.190136 0.72074 0.189194 0.725904 0.202184 0.727625 0.203502 0.722246
2 0.190889 0.710628 0.189006 0.717298 0.186747 0.728916 0.211785 0.732358 0.213667 0.712995
3 0.202937 0.665017 0.202184 0.66975 0.213855 0.670611 0.214608 0.665663
2 0.225151 0.659423 0.22195 0.672978 0.198983 0.671256 0.20256 0.655766 0.224774 0.658133
3 0.228727 0.671041 0.228163 0.675774 0.240587 0.677711 0.241717 0.672762
2 0.230045 0.660069 0.225904 0.677065 0.255271 0.680293 0.25866 0.66222
3 0.302334 0.678787 0.302334 0.683735 0.316077 0.682229 0.315889 0.677496
2 0.325866 0.668029 0.326807 0.683305 0.30064 0.685456 0.301205 0.66975
3 0.341867 0.682229 0.354669 0.685241 0.353539 0.690189 0.339797 0.686962 0.34055 0.68438
2 0.340926 0.672117 0.338291 0.684596 0.337914 0.688253 0.361446 0.693847 0.36314 0.693201 0.365776 0.677065
3 0.3782 0.684811 0.377447 0.688898 0.377636 0.690404 0.392319 0.690835 0.393261 0.685671
2 0.377447 0.675774 0.375753 0.684165 0.375 0.691265 0.375188 0.693417 0.402673 0.694492 0.403614 0.677065
3 0.417922 0.693632 0.41811 0.69901 0.432794 0.698365 0.432794 0.692986
2 0.415286 0.68352 0.41491 0.700301 0.442771 0.700086 0.442395 0.682444
3 0.524849 0.717513 0.524849 0.723107 0.540663 0.723537 0.540663 0.717728
2 0.522214 0.706756 0.522026 0.724398 0.552146 0.724828 0.551958 0.707831 0.550452 0.706971 0.523155 0.706325
3 0.767696 0.630809 0.767319 0.635972 0.782756 0.63963 0.783133 0.634682
2 0.764872 0.625 0.764119 0.636403 0.793675 0.643718 0.792733 0.625645 0.769202 0.62457
3 0.262613 0.704174 0.261483 0.706756 0.261483 0.709337 0.274849 0.711489 0.275791 0.706325
2 0.262613 0.693847 0.259977 0.704819 0.259036 0.710198 0.260542 0.710843 0.283886 0.714501 0.287462 0.69901 0.286145 0.697504
3 0.725339 0.64673 0.725527 0.651678 0.741152 0.652324 0.740399 0.64673
2 0.751506 0.637478 0.753953 0.654475 0.723268 0.653184 0.722139 0.636403
3 0.63573 0.765491 0.636107 0.7713 0.652108 0.7713 0.652297 0.765491
2 0.635166 0.751291 0.635354 0.765491 0.63573 0.771945 0.636672 0.772806 0.636672 0.774957 0.661898 0.774957 0.660392 0.751291
