1 0.326431 0.211274 0.396273 0.212349 0.394578 0.22117 0.322101 0.221816
0 0.32756 0.181583 0.406438 0.179432 0.400038 0.223107 0.313818 0.224828
1 0.71009 0.070353 0.757154 0.076377 0.757907 0.083692 0.711032 0.077668
1 0.712726 0.079604 0.759601 0.086059 0.761295 0.092513 0.714044 0.086274
1 0.71762 0.089716 0.763178 0.095095 0.764684 0.101764 0.719503 0.096816
1 0.71555 0.119191 0.766754 0.125215 0.768449 0.133606 0.716114 0.126721
1 0.720256 0.130594 0.768449 0.136403 0.770708 0.143718 0.720256 0.137263
1 0.720821 0.139415 0.771837 0.14716 0.77259 0.15383 0.722139 0.14716
1 0.757907 0.173838 0.790098 0.176205 0.791227 0.184811 0.758848 0.18309 0.756965 0.174699
1 0.763178 0.186747 0.794428 0.189114 0.795557 0.19815 0.764307 0.195138 0.762048 0.187177
1 0.764872 0.19815 0.798569 0.200947 0.800075 0.209337 0.767884 0.20654
0 0.726845 0.153184 0.812876 0.157272 0.828878 0.217943 0.739081 0.209552
0 0.708208 0.100688 0.789721 0.111231 0.801581 0.155766 0.714232 0.150818
0 0.701242 0.057229 0.774849 0.067126 0.788592 0.110155 0.71009 0.098967 0.700301 0.057874
3 0.204255 0.405336 0.220256 0.408778 0.219315 0.413296 0.201431 0.411575
2 0.206702 0.39673 0.231363 0.399957 0.227221 0.416954 0.198795 0.412435
3 0.293298 0.394793 0.313253 0.396945 0.311935 0.404905 0.292545 0.401893
2 0.293675 0.385542 0.324925 0.388554 0.326242 0.39006 0.321536 0.405551 0.28878 0.402539
3 0.469691 0.398881 0.498117 0.40426 0.496611 0.41222 0.467432 0.403614
2 0.468562 0.388769 0.500941 0.395224 0.497929 0.412435 0.464232 0.40426 0.467809 0.387694
3 0.764119 0.41222 0.782191 0.41222 0.782944 0.419105 0.765813 0.418675
2 0.759224 0.401893 0.778803 0.402108 0.789721 0.401678 0.792922 0.405551 0.79311 0.413296 0.794239 0.419105 0.794051 0.419535 0.763554 0.41932
3 0.090926 0.616609 0.107116 0.61747 0.106551 0.626291 0.08942 0.624355
2 0.093185 0.603485 0.12387 0.606928 0.119352 0.629303 0.087538 0.625861
3 0.353351 0.606713 0.375941 0.605207 0.376883 0.614243 0.353351 0.615318
2 0.35241 0.594019 0.387989 0.590577 0.391378 0.593158 0.390437 0.614673 0.350904 0.617255
3 0.548758 0.639415 0.554405 0.639415 0.556476 0.638339 0.556664 0.667599 0.549699 0.667599
2 0.546498 0.637263 0.567583 0.636188 0.568712 0.68438 0.548004 0.68438
3 0.659827 0.622418 0.694842 0.620912 0.697101 0.629088 0.661898 0.630379
2 0.655685 0.60994 0.69503 0.608003 0.697666 0.630164 0.659827 0.6321 0.65512 0.61037
3 0.814947 0.61747 0.835467 0.614673 0.837538 0.623494 0.817206 0.627152
2 0.808923 0.605852 0.842432 0.601764 0.844126 0.60241 0.849398 0.623709 0.815512 0.628012 0.807982 0.607143
