1 0.166227 0.30185 0.165098 0.306153 0.172628 0.306153 0.179029 0.305938 0.186559 0.305723 0.195783 0.305723 0.19616 0.300559 0.187124 0.300774 0.181099 0.301205 0.17244 0.30142
1 0.164533 0.310671 0.164157 0.315404 0.172816 0.315404 0.177711 0.314974 0.186747 0.314974 0.194654 0.314759 0.194465 0.30895 0.186747 0.309596 0.179405 0.309811 0.173193 0.310241
1 0.163404 0.320353 0.163215 0.325732 0.173381 0.325301 0.181852 0.325086 0.193901 0.324871 0.194277 0.319492 0.181288 0.319707 0.172252 0.320138
1 0.16058 0.34574 0.15945 0.350473 0.167733 0.351119 0.17244 0.351334 0.181288 0.351549 0.189194 0.351764 0.189759 0.346601 0.181099 0.346386 0.173005 0.346386 0.166416 0.345955
0 0.162839 0.289802 0.163027 0.30099 0.160768 0.309596 0.159639 0.320353 0.159074 0.328744 0.175828 0.329389 0.192206 0.328959 0.210655 0.328313 0.211785 0.306368 0.212914 0.296041 0.215926 0.285714 0.18863 0.287005 0.171875 0.288296
0 0.158321 0.33111 0.154932 0.340577 0.153426 0.350688 0.150791 0.364243 0.147967 0.374139 0.162462 0.37457 0.17677 0.374139 0.19183 0.373924 0.200301 0.375645 0.203878 0.363812 0.207267 0.346816 0.209714 0.331971 0.186559 0.33068 0.170181 0.33025
1 0.43317 0.319707 0.432794 0.324871 0.438818 0.325516 0.445971 0.327022 0.455572 0.329174 0.463667 0.33068 0.464232 0.325516 0.45256 0.32315 0.441077 0.321213
1 0.432229 0.329174 0.431852 0.333477 0.43863 0.334983 0.444654 0.335628 0.449736 0.336919 0.453502 0.337349 0.459526 0.338855 0.462726 0.339501 0.463291 0.334552 0.452748 0.332616 0.443336 0.33068 0.436935 0.329819
0 0.433735 0.299484 0.430158 0.304217 0.427899 0.321859 0.425075 0.346386 0.478163 0.352625 0.483998 0.313253 0.456702 0.305938
1 0.660203 0.332401 0.661333 0.339286 0.67884 0.338425 0.688818 0.338855 0.702748 0.33778 0.700678 0.33111 0.685053 0.331971 0.672816 0.331756
0 0.649849 0.304217 0.654932 0.324226 0.658509 0.342943 0.682229 0.342513 0.70689 0.341652 0.704066 0.330895 0.702372 0.322074 0.699548 0.310026 0.696913 0.304217 0.679593 0.303787 0.663968 0.303141
1 0.858434 0.319492 0.859563 0.323795 0.867658 0.322935 0.871611 0.322504 0.877447 0.321213 0.880083 0.321429 0.88573 0.322074 0.884413 0.317341 0.877447 0.316695 0.872553 0.317341 0.868223 0.318201 0.863705 0.318847
1 0.902861 0.325732 0.903614 0.329389 0.912462 0.329819 0.919428 0.329174 0.922252 0.328313 0.92884 0.329819 0.927899 0.324871 0.921122 0.324226 0.916039 0.32401 0.911898 0.324871 0.908886 0.325086
1 0.905309 0.333907 0.906626 0.33821 0.91378 0.338425 0.91811 0.337565 0.921875 0.336919 0.924511 0.336919 0.928087 0.33778 0.931664 0.337995 0.931476 0.333477 0.926205 0.332831 0.923004 0.331971 0.919804 0.332401 0.914533 0.332831 0.912462 0.333262
0 0.849021 0.306799 0.861634 0.345525 0.905309 0.342943 0.891943 0.304217 0.877636 0.304217 0.872553 0.303141 0.865399 0.304217 0.857492 0.305293
0 0.894014 0.303787 0.900979 0.327453 0.906438 0.342513 0.915098 0.342298 0.920181 0.342083 0.924511 0.340577 0.929782 0.341867 0.9343 0.342513 0.945783 0.342298 0.9343 0.305077 0.924887 0.303571 0.913404 0.304002 0.90305 0.304002
3 0.786333 0.471386 0.787651 0.47827 0.789157 0.482788 0.790663 0.488382 0.793486 0.487952 0.791227 0.478916 0.789345 0.47117
2 0.78125 0.471386 0.785956 0.491179 0.794428 0.490103 0.791792 0.478701 0.789721 0.47031
3 0.588667 0.541738 0.588855 0.549484 0.589232 0.556799 0.589608 0.561747 0.59262 0.561532 0.592056 0.550129 0.591303 0.541738
2 0.587726 0.540448 0.588102 0.55142 0.588855 0.562392 0.59375 0.562608 0.599021 0.562177 0.598268 0.549484 0.597703 0.540232
3 0.169428 0.468158 0.168675 0.47117 0.171687 0.471601 0.176581 0.472031 0.17884 0.472246 0.182041 0.472676 0.184676 0.472676 0.185241 0.469449 0.181664 0.469234 0.177523 0.469234 0.173946 0.468804
2 0.169992 0.461274 0.167545 0.469449 0.167357 0.47117 0.173193 0.472892 0.178652 0.472892 0.184111 0.473537 0.185053 0.473322 0.1875 0.462995 0.179593 0.462134 0.173758 0.461274
3 0.190324 0.517857 0.190136 0.521515 0.194465 0.521299 0.198607 0.520869 0.203125 0.520224 0.206137 0.520009 0.20689 0.516781 0.203502 0.516997 0.19936 0.517212 0.196536 0.517427 0.193148 0.517857
2 0.190136 0.511618 0.189194 0.515491 0.189006 0.517857 0.189006 0.519578 0.189006 0.520654 0.188441 0.52216 0.193901 0.521945 0.201242 0.521515 0.206702 0.520869 0.208584 0.510112 0.202748 0.510542 0.196348 0.511188
3 0.883471 0.429432 0.884036 0.432014 0.891002 0.432014 0.89439 0.432014 0.896649 0.432014 0.896084 0.429002 0.891566 0.429432 0.887613 0.429432
2 0.880271 0.424268 0.883095 0.432659 0.89759 0.432874 0.894767 0.424053 0.888554 0.423838 0.883848 0.423838
3 0.876506 0.498279 0.877259 0.50043 0.883095 0.498924 0.885919 0.497633 0.89006 0.496127 0.888931 0.4929 0.883848 0.494836 0.878953 0.496558
2 0.873306 0.492685 0.876694 0.501076 0.881965 0.5 0.885354 0.498924 0.890625 0.496558 0.887048 0.487306 0.881965 0.489243 0.876883 0.490749
5 0.741152 0.20568 0.741905 0.210628 0.750376 0.209337 0.758095 0.208692 0.771837 0.208262 0.771084 0.203313 0.757342 0.203313 0.749059 0.204389
4 0.721197 0.209337 0.723645 0.217513 0.741529 0.211274 0.752259 0.209983 0.767508 0.209768 0.772026 0.209337 0.772026 0.201592 0.756589 0.201592 0.742658 0.203098 0.730422 0.206325
