5 0.285392 0.158348 0.285203 0.162435 0.299699 0.161145 0.299887 0.156842
5 0.280309 0.192126 0.280309 0.196213 0.294804 0.194923 0.294804 0.19062
5 0.266943 0.228916 0.266566 0.23537 0.292733 0.233864 0.293675 0.227194
4 0.277108 0.157702 0.276544 0.165017 0.300452 0.16222 0.300452 0.156196
4 0.272967 0.19148 0.27259 0.19858 0.295369 0.195568 0.295369 0.189759
4 0.252824 0.227194 0.25113 0.239673 0.294051 0.236446 0.294804 0.225473
5 0.351092 0.231282 0.351092 0.23494 0.379518 0.232788 0.379518 0.229776
5 0.350339 0.248709 0.350339 0.252582 0.379518 0.251076 0.379142 0.246988
4 0.34262 0.230422 0.342056 0.236231 0.380083 0.233649 0.380083 0.228701
4 0.34262 0.248064 0.341867 0.254088 0.380083 0.252151 0.379706 0.246127
5 0.501318 0.100688 0.500753 0.104561 0.51619 0.105637 0.516566 0.101334
4 0.492846 0.099828 0.492282 0.105422 0.517131 0.106282 0.517319 0.100043
3 0.498306 0.131885 0.498306 0.135972 0.511107 0.135112 0.510919 0.1321
2 0.4968 0.126506 0.497929 0.136618 0.514872 0.135327 0.513178 0.125215
5 0.50113 0.155336 0.500941 0.158993 0.516566 0.158993 0.516378 0.155336
4 0.491905 0.15426 0.491717 0.159854 0.517131 0.159639 0.516943 0.154045
5 0.488893 0.196644 0.487952 0.205465 0.52259 0.206756 0.525226 0.198365
4 0.468185 0.191265 0.46762 0.206756 0.524849 0.208907 0.527108 0.194923
5 0.573795 0.195568 0.574172 0.203313 0.610693 0.203528 0.610128 0.195138
4 0.553087 0.191265 0.554217 0.206756 0.611634 0.204819 0.611069 0.192341
5 0.569465 0.115318 0.569654 0.124355 0.604292 0.126076 0.604104 0.118115
4 0.549511 0.111231 0.549887 0.125861 0.605045 0.126936 0.60561 0.115318
8 0.691265 0.075301 0.693712 0.096816 0.725151 0.098537 0.722327 0.077022
8 0.700301 0.130164 0.702748 0.154905 0.735693 0.156842 0.733434 0.133606
8 0.706702 0.191265 0.709526 0.217513 0.743976 0.218158 0.740776 0.192986
3 0.09695 0.400602 0.096574 0.405336 0.108434 0.405336 0.108622 0.400172
2 0.097139 0.392857 0.095256 0.406842 0.116152 0.405551 0.116717 0.397806 0.113893 0.391351
3 0.165663 0.417599 0.165663 0.421902 0.177523 0.41975 0.177334 0.415663
2 0.164533 0.409854 0.163592 0.423623 0.185429 0.41975 0.1875 0.416738 0.188818 0.406196
3 0.202937 0.401248 0.201242 0.405336 0.220256 0.413726 0.22195 0.409208
2 0.206137 0.393072 0.199736 0.406626 0.220444 0.415017 0.225339 0.401033
3 0.211596 0.348752 0.211785 0.353055 0.232869 0.350258 0.232681 0.345955
2 0.210279 0.341437 0.21009 0.354561 0.234375 0.351334 0.233622 0.33821
3 0.267884 0.336489 0.267131 0.340577 0.287086 0.341652 0.288027 0.339716 0.288215 0.336919
2 0.269014 0.328313 0.265437 0.33821 0.266754 0.341652 0.287086 0.342298 0.28878 0.339716 0.290851 0.328744
3 0.468562 0.396945 0.468374 0.402324 0.483622 0.401893 0.483622 0.396945
2 0.466114 0.388124 0.466303 0.403184 0.494164 0.402969 0.494352 0.390921 0.493035 0.387909
3 0.517131 0.388339 0.517131 0.393933 0.541604 0.391566 0.541416 0.386403
2 0.514496 0.380164 0.515437 0.395224 0.54311 0.392857 0.542922 0.381454 0.540474 0.378012
3 0.564194 0.435886 0.564947 0.441265 0.580196 0.437608 0.579254 0.432659
2 0.559864 0.427496 0.563441 0.442556 0.591679 0.436102 0.587914 0.420826
3 0.558735 0.343374 0.558923 0.348107 0.582643 0.345095 0.582267 0.340792
2 0.555911 0.336704 0.556852 0.350043 0.584149 0.347031 0.582643 0.334122
7 0.804782 0.408563 0.804782 0.419535 0.833208 0.416093 0.832831 0.408348
6 0.804029 0.407057 0.803276 0.421041 0.834149 0.417169 0.833584 0.405766
3 0.452748 0.55185 0.45256 0.557659 0.46762 0.55895 0.467997 0.553571
2 0.451431 0.541954 0.450301 0.55938 0.47948 0.561532 0.48061 0.545396
3 0.78558 0.560886 0.788027 0.566265 0.809111 0.556153 0.806476 0.550344
2 0.779179 0.553571 0.787274 0.567556 0.810241 0.556583 0.803276 0.541308
8 0.771461 0.567556 0.788215 0.567771 0.819277 0.56648 0.821724 0.597246 0.774285 0.598752
3 0.049699 0.410284 0.049887 0.415017 0.066077 0.410929 0.065136 0.406842
2 0.048569 0.40426 0.048005 0.416093 0.067018 0.41179 0.065324 0.401033
