1 0.391378 0.384466 0.39119 0.391997 0.420934 0.392642 0.420934 0.385542
0 0.377636 0.357788 0.370858 0.394793 0.423004 0.396084 0.427523 0.358434 0.398908 0.358434
1 0.659262 0.388984 0.658321 0.393072 0.679405 0.393718 0.679593 0.388984
1 0.645896 0.395654 0.646084 0.399957 0.66378 0.400602 0.680346 0.401033 0.680158 0.39673 0.667922 0.396945 0.655685 0.395869
0 0.640437 0.377367 0.644578 0.41179 0.699548 0.413726 0.692771 0.377582 0.648908 0.376936
5 0.540663 0.575086 0.540851 0.585843 0.581137 0.586919 0.614081 0.58864 0.613705 0.578098 0.589232 0.577668 0.565889 0.575516
4 0.537839 0.570568 0.538215 0.58864 0.619164 0.591867 0.618599 0.574441
5 0.554405 0.68438 0.554593 0.695138 0.59488 0.696429 0.610316 0.695783 0.610881 0.686532 0.602974 0.686962 0.579631 0.684811
4 0.540098 0.678141 0.540474 0.696213 0.621423 0.699441 0.620858 0.682014
5 0.662086 0.576807 0.663404 0.585843 0.695407 0.583692 0.693901 0.57401
4 0.659639 0.574441 0.661145 0.587349 0.698607 0.584768 0.697101 0.571429
4 0.738893 0.57358 0.740399 0.586704 0.777673 0.583907 0.776355 0.570568
5 0.741717 0.575516 0.742846 0.584552 0.774849 0.582401 0.773532 0.572719
5 0.671875 0.662651 0.67244 0.671902 0.705572 0.670611 0.705008 0.660714
5 0.758283 0.651463 0.759789 0.66222 0.794992 0.659423 0.794992 0.649096
4 0.758283 0.650172 0.759789 0.663296 0.797063 0.660714 0.795746 0.64716
4 0.669428 0.66179 0.670934 0.674699 0.708396 0.672117 0.70689 0.658778
5 0.228351 0.568417 0.21875 0.616824 0.226657 0.617685 0.235693 0.568417
4 0.226092 0.561747 0.214044 0.618546 0.230422 0.620267 0.239834 0.563253
5 0.297063 0.552496 0.295746 0.561532 0.336973 0.563468 0.337726 0.554002
4 0.294992 0.548408 0.293298 0.563898 0.340361 0.566265 0.340361 0.549053
5 0.278426 0.663942 0.277485 0.672762 0.320971 0.674914 0.321536 0.666738
4 0.276355 0.660499 0.275038 0.675129 0.322289 0.677926 0.323042 0.663081
5 0.167357 0.709983 0.167733 0.721386 0.227786 0.724182 0.228916 0.710198
4 0.167357 0.704174 0.165851 0.723752 0.229292 0.726549 0.230045 0.70525
5 0.365399 0.712564 0.364646 0.721816 0.41491 0.725043 0.41491 0.715792
4 0.36314 0.708477 0.361634 0.723967 0.416416 0.72741 0.417169 0.711919
3 0.23494 0.549268 0.234752 0.552065 0.249624 0.551205 0.249624 0.547978 0.239081 0.548623
2 0.234563 0.542814 0.232681 0.552496 0.250376 0.552065 0.251694 0.542599 0.242846 0.542384
3 0.404744 0.695138 0.404932 0.69815 0.425264 0.697719 0.425264 0.693847
2 0.403426 0.686532 0.403614 0.699441 0.426581 0.69901 0.42677 0.685241
5 0.774473 0.731067 0.773908 0.740534 0.810994 0.74333 0.81137 0.733649
4 0.772214 0.728485 0.770896 0.74247 0.812876 0.745267 0.812876 0.731067
