1 0.264663 0.660897 0.264183 0.664744 0.269231 0.663782 0.269471 0.659295
0 0.263942 0.647436 0.261779 0.665705 0.269952 0.664744 0.272837 0.646154
1 0.473798 0.575962 0.473558 0.582692 0.483654 0.578846 0.483654 0.573077
0 0.46899 0.558654 0.464904 0.5875 0.484375 0.581731 0.486298 0.551282
1 0.843269 0.638462 0.84375 0.644872 0.860577 0.642308 0.860096 0.635897
1 0.830769 0.650641 0.831731 0.658013 0.860577 0.652564 0.860577 0.646474
0 0.825962 0.625 0.827644 0.645513 0.828365 0.659295 0.830048 0.667308 0.830048 0.675 0.877164 0.666346 0.875481 0.629167 0.875962 0.617308
1 0.651683 0.715385 0.65 0.721474 0.669712 0.722756 0.669952 0.715385
0 0.641346 0.688141 0.639904 0.701282 0.63726 0.711859 0.633413 0.723397 0.671635 0.726923 0.672596 0.708333 0.672596 0.683013
1 0.413942 0.74359 0.413702 0.749038 0.421635 0.747436 0.421875 0.741987
0 0.408413 0.723397 0.40625 0.751923 0.423077 0.75 0.424519 0.720513
1 0.270192 0.77468 0.270192 0.779487 0.275962 0.777244 0.275962 0.772756
0 0.26875 0.759936 0.266346 0.782372 0.276683 0.779487 0.278846 0.757051
1 0.195433 0.78718 0.194471 0.791026 0.198317 0.791026 0.199038 0.78718
0 0.198558 0.774359 0.194231 0.783333 0.192067 0.792628 0.199279 0.792949 0.200721 0.782372 0.204808 0.774359
1 0.324519 0.635256 0.324279 0.638462 0.329808 0.635897 0.329327 0.633333
1 0.324038 0.640064 0.323798 0.64359 0.329327 0.641026 0.329087 0.638141
1 0.323558 0.644872 0.323077 0.648718 0.328846 0.645513 0.328606 0.642949
0 0.325 0.628526 0.321635 0.650962 0.331731 0.646474 0.331971 0.633974 0.333413 0.624038
