3 0.14759 0.42685 0.167733 0.427926 0.166792 0.432874 0.146649 0.431153
3 0.146084 0.48494 0.169616 0.483219 0.168675 0.488382 0.145143 0.489673
3 0.24134 0.465577 0.26619 0.465361 0.265625 0.47074 0.240964 0.470525
3 0.339797 0.463855 0.360881 0.464501 0.360316 0.469449 0.339232 0.469019
3 0.407191 0.499785 0.435241 0.499139 0.435053 0.504733 0.407003 0.505164
3 0.514496 0.505379 0.542922 0.510327 0.542545 0.515706 0.513742 0.510757
3 0.661333 0.468589 0.689006 0.467513 0.689571 0.472676 0.662274 0.473967 0.661709 0.469019
3 0.712914 0.470955 0.740211 0.47074 0.740964 0.475688 0.713667 0.476119
3 0.781438 0.504088 0.8093 0.50753 0.809864 0.512909 0.781626 0.509466 0.781438 0.504948
3 0.839985 0.486446 0.865776 0.486446 0.867282 0.491179 0.841303 0.491179
3 0.064194 0.60994 0.079631 0.612091 0.078313 0.618115 0.062312 0.615964
3 0.012613 0.775602 0.028614 0.78012 0.026355 0.78722 0.010354 0.782272
3 0.089044 0.737091 0.104857 0.741824 0.102786 0.748494 0.086973 0.743976
3 0.124623 0.634251 0.141378 0.634251 0.140625 0.640921 0.123682 0.640275
3 0.166039 0.631885 0.181664 0.634466 0.180346 0.640706 0.164157 0.638339
3 0.185241 0.692771 0.203313 0.693201 0.20256 0.700516 0.184488 0.699656
3 0.128577 0.743976 0.126694 0.75043 0.142696 0.755594 0.144955 0.748709
3 0.161709 0.808735 0.181852 0.811102 0.180911 0.819492 0.160768 0.817556
3 0.245294 0.854991 0.280874 0.858003 0.28012 0.866394 0.244541 0.862952
3 0.35881 0.681368 0.368599 0.681799 0.387989 0.684596 0.387236 0.69148 0.368599 0.688898 0.358246 0.688253
3 0.46122 0.670826 0.481175 0.672978 0.480798 0.680508 0.460843 0.678141
3 0.450678 0.748064 0.485693 0.747848 0.485693 0.755594 0.450678 0.755594
3 0.539157 0.677065 0.559676 0.677065 0.560241 0.68395 0.539533 0.68438
3 0.559864 0.749355 0.593374 0.746343 0.594691 0.754518 0.560617 0.757315
3 0.76939 0.749355 0.804029 0.749785 0.805158 0.757745 0.770331 0.7571
3 0.828313 0.741179 0.863893 0.754948 0.863328 0.762263 0.828313 0.748924
5 0.772402 0.464286 0.802711 0.465146 0.80384 0.47031 0.773343 0.469234 0.772967 0.465146
4 0.75753 0.46321 0.803652 0.464501 0.804782 0.471386 0.758095 0.469664
5 0.835279 0.46364 0.865587 0.464501 0.866717 0.469664 0.83622 0.468589 0.835467 0.465146
4 0.820783 0.46278 0.866905 0.464071 0.868035 0.470955 0.821348 0.469234
3 0.966114 0.489673 0.98061 0.489243 0.982492 0.493976 0.967997 0.494621 0.966491 0.490534
3 0.193148 0.298623 0.213855 0.299914 0.212726 0.303356 0.192018 0.302065
3 0.358998 0.269363 0.372176 0.269363 0.371423 0.27259 0.358057 0.27259
3 0.372929 0.210628 0.392131 0.209122 0.392131 0.211919 0.372176 0.21364
3 0.431664 0.22031 0.444654 0.21988 0.444277 0.223322 0.431288 0.223537
3 0.423569 0.285929 0.436935 0.285069 0.437124 0.289157 0.423569 0.289587
3 0.507718 0.233434 0.527861 0.232143 0.528803 0.232143 0.528991 0.23537 0.51939 0.236231 0.508471 0.236661
3 0.508283 0.185671 0.525791 0.18438 0.526355 0.187392 0.508848 0.188683
2 0.194842 0.292384 0.217244 0.292814 0.21442 0.305293 0.190512 0.304432
2 0.294239 0.229346 0.316642 0.230207 0.314006 0.24204 0.290098 0.241179
3 0.293486 0.235585 0.31363 0.236446 0.312876 0.240103 0.292733 0.239028
2 0.360128 0.263984 0.376883 0.2642 0.375 0.273451 0.357116 0.273021 0.359187 0.2642
2 0.372553 0.205465 0.370858 0.214716 0.393261 0.21364 0.394014 0.204389
2 0.431099 0.214716 0.429782 0.224613 0.452748 0.224828 0.45369 0.214931
2 0.422628 0.278399 0.421687 0.291093 0.446724 0.290878 0.447854 0.279045
2 0.505083 0.228701 0.505836 0.238597 0.529744 0.236446 0.528803 0.226334
2 0.50866 0.181368 0.526167 0.180293 0.527297 0.188898 0.507342 0.189759 0.507342 0.181153
2 0.14872 0.419535 0.171498 0.420396 0.167733 0.435026 0.144767 0.43309
2 0.146273 0.476334 0.142884 0.491394 0.169992 0.489243 0.171875 0.474398
2 0.240964 0.455895 0.238705 0.472461 0.267319 0.472461 0.268825 0.455895
2 0.404744 0.490318 0.404556 0.50753 0.436559 0.506239 0.436935 0.489888
2 0.338855 0.455034 0.336408 0.46988 0.360504 0.47117 0.367093 0.465361 0.368788 0.454819
2 0.513366 0.495052 0.510919 0.512048 0.543486 0.516781 0.545369 0.50043 0.514119 0.495052
2 0.65738 0.459768 0.660956 0.475688 0.690324 0.473752 0.691265 0.471601 0.686559 0.457616
2 0.708584 0.461919 0.710843 0.47741 0.741905 0.477194 0.739081 0.461059 0.727598 0.461489 0.709902 0.461274
2 0.77805 0.494621 0.779367 0.510542 0.811182 0.515491 0.810053 0.500215 0.806852 0.497633 0.778803 0.494406
2 0.834902 0.477194 0.83942 0.493546 0.868788 0.492255 0.868788 0.490318 0.861258 0.476549
2 0.960655 0.480637 0.984563 0.479991 0.991717 0.494836 0.966679 0.496558
2 0.066077 0.598967 0.059864 0.616824 0.086785 0.621558 0.091114 0.607788 0.089797 0.602194
2 0.014684 0.765275 0.00753 0.784208 0.035956 0.792599 0.043298 0.771084 0.024473 0.767212
2 0.092244 0.723967 0.08509 0.744836 0.112387 0.751936 0.118035 0.736661 0.117658 0.730852
2 0.130648 0.731282 0.124059 0.752367 0.154367 0.759897 0.161333 0.737952
2 0.124812 0.623709 0.12067 0.641351 0.148343 0.641781 0.15192 0.638339 0.154179 0.623709
2 0.167357 0.621343 0.161521 0.638984 0.185429 0.643287 0.190136 0.625215 0.168298 0.621343
2 0.1843 0.680077 0.181476 0.700947 0.213855 0.702238 0.216867 0.681153 0.185429 0.679862
2 0.161709 0.794105 0.15738 0.818201 0.192018 0.822719 0.197289 0.797547
2 0.245105 0.839716 0.242282 0.865749 0.281438 0.868761 0.283509 0.842943
2 0.357304 0.669966 0.355233 0.689544 0.374247 0.69105 0.388366 0.693417 0.390625 0.672762 0.369352 0.669105
2 0.459902 0.658778 0.45802 0.679217 0.494541 0.682874 0.49567 0.661575 0.462161 0.658348
2 0.447854 0.734079 0.447666 0.75753 0.486822 0.757315 0.485693 0.733649
2 0.556288 0.7358 0.558358 0.759897 0.596574 0.756239 0.593185 0.732788
2 0.536521 0.664372 0.537086 0.685671 0.573042 0.685241 0.572477 0.663081
2 0.76506 0.73494 0.768825 0.759682 0.806852 0.759897 0.802711 0.734725
2 0.826996 0.726979 0.826054 0.749785 0.864081 0.763984 0.865587 0.741824
