1 0.110096 0.39359 0.139663 0.394872 0.13774 0.404487 0.108173 0.403205
0 0.099038 0.363782 0.084856 0.407051 0.099279 0.407372 0.139423 0.408013 0.147115 0.374679 0.152885 0.364423 0.098077 0.363782
1 0.272837 0.261859 0.278846 0.260577 0.291346 0.260256 0.290625 0.266987 0.279567 0.266987 0.271875 0.267949
1 0.271154 0.270513 0.277163 0.26891 0.289663 0.26891 0.288942 0.27532 0.277885 0.27532 0.270192 0.276603
1 0.258654 0.28141 0.264663 0.280128 0.28774 0.278526 0.2875 0.284936 0.265144 0.286538 0.257692 0.2875
1 0.26851 0.290064 0.275481 0.289103 0.286779 0.288462 0.285577 0.294231 0.27524 0.294551 0.267548 0.295833
1 0.265144 0.299038 0.271875 0.298077 0.284135 0.297115 0.283173 0.302885 0.271635 0.303526 0.264183 0.304808
1 0.262981 0.307692 0.269712 0.306731 0.282692 0.305769 0.281971 0.312179 0.270433 0.313141 0.261779 0.314103
1 0.248798 0.320192 0.25649 0.319551 0.280769 0.316346 0.280288 0.322756 0.257212 0.325962 0.248317 0.326923
1 0.247596 0.329167 0.258413 0.329167 0.278846 0.325962 0.278606 0.332372 0.258894 0.335256 0.247115 0.335577
1 0.247356 0.33782 0.258173 0.33782 0.277885 0.334936 0.277644 0.341346 0.258413 0.34391 0.246875 0.344231
1 0.245913 0.350321 0.262981 0.348077 0.276683 0.346154 0.276442 0.352244 0.26226 0.354487 0.245913 0.357372
1 0.49375 0.402885 0.538462 0.40032 0.538702 0.409615 0.49399 0.411218
0 0.48726 0.371795 0.487981 0.417949 0.545433 0.415064 0.542548 0.368269
7 0.700962 0.264423 0.76851 0.269231 0.769231 0.289423 0.700962 0.283654
6 0.698317 0.259295 0.698798 0.288462 0.773558 0.293269 0.771875 0.265705 0.695913 0.258013
1 0.929567 0.294872 0.961298 0.294551 0.962981 0.303846 0.93149 0.304487
0 0.898077 0.261859 0.907212 0.308013 0.967788 0.308333 0.955048 0.261859
0 0.260096 0.250962 0.255288 0.276282 0.253365 0.2875 0.252163 0.290385 0.260577 0.290385 0.269471 0.288141 0.302163 0.285897 0.308894 0.246474 0.293269 0.247115 0.283894 0.246474 0.278846 0.247756 0.271394 0.250962 0.261298 0.250962
0 0.251923 0.291987 0.247356 0.311859 0.245673 0.317949 0.257692 0.317949 0.284856 0.314744 0.297115 0.312821 0.301683 0.286218 0.270913 0.288782 0.261538 0.291346
0 0.245433 0.320513 0.242067 0.336538 0.240144 0.346474 0.254087 0.348077 0.277404 0.344551 0.292548 0.342628 0.296635 0.313462 0.260577 0.31859 0.245673 0.319231
0 0.240865 0.350962 0.237981 0.383974 0.259856 0.382051 0.267548 0.379167 0.290865 0.377885 0.292548 0.342949 0.278365 0.345513 0.266827 0.347115 0.241106 0.350321
1 0.02524 0.785897 0.061779 0.786859 0.059615 0.799679 0.023558 0.798077
0 0.012019 0.738141 0.079567 0.741667 0.067548 0.790385 0.062981 0.806731 0.00024 0.807692 0.001202 0.771474
1 0.310577 0.794231 0.369712 0.788462 0.36899 0.802244 0.309856 0.808654
0 0.309375 0.747115 0.306971 0.775641 0.303606 0.807692 0.302404 0.814423 0.344712 0.810897 0.372115 0.805769 0.375 0.773077 0.375721 0.739103 0.333654 0.74359
1 0.759135 0.674679 0.798798 0.676282 0.8 0.691346 0.760817 0.690385
0 0.728846 0.630769 0.733413 0.66282 0.737019 0.694231 0.785817 0.695513 0.803846 0.696474 0.798798 0.65032 0.794471 0.630449 0.764423 0.630449 0.737019 0.630449
