1 0.062123 0.335628 0.059864 0.344664 0.111446 0.335843 0.113517 0.328313
0 0.068901 0.300774 0.064759 0.321429 0.054782 0.350473 0.113328 0.342298 0.120105 0.322289 0.123117 0.307229 0.126694 0.291954
1 0.273532 0.28636 0.272967 0.296256 0.326242 0.28636 0.326807 0.277539
0 0.270896 0.253012 0.268072 0.275818 0.26506 0.302281 0.333396 0.290448 0.336408 0.240964
1 0.41378 0.240749 0.415098 0.250861 0.480233 0.237091 0.479104 0.22827
0 0.406438 0.205895 0.408886 0.256024 0.485504 0.241609 0.478727 0.193417
1 0.728539 0.218804 0.73061 0.229561 0.794992 0.230852 0.795181 0.22117
0 0.717809 0.179217 0.72628 0.233864 0.802711 0.236446 0.789533 0.182874
1 0.920557 0.159854 0.924322 0.168029 0.978539 0.16846 0.975339 0.159639
0 0.908697 0.126076 0.908133 0.137909 0.923381 0.173623 0.981739 0.174268 0.962914 0.126721 0.915851 0.127367
