1 0.262019 0.420192 0.260096 0.430128 0.27524 0.433974 0.282692 0.435256 0.29976 0.439423 0.301683 0.428526 0.284856 0.425 0.27476 0.423077
0 0.240144 0.376923 0.234135 0.397436 0.230529 0.411218 0.225721 0.422756 0.255529 0.434936 0.281971 0.439423 0.304087 0.44391 0.313942 0.393269 0.291827 0.389103 0.271635 0.384615 0.250481 0.379167
1 0.482452 0.464103 0.481971 0.46891 0.509615 0.472436 0.514183 0.472436 0.513462 0.46891 0.504567 0.46891 0.49399 0.465705
0 0.454808 0.426603 0.455288 0.466667 0.522837 0.473718 0.522356 0.437179 0.48726 0.433013
0 0.720192 0.452564 0.729808 0.485577 0.795673 0.492628 0.788942 0.478846 0.785096 0.464423 0.783894 0.455769 0.754567 0.454167
1 0.218269 0.762821 0.215865 0.780449 0.249519 0.784936 0.308654 0.791346 0.309135 0.772756 0.258654 0.76859 0.245433 0.765064
0 0.225962 0.7 0.207452 0.777564 0.227885 0.790064 0.265144 0.794231 0.312981 0.798718 0.323077 0.713462 0.273317 0.705128
1 0.495673 0.771154 0.496154 0.789103 0.530288 0.791987 0.553846 0.793269 0.578365 0.797756 0.576923 0.779808 0.530529 0.774038
0 0.488702 0.709295 0.489904 0.796154 0.584135 0.806731 0.577404 0.717628 0.53149 0.710256 0.490865 0.709615
1 0.862981 0.7875 0.865865 0.806731 0.907212 0.807051 0.903606 0.788141
0 0.810336 0.728205 0.822836 0.769231 0.832933 0.81282 0.916827 0.815064 0.899038 0.765064 0.890385 0.729487 0.860096 0.729808
