1 0.284262 0.322504 0.282191 0.326592 0.30384 0.33111 0.322477 0.333907 0.323607 0.329389 0.306664 0.325732
1 0.301393 0.313468 0.299699 0.319923 0.325489 0.324441 0.326431 0.317556
1 0.306664 0.302711 0.305723 0.309165 0.327748 0.313038 0.32869 0.306153
0 0.291039 0.284208 0.287839 0.295611 0.285015 0.303571 0.282003 0.310671 0.278803 0.320138 0.276544 0.32315 0.275226 0.328528 0.274661 0.33068 0.301958 0.334122 0.341114 0.338425 0.348833 0.318847 0.353916 0.296041 0.345256 0.291308 0.314947 0.283563 0.302334 0.283133
1 0.714985 0.285929 0.716114 0.289802 0.731551 0.293675 0.746988 0.297978 0.747176 0.296041 0.746047 0.293029 0.741717 0.292384 0.733246 0.290448 0.729857 0.289587 0.720068 0.287435
1 0.713102 0.27926 0.714797 0.284208 0.729857 0.28722 0.744164 0.290017 0.742658 0.285069 0.729857 0.283133
1 0.705572 0.271515 0.707267 0.275602 0.717056 0.277108 0.740964 0.282272 0.73927 0.276678 0.71988 0.274096
0 0.696724 0.260542 0.697101 0.26506 0.701807 0.269148 0.713855 0.291308 0.766566 0.307014 0.756777 0.277969 0.75 0.268072 0.745294 0.26506 0.705384 0.260542
3 0.825866 0.679862 0.826619 0.684811 0.851845 0.683305 0.850904 0.677711
2 0.822854 0.670826 0.825866 0.685671 0.856739 0.68438 0.853916 0.670181 0.850715 0.667814 0.849398 0.666738
1 0.057605 0.333907 0.053464 0.335198 0.054593 0.337134 0.05817 0.339071 0.065324 0.341007 0.073983 0.342083 0.086785 0.342083 0.087349 0.334983 0.081137 0.335843 0.075301 0.335843 0.069842 0.335843 0.060429 0.334552
0 0.050264 0.311962 0.045181 0.327238 0.049887 0.335198 0.06137 0.343158 0.080384 0.345955 0.087538 0.345525 0.099586 0.306799 0.092056 0.306368 0.063065 0.310456
