1 0.196913 0.659208 0.251883 0.660499 0.251318 0.679647 0.192395 0.67642
0 0.179782 0.592083 0.275226 0.593158 0.266754 0.619621 0.256024 0.689759 0.149849 0.68352 0.162462 0.6463 0.171875 0.605422
1 0.614834 0.555077 0.684676 0.554432 0.685429 0.56648 0.616717 0.56691
1 0.627636 0.576377 0.688065 0.574871 0.687876 0.588425 0.627071 0.587349
0 0.606363 0.524312 0.650414 0.522375 0.674322 0.524957 0.697477 0.524957 0.71122 0.527324 0.719315 0.553571 0.719315 0.59488 0.726845 0.617685 0.712914 0.620697 0.682041 0.621127 0.612764 0.618976 0.607304 0.560241 0.605045 0.527969
1 0.642131 0.188038 0.683358 0.193201 0.684111 0.199656 0.642508 0.193201
1 0.640813 0.195998 0.685241 0.202883 0.685994 0.208262 0.641378 0.201377
0 0.631589 0.174914 0.700489 0.183735 0.702937 0.196644 0.709526 0.214716 0.710467 0.226334 0.637236 0.216867
1 0.068524 0.194062 0.100904 0.194062 0.099774 0.198365 0.06683 0.198365
1 0.064759 0.200516 0.097139 0.200516 0.096009 0.204819 0.062877 0.204819
1 0.057605 0.207831 0.091303 0.207831 0.088855 0.212134 0.055723 0.212134
0 0.06683 0.19105 0.075301 0.181799 0.125941 0.181153 0.117282 0.197504 0.105045 0.217298 0.054593 0.216652 0.048193 0.214501 0.066265 0.192126
1 0.240211 0.155551 0.275979 0.151248 0.275226 0.155766 0.239458 0.159639
1 0.235505 0.163941 0.272967 0.159208 0.272967 0.163726 0.234752 0.168029
1 0.23381 0.172117 0.271461 0.168244 0.270896 0.174268 0.233434 0.177065
0 0.236446 0.145009 0.296875 0.137263 0.292733 0.178356 0.231363 0.18395 0.224398 0.18395 0.225904 0.171687
1 0.303276 0.147375 0.340361 0.143718 0.339232 0.148021 0.303087 0.151893
1 0.298758 0.155551 0.338479 0.151463 0.338102 0.156626 0.298004 0.159208
1 0.296498 0.163511 0.337538 0.160499 0.336973 0.166523 0.296122 0.168675
0 0.298004 0.135757 0.360693 0.130594 0.354104 0.165663 0.360881 0.165017 0.359563 0.172332 0.293675 0.175129
1 0.365964 0.141566 0.365399 0.145224 0.389684 0.140491 0.404367 0.138124 0.404744 0.133821 0.381589 0.138985
1 0.363893 0.148021 0.362387 0.152108 0.376883 0.148666 0.402861 0.143503 0.403238 0.138985 0.376318 0.145654
1 0.361446 0.15469 0.361258 0.159423 0.401355 0.149312 0.401732 0.144793
0 0.361258 0.130379 0.404744 0.127367 0.430346 0.129088 0.424699 0.150602 0.411898 0.149096 0.392884 0.15469 0.360504 0.163941 0.355045 0.165017
1 0.948042 0.268718 0.982304 0.273666 0.984563 0.27969 0.950301 0.274096
1 0.957455 0.277539 0.988705 0.282917 0.991905 0.288081 0.959902 0.282272
1 0.963479 0.286145 0.995858 0.291308 0.999059 0.296902 0.966867 0.291308
0 0.96122 0.295181 0.935806 0.254303 0.944654 0.254088 0.971574 0.259251 0.989834 0.262263 0.997929 0.273666 1.0 0.280766 0.999812 0.300344 0.990399 0.298408
