9 0.069952 0.396474 0.063942 0.41218 0.064423 0.416346 0.06226 0.422756 0.058654 0.429808 0.078606 0.479808 0.084615 0.469231 0.086538 0.459615 0.087019 0.454808 0.090144 0.446474 0.079327 0.420513
9 0.303846 0.353526 0.301202 0.371154 0.298558 0.391987 0.359375 0.392308 0.361058 0.373718 0.36274 0.354487
1 0.392067 0.396795 0.390865 0.409295 0.410817 0.409936 0.423317 0.41218 0.456971 0.412821 0.459615 0.401282 0.405288 0.396795
0 0.395433 0.355128 0.391106 0.376923 0.385577 0.402564 0.385096 0.414103 0.408413 0.416667 0.428846 0.41891 0.463702 0.417949 0.465144 0.357372 0.421394 0.358013 0.411538 0.34968 0.40649 0.354167
9 0.613462 0.372436 0.618029 0.408974 0.675721 0.409936 0.66875 0.376282
1 0.69976 0.421474 0.700721 0.433654 0.764183 0.434295 0.764183 0.424038
0 0.688221 0.380128 0.692548 0.415705 0.696154 0.438462 0.7375 0.440705 0.772356 0.439423 0.764904 0.406731 0.758894 0.382692
9 0.920673 0.384295 0.93101 0.41859 0.983894 0.425 0.97524 0.388782
3 0.55024 0.885897 0.55 0.893269 0.576683 0.897756 0.578365 0.895513 0.578365 0.891026
2 0.547837 0.872756 0.546875 0.89391 0.576683 0.899359 0.578846 0.895513 0.579087 0.877885
3 0.691106 0.900641 0.695433 0.939744 0.700481 0.939423 0.695673 0.899359
2 0.689904 0.895833 0.705288 0.895833 0.711298 0.943269 0.695192 0.942949
3 0.815625 0.60641 0.816587 0.611218 0.838942 0.611859 0.83774 0.606731
2 0.810336 0.596795 0.814423 0.61282 0.840144 0.613782 0.83774 0.602244 0.833654 0.597115
3 0.780769 0.63718 0.780529 0.641346 0.804327 0.649038 0.804808 0.64391
2 0.778365 0.626923 0.779086 0.641346 0.80625 0.65032 0.805529 0.634615
3 0.830048 0.75641 0.830769 0.761859 0.855529 0.760897 0.854567 0.755769
2 0.824038 0.745513 0.828846 0.762821 0.856971 0.761538 0.852644 0.744231
