7 0.239081 0.234725 0.269955 0.229346 0.270896 0.234725 0.238705 0.240964
6 0.237764 0.231067 0.271649 0.226549 0.27259 0.236446 0.238328 0.24333
7 0.220633 0.27216 0.256401 0.268503 0.256589 0.277754 0.217997 0.280336
6 0.219315 0.270224 0.257154 0.266351 0.258471 0.279475 0.217244 0.282272
7 0.204819 0.320568 0.239458 0.318632 0.239458 0.329389 0.202184 0.33025
6 0.203878 0.318632 0.240964 0.317341 0.241152 0.330465 0.201054 0.331971
7 0.191453 0.368546 0.22308 0.367685 0.22195 0.377797 0.187876 0.379088 0.189947 0.369191
6 0.188441 0.3679 0.223456 0.366609 0.222892 0.379518 0.186935 0.381239
7 0.262048 0.372418 0.293675 0.367685 0.294804 0.375645 0.261295 0.381454
6 0.260919 0.370697 0.294804 0.366179 0.296122 0.376076 0.260166 0.38253
7 0.272214 0.317556 0.308547 0.314114 0.307794 0.322074 0.270331 0.327453
6 0.272026 0.31605 0.309864 0.313253 0.308735 0.32401 0.269014 0.329174
7 0.287839 0.270869 0.321348 0.268072 0.321348 0.273666 0.28558 0.277969
6 0.287086 0.270439 0.322101 0.267212 0.322854 0.274742 0.285015 0.28012
7 0.301205 0.230207 0.330384 0.226764 0.330572 0.233864 0.299134 0.237522
6 0.299699 0.228701 0.331137 0.225904 0.331702 0.235155 0.298004 0.239028
3 0.810241 0.362737 0.827748 0.364028 0.82869 0.3679 0.810617 0.366609 0.809676 0.362737
2 0.806476 0.357358 0.826807 0.358649 0.829443 0.369621 0.809676 0.36747
3 0.801958 0.322289 0.819842 0.326807 0.819842 0.330034 0.801958 0.325301
2 0.799511 0.317341 0.819089 0.322074 0.820407 0.33154 0.800264 0.325086
3 0.786333 0.288726 0.802523 0.288941 0.80384 0.291954 0.787274 0.291308
2 0.784074 0.283563 0.80177 0.284208 0.80497 0.292814 0.787086 0.293029
3 0.245105 0.531842 0.245294 0.530766 0.266378 0.531411 0.266002 0.53636 0.244729 0.535929
2 0.243788 0.523881 0.267884 0.523881 0.26619 0.538511 0.241905 0.53722
3 0.253012 0.464286 0.274473 0.462565 0.274285 0.467513 0.2532 0.468158
2 0.251506 0.458046 0.275602 0.457186 0.275038 0.468804 0.249812 0.469449
3 0.245482 0.417169 0.265248 0.420181 0.264307 0.424268 0.244352 0.422117
2 0.245482 0.410929 0.267319 0.413511 0.264684 0.425344 0.241905 0.422332
3 0.312124 0.442126 0.33302 0.445783 0.331702 0.450516 0.310806 0.446859
2 0.312876 0.435026 0.335279 0.438898 0.332643 0.451162 0.3093 0.447074
3 0.377636 0.437823 0.400226 0.437392 0.400226 0.44191 0.377259 0.442556
2 0.37613 0.430508 0.400979 0.430723 0.401355 0.443632 0.375941 0.443417
3 0.371423 0.478485 0.394578 0.478916 0.39439 0.483649 0.371235 0.483219
2 0.37067 0.470525 0.395143 0.471386 0.394578 0.48494 0.369729 0.483864
3 0.370858 0.519793 0.393825 0.519793 0.393637 0.524527 0.370858 0.524742
2 0.368788 0.512048 0.395331 0.513769 0.394202 0.527108 0.36747 0.526463
3 0.360693 0.564114 0.385166 0.563038 0.384413 0.568201 0.360128 0.569277
2 0.358998 0.555508 0.387236 0.555077 0.385542 0.571644 0.356928 0.570998
3 0.446913 0.54432 0.470444 0.54432 0.470444 0.549914 0.447289 0.550344
2 0.445595 0.536145 0.471386 0.536145 0.472327 0.551635 0.445218 0.55142
3 0.484563 0.484509 0.506212 0.483219 0.50753 0.487522 0.485316 0.489458
2 0.481551 0.477194 0.504895 0.475258 0.509036 0.488597 0.483434 0.490318
3 0.462914 0.442771 0.483998 0.443847 0.48381 0.44858 0.462538 0.447289 0.463102 0.443417
2 0.46122 0.435886 0.484375 0.437608 0.484752 0.44901 0.460279 0.447504
3 0.57003 0.493976 0.593562 0.495052 0.593185 0.49957 0.57116 0.498494
2 0.568712 0.486661 0.592997 0.488167 0.594503 0.501291 0.568712 0.499139
3 0.587726 0.549699 0.610881 0.551635 0.610693 0.557014 0.587538 0.555077
2 0.585467 0.542169 0.611258 0.54432 0.611258 0.558305 0.585279 0.555938 0.58509 0.542384
3 0.684111 0.537651 0.707078 0.541308 0.70689 0.546902 0.684676 0.543244
2 0.682041 0.529475 0.707078 0.533778 0.707643 0.547762 0.682229 0.543244
3 0.854857 0.568847 0.874435 0.565835 0.875565 0.570568 0.856175 0.57401
2 0.850339 0.561962 0.872364 0.55895 0.877071 0.572289 0.853727 0.574871
3 0.841491 0.505164 0.863328 0.508176 0.863893 0.512694 0.842809 0.509897
2 0.839232 0.498279 0.862952 0.500861 0.864646 0.514415 0.842056 0.511618
3 0.828878 0.455465 0.84808 0.45654 0.848833 0.460843 0.830008 0.459983
2 0.825489 0.449226 0.84695 0.450947 0.848645 0.456971 0.848833 0.46321 0.829819 0.461919
3 0.912839 0.504518 0.931288 0.504948 0.931852 0.508606 0.915098 0.508606
2 0.909074 0.497849 0.929593 0.498494 0.932982 0.510327 0.913404 0.509897
3 0.905874 0.560886 0.927334 0.56691 0.928276 0.571644 0.906626 0.565835
2 0.903426 0.554002 0.927523 0.561317 0.92884 0.570568 0.928087 0.574226 0.905497 0.567341
3 0.85561 0.654905 0.860693 0.655766 0.863705 0.686532 0.858434 0.686102
2 0.848645 0.653399 0.862199 0.65512 0.865776 0.689114 0.851468 0.686102
3 0.951242 0.683735 0.973833 0.682659 0.974398 0.689114 0.953313 0.688898
2 0.947289 0.673623 0.973645 0.673623 0.974962 0.69062 0.950866 0.690404
