5 0.125753 0.066265 0.179405 0.078313 0.177146 0.085843 0.122741 0.07401
4 0.098645 0.041523 0.085279 0.064759 0.186747 0.092083 0.194654 0.064974
5 0.259601 0.106282 0.319089 0.121127 0.318148 0.129088 0.258283 0.114028
4 0.22195 0.081325 0.213102 0.104131 0.321724 0.133391 0.326807 0.107573
5 0.579631 0.197074 0.580761 0.20654 0.623682 0.218589 0.624624 0.211274
4 0.546122 0.173193 0.546875 0.198795 0.628577 0.222892 0.629142 0.200516
5 0.682229 0.226334 0.711973 0.236876 0.712161 0.243761 0.682041 0.233649
4 0.65512 0.202883 0.659827 0.227194 0.713479 0.245052 0.712538 0.224182
3 0.103539 0.231067 0.116905 0.199441 0.125753 0.200947 0.113705 0.233003
2 0.104292 0.196213 0.130459 0.200516 0.114646 0.239673 0.087161 0.233003
3 0.013178 0.402324 0.070783 0.406842 0.070218 0.418029 0.010542 0.41179
2 0.014684 0.384466 0.076995 0.390921 0.070971 0.422332 0.005083 0.413511
3 0.048381 0.763984 0.065136 0.759897 0.105233 0.762263 0.101657 0.777539 0.049511 0.777324 0.044992 0.769148
2 0.040474 0.740749 0.102974 0.737952 0.107681 0.740103 0.103916 0.777969 0.10241 0.783778 0.041792 0.783133
7 0.145143 0.729131 0.244729 0.726119 0.246047 0.781196 0.193712 0.782702 0.189383 0.754303 0.141566 0.756454
6 0.144014 0.707186 0.2532 0.708907 0.256777 0.787651 0.13686 0.788726
3 0.923381 0.522375 0.938253 0.52173 0.939759 0.527539 0.925075 0.527969
2 0.919239 0.513554 0.9343 0.513124 0.940889 0.529045 0.924322 0.529475
