5 0.394767 0.033133 0.428464 0.030336 0.42884 0.034208 0.394578 0.037435
5 0.389496 0.046256 0.424699 0.043029 0.425075 0.047978 0.389684 0.05099
5 0.392319 0.064759 0.426205 0.062392 0.426205 0.067126 0.392508 0.069492
5 0.385354 0.086059 0.422252 0.081756 0.42244 0.086919 0.385542 0.090577
5 0.397214 0.103916 0.430723 0.100688 0.430158 0.106067 0.397402 0.108434
5 0.400602 0.151893 0.437876 0.148881 0.437312 0.15426 0.400979 0.156626
5 0.396649 0.175129 0.434676 0.171256 0.434864 0.177496 0.396837 0.180723
5 0.397779 0.200516 0.436182 0.195138 0.43637 0.201377 0.398155 0.20611
5 0.39872 0.223967 0.437124 0.219449 0.437312 0.224613 0.399096 0.229346
5 0.541416 0.02216 0.575113 0.019148 0.575301 0.024312 0.541604 0.026893
5 0.542545 0.057229 0.580572 0.054862 0.581137 0.060241 0.542733 0.061962
5 0.556664 0.079604 0.596009 0.078313 0.596197 0.083692 0.556852 0.084768
5 0.54631 0.108219 0.584902 0.104776 0.585279 0.109725 0.546498 0.113382
5 0.554405 0.130164 0.593374 0.127582 0.593938 0.13296 0.554782 0.135542
5 0.552523 0.154475 0.591491 0.152539 0.591867 0.157917 0.552711 0.159854
5 0.553652 0.178787 0.59375 0.177065 0.593938 0.182444 0.553652 0.18395
5 0.557229 0.202022 0.59808 0.202238 0.598456 0.208046 0.557229 0.207401
5 0.695218 0.025602 0.732116 0.023451 0.732869 0.028184 0.695971 0.030336
5 0.698419 0.045396 0.73494 0.044535 0.735316 0.049269 0.698419 0.050344
5 0.70369 0.064544 0.740211 0.063468 0.740776 0.068417 0.703878 0.069492
5 0.709526 0.08111 0.746988 0.08025 0.747176 0.085628 0.709714 0.086059
5 0.712349 0.10284 0.750565 0.102194 0.750753 0.108434 0.712538 0.108649
5 0.714985 0.130809 0.754142 0.129088 0.754142 0.135112 0.715173 0.136403
5 0.719503 0.152539 0.759224 0.151463 0.759413 0.157272 0.71988 0.158133
5 0.722892 0.178141 0.762613 0.177281 0.762801 0.182874 0.723268 0.183735
5 0.721574 0.204604 0.761483 0.202453 0.762048 0.207616 0.72195 0.210198
3 0.291604 0.010542 0.310429 0.006885 0.310429 0.009682 0.291604 0.013339
3 0.318336 0.021299 0.337349 0.018503 0.337349 0.021515 0.318336 0.024527
3 0.293298 0.039802 0.3125 0.037005 0.312312 0.040017 0.293486 0.042814
3 0.285392 0.053571 0.298193 0.052281 0.298193 0.055508 0.285392 0.056583
3 0.286521 0.070998 0.306664 0.069492 0.306664 0.072719 0.286709 0.07401
3 0.269767 0.170826 0.290663 0.167169 0.290663 0.171256 0.269767 0.174484
3 0.16378 0.248279 0.182794 0.245912 0.182229 0.25 0.163592 0.252151
3 0.161521 0.263984 0.161145 0.267857 0.180535 0.265921 0.180723 0.261618
3 0.250565 0.229776 0.271649 0.229561 0.271273 0.234294 0.25 0.234079
3 0.197289 0.091652 0.215738 0.087134 0.216303 0.090577 0.197289 0.095095
3 0.191453 0.068847 0.210843 0.06691 0.210279 0.070138 0.191265 0.071859
3 0.431288 0.107573 0.431099 0.1108 0.431099 0.111661 0.455196 0.112306 0.455949 0.112306 0.455949 0.107788
3 0.413592 0.136188 0.438065 0.133176 0.438253 0.137478 0.413968 0.140275
3 0.578125 0.020439 0.603351 0.019578 0.603351 0.023451 0.578313 0.024096
3 0.548946 0.035069 0.574172 0.033563 0.57436 0.037651 0.548946 0.039587
3 0.584902 0.116394 0.611258 0.115534 0.611258 0.120267 0.585279 0.120482
3 0.596197 0.140275 0.623117 0.1392 0.623117 0.144363 0.596574 0.145009
3 0.738328 0.05185 0.763178 0.053141 0.763366 0.057659 0.73814 0.055938
5 0.875376 0.021515 0.907944 0.021945 0.908509 0.027539 0.875565 0.026678
5 0.87067 0.006885 0.896649 0.00667 0.897402 0.011403 0.871423 0.011833
5 0.877071 0.04475 0.909262 0.045611 0.90945 0.050559 0.877447 0.050129
5 0.270143 0.084983 0.298193 0.080034 0.298193 0.083907 0.268261 0.089501 0.268449 0.085198
5 0.264684 0.093804 0.291604 0.08864 0.291792 0.092298 0.262989 0.098322 0.262989 0.094234
5 0.261672 0.114243 0.289721 0.108864 0.28991 0.113382 0.259977 0.118761 0.259977 0.114673
5 0.257718 0.131024 0.28558 0.12543 0.285768 0.129948 0.256212 0.135757 0.256024 0.131454
5 0.253953 0.149096 0.28238 0.143718 0.282191 0.148451 0.252447 0.15383 0.252071 0.149527
5 0.243223 0.187177 0.272214 0.181583 0.272026 0.187177 0.241152 0.192986 0.24134 0.187608
5 0.242658 0.20525 0.271649 0.199656 0.271461 0.205034 0.240776 0.210843 0.240964 0.205465
5 0.168486 0.091437 0.195595 0.086704 0.195595 0.090361 0.168486 0.095095
5 0.172628 0.116609 0.19936 0.111876 0.199548 0.116179 0.172816 0.120267
5 0.169804 0.133606 0.197289 0.130164 0.197289 0.133821 0.169428 0.137478
5 0.16491 0.151248 0.192395 0.147806 0.192395 0.151893 0.164721 0.155551
5 0.159827 0.167814 0.187312 0.164157 0.187312 0.16846 0.159639 0.172117
5 0.160203 0.196429 0.187124 0.19148 0.187124 0.196429 0.160203 0.200732
5 0.15738 0.214931 0.183923 0.209552 0.183923 0.213855 0.157191 0.219234
5 0.15192 0.234079 0.178464 0.228701 0.178464 0.233003 0.151732 0.238382
5 0.139684 0.244406 0.164721 0.240103 0.164345 0.245052 0.139495 0.248709
5 0.135166 0.266136 0.160203 0.261833 0.159827 0.266997 0.134977 0.270439
5 0.021084 0.285714 0.044428 0.28012 0.044804 0.284208 0.021084 0.290017
4 0.161709 0.091222 0.196348 0.086059 0.196348 0.092083 0.161333 0.097461
4 0.165286 0.116609 0.16491 0.123279 0.200866 0.117255 0.200489 0.110585
4 0.162274 0.133821 0.161898 0.140491 0.197666 0.135757 0.197666 0.129088
4 0.157568 0.151463 0.157191 0.158133 0.192959 0.153399 0.192959 0.14673
4 0.152861 0.167814 0.152485 0.174484 0.188253 0.169535 0.188253 0.162866
4 0.153238 0.197289 0.152297 0.203744 0.188065 0.197289 0.188065 0.19062
4 0.150038 0.215361 0.150038 0.222031 0.184864 0.215361 0.184864 0.208692
4 0.144578 0.234509 0.144578 0.241179 0.179405 0.234509 0.179405 0.22784
4 0.132342 0.244836 0.131777 0.251076 0.165286 0.246343 0.165474 0.239028
4 0.133848 0.265275 0.133283 0.27173 0.160392 0.267642 0.160956 0.260757
2 0.290474 0.006024 0.28991 0.01463 0.311182 0.011188 0.310617 0.002367
2 0.317583 0.016997 0.316642 0.025602 0.338479 0.023021 0.339044 0.0142
2 0.29198 0.034208 0.290851 0.044105 0.313253 0.041523 0.313441 0.031196
2 0.284639 0.048408 0.283697 0.058305 0.305911 0.055723 0.306099 0.045611
2 0.285203 0.06562 0.285015 0.075947 0.307229 0.073365 0.307417 0.063253
2 0.269202 0.163511 0.268261 0.176205 0.29198 0.172547 0.292357 0.160069
2 0.250188 0.221816 0.247741 0.23494 0.272779 0.23537 0.273908 0.221386
2 0.411333 0.128012 0.411145 0.141136 0.439383 0.138985 0.438441 0.124785
2 0.431664 0.099613 0.42997 0.112522 0.456702 0.113597 0.457643 0.100258
2 0.548193 0.033778 0.548946 0.048408 0.578313 0.046687 0.577184 0.032272
2 0.576431 0.013554 0.576431 0.025602 0.603727 0.025387 0.603539 0.013554
2 0.595068 0.131885 0.595821 0.146515 0.625188 0.144793 0.62387 0.130164
2 0.588291 0.108219 0.612199 0.107573 0.612199 0.121773 0.583773 0.121988 0.583208 0.111446 0.587726 0.110585
2 0.736822 0.044105 0.737199 0.057229 0.764307 0.058735 0.763742 0.045826
2 0.19183 0.063468 0.190324 0.07315 0.211596 0.071213 0.212538 0.061317
2 0.19823 0.085628 0.216679 0.08154 0.217809 0.083262 0.217056 0.091652 0.196348 0.095955 0.196536 0.090792 0.196724 0.086059
4 0.261295 0.085843 0.298569 0.078959 0.298946 0.084983 0.261107 0.092298
4 0.254895 0.09488 0.292357 0.087565 0.292545 0.093804 0.254706 0.101119
4 0.252259 0.114888 0.290286 0.107358 0.290474 0.114243 0.252071 0.121343
4 0.248117 0.1321 0.286145 0.12457 0.286333 0.131454 0.247929 0.138339
4 0.244729 0.150387 0.283133 0.142427 0.282756 0.149742 0.244541 0.156626
4 0.233245 0.188898 0.273155 0.180723 0.272967 0.188253 0.233434 0.195783
4 0.232681 0.20654 0.27259 0.198365 0.272402 0.205895 0.232304 0.213425
4 0.392319 0.032057 0.429217 0.02926 0.429593 0.035284 0.391943 0.038726
4 0.380459 0.045826 0.426205 0.041523 0.427146 0.049269 0.380648 0.053571
4 0.376694 0.084983 0.422628 0.08068 0.423569 0.088425 0.376883 0.092728
4 0.39119 0.064329 0.428087 0.061317 0.428464 0.067341 0.390813 0.070783
4 0.395708 0.10327 0.431099 0.100258 0.430535 0.106713 0.396084 0.109294
4 0.390248 0.151248 0.438441 0.147806 0.43863 0.154905 0.39006 0.158563
4 0.387613 0.174268 0.435806 0.170826 0.435994 0.178141 0.388178 0.182659
4 0.388366 0.200086 0.437124 0.194277 0.437688 0.202238 0.388366 0.208046
4 0.389684 0.223537 0.438441 0.217728 0.439006 0.225688 0.389684 0.231497
4 0.532191 0.021945 0.575489 0.018503 0.575866 0.025602 0.532191 0.029045
4 0.532191 0.055938 0.58189 0.053356 0.582455 0.061317 0.532191 0.063038
4 0.546875 0.078959 0.596762 0.076807 0.597515 0.084768 0.547063 0.086489
4 0.541227 0.15426 0.592809 0.151678 0.593185 0.159423 0.54198 0.162005
4 0.543298 0.129733 0.594315 0.126506 0.594691 0.134251 0.544051 0.137478
4 0.535768 0.108219 0.585279 0.103916 0.586032 0.11037 0.536145 0.115318
4 0.54198 0.178356 0.594315 0.175559 0.594503 0.183735 0.542169 0.186102
4 0.546875 0.200516 0.599021 0.201162 0.599398 0.208907 0.547063 0.208262
4 0.684676 0.025387 0.732869 0.02216 0.733434 0.029045 0.685806 0.032272
4 0.686935 0.044966 0.735693 0.04346 0.736069 0.050775 0.687688 0.05185
4 0.692583 0.063468 0.741152 0.062177 0.741717 0.069492 0.693336 0.070353
4 0.698607 0.080465 0.747176 0.079174 0.747741 0.086489 0.699172 0.087349
4 0.700866 0.102625 0.751318 0.101119 0.751506 0.109509 0.701431 0.11037
4 0.703878 0.130164 0.755083 0.128442 0.755271 0.136618 0.704631 0.138985
4 0.708773 0.151463 0.759977 0.149742 0.759977 0.157917 0.709526 0.160284
4 0.711973 0.177711 0.763178 0.17599 0.763178 0.184165 0.712726 0.186532
4 0.71122 0.203528 0.762236 0.201592 0.762425 0.209768 0.711785 0.212134
4 0.868599 0.005379 0.869164 0.013124 0.898343 0.013124 0.897779 0.005809
4 0.874059 0.020224 0.874435 0.027969 0.909074 0.02926 0.908697 0.020439
4 0.875565 0.043675 0.87613 0.05142 0.910768 0.052496 0.910392 0.043675
4 0.013931 0.286575 0.045181 0.27883 0.045369 0.285499 0.013366 0.293029
5 0.038215 0.245052 0.062688 0.239458 0.0625 0.243546 0.037839 0.249355
5 0.041604 0.223537 0.066077 0.218589 0.0657 0.222676 0.041227 0.227625
5 0.05497 0.189759 0.077748 0.184165 0.077748 0.188898 0.05497 0.194492
5 0.048005 0.207831 0.072289 0.203098 0.072101 0.206971 0.047816 0.212349
5 0.060617 0.175344 0.084337 0.170181 0.084337 0.174268 0.060241 0.179432
5 0.071724 0.164157 0.095256 0.158993 0.095256 0.163081 0.07116 0.168244
5 0.079255 0.150172 0.102786 0.145009 0.102786 0.149096 0.07869 0.15426
5 0.084337 0.138339 0.108057 0.13253 0.108434 0.135757 0.084149 0.141997
5 0.082267 0.118115 0.105986 0.112091 0.105798 0.116394 0.08189 0.122849
5 0.086408 0.103916 0.10881 0.097676 0.109187 0.102194 0.08622 0.108434
5 0.089797 0.089286 0.112199 0.082831 0.112575 0.087349 0.089608 0.093804
4 0.083961 0.090146 0.112952 0.080895 0.112952 0.088425 0.083773 0.097461
4 0.081325 0.104561 0.109563 0.096386 0.10994 0.104131 0.081137 0.111661
4 0.075866 0.119191 0.106363 0.111015 0.106739 0.11833 0.075866 0.126291
4 0.079443 0.138985 0.108622 0.131454 0.108998 0.137263 0.079066 0.144578
4 0.073419 0.151033 0.103539 0.143933 0.103727 0.150172 0.07323 0.156626
4 0.066265 0.165232 0.096197 0.158133 0.096386 0.164372 0.066077 0.170826
4 0.054593 0.17599 0.084714 0.169105 0.084714 0.175129 0.054405 0.181799
4 0.047816 0.19105 0.078313 0.18352 0.078313 0.19062 0.047816 0.197289
4 0.041227 0.208692 0.072854 0.202022 0.072854 0.208477 0.041039 0.214931
4 0.034827 0.224398 0.066453 0.217728 0.066453 0.223967 0.034827 0.230422
4 0.032191 0.245482 0.063441 0.238382 0.063253 0.244836 0.032191 0.251506
