7 0.832267 0.224828 0.847515 0.224828 0.858434 0.224613 0.860128 0.229561 0.845068 0.232358 0.832831 0.231067
6 0.830949 0.221386 0.860128 0.223322 0.862011 0.234294 0.831137 0.233219
7 0.842432 0.263124 0.877824 0.268287 0.878953 0.275818 0.843374 0.272806
6 0.841679 0.261833 0.878765 0.266781 0.879895 0.276463 0.84262 0.273666
7 0.862575 0.317556 0.894202 0.319923 0.896461 0.320568 0.898532 0.329389 0.863893 0.325516
6 0.862387 0.316265 0.897214 0.319492 0.899285 0.330895 0.863705 0.327022 0.861258 0.316265
7 0.885919 0.369406 0.919428 0.371988 0.920934 0.380809 0.887989 0.379948
6 0.885542 0.368761 0.920181 0.371342 0.921687 0.38167 0.887236 0.380809
7 0.956325 0.382315 0.980045 0.379518 0.98381 0.387263 0.957831 0.390491
6 0.955572 0.381454 0.980422 0.378658 0.984752 0.387909 0.957267 0.391351
7 0.929405 0.324871 0.95802 0.324656 0.961032 0.331756 0.932417 0.333477
6 0.92884 0.324441 0.958584 0.324226 0.961785 0.332186 0.931664 0.333907
5 0.661521 0.260327 0.685429 0.263124 0.686182 0.266351 0.662274 0.264415
4 0.661333 0.258176 0.686182 0.260972 0.687312 0.267212 0.661145 0.26506
5 0.65192 0.209122 0.675452 0.211059 0.67564 0.213855 0.652485 0.211919
4 0.651167 0.208046 0.676393 0.210628 0.676205 0.215146 0.651732 0.21278
5 0.668486 0.326162 0.694277 0.328528 0.694465 0.332616 0.669428 0.33068
4 0.667922 0.325301 0.695595 0.327453 0.695218 0.333046 0.668675 0.331325
5 0.800452 0.353055 0.822854 0.355207 0.823983 0.359079 0.801205 0.357143
4 0.800264 0.351979 0.82323 0.353485 0.824548 0.360155 0.801205 0.358003 0.799699 0.352194
5 0.787462 0.291523 0.807605 0.294105 0.808547 0.297978 0.788404 0.295181
4 0.786709 0.291093 0.80817 0.293244 0.808923 0.298623 0.788215 0.295611
5 0.288215 0.306368 0.315136 0.30809 0.315136 0.312177 0.288404 0.310456
4 0.287651 0.304647 0.316077 0.306583 0.3157 0.313468 0.287462 0.311532
5 0.307794 0.24333 0.331514 0.244406 0.331325 0.247418 0.307041 0.246343
4 0.307229 0.24247 0.332078 0.243761 0.33189 0.248279 0.306288 0.246988
5 0.312312 0.201377 0.351468 0.204604 0.350715 0.211919 0.311935 0.208262 0.312124 0.202022
4 0.311935 0.200732 0.35241 0.203744 0.351468 0.21278 0.311182 0.209337
5 0.308923 0.462565 0.333773 0.464071 0.333773 0.468158 0.308358 0.466652
4 0.307417 0.461274 0.334714 0.46321 0.334526 0.469449 0.307417 0.467083
3 0.594315 0.55185 0.621423 0.55142 0.622364 0.557874 0.595256 0.557014
2 0.590926 0.543029 0.622176 0.542599 0.624247 0.558735 0.592244 0.557874
5 0.598833 0.571644 0.625753 0.572935 0.625753 0.577238 0.599209 0.576377
4 0.597139 0.570353 0.626506 0.571859 0.625941 0.579174 0.598268 0.578528
4 0.955761 0.578959 0.983622 0.58025 0.984187 0.585198 0.956514 0.584122 0.954631 0.577883
5 0.953313 0.576807 0.983998 0.578313 0.985881 0.586489 0.955949 0.586058
5 0.55497 0.718158 0.584526 0.719234 0.584902 0.724398 0.554405 0.723752
4 0.552899 0.716437 0.586408 0.717513 0.587349 0.725258 0.55384 0.725258
5 0.814947 0.714501 0.833584 0.713425 0.834149 0.717298 0.815512 0.718158
4 0.814571 0.713425 0.833773 0.711704 0.834902 0.717728 0.815324 0.719449
5 0.911898 0.715792 0.930158 0.714501 0.931099 0.718374 0.912839 0.720095
4 0.911145 0.715146 0.930911 0.71364 0.931664 0.718589 0.912462 0.72074
5 0.139495 0.397375 0.160768 0.398666 0.160015 0.402539 0.137989 0.401248
4 0.138931 0.395224 0.161709 0.39716 0.161145 0.40383 0.137236 0.402754
