1 0.000721 0.241026 0.000721 0.248718 0.038942 0.253205 0.041587 0.245192
0 0.0 0.223718 0.0 0.279808 0.051923 0.285577 0.077404 0.228846
1 0.352644 0.234295 0.351923 0.241346 0.395673 0.245192 0.396394 0.238141
1 0.344712 0.245513 0.344231 0.253526 0.394952 0.258013 0.395192 0.250321
0 0.34399 0.216346 0.336298 0.271154 0.402885 0.276923 0.41899 0.279167 0.423077 0.223397
1 0.718029 0.304167 0.71875 0.317308 0.76274 0.318269 0.760096 0.30609
0 0.68149 0.263462 0.683654 0.278205 0.687019 0.302885 0.689664 0.319231 0.768269 0.324038 0.763702 0.297115 0.755769 0.269231
3 0.017067 0.479808 0.016346 0.485577 0.04375 0.486538 0.044471 0.48141
3 0.143269 0.472756 0.142788 0.477885 0.170913 0.480769 0.171635 0.475641
2 0.144712 0.464744 0.141827 0.478846 0.171394 0.48141 0.174038 0.467949
3 0.191106 0.473718 0.190865 0.478526 0.218029 0.480128 0.21851 0.475321
2 0.191106 0.4625 0.189183 0.469231 0.188462 0.480128 0.225 0.482051 0.227404 0.464423
3 0.245673 0.469872 0.244712 0.475962 0.260577 0.476282 0.26226 0.470513
2 0.246154 0.460577 0.24351 0.476603 0.275721 0.477564 0.275962 0.461859
2 0.303606 0.464744 0.302885 0.480128 0.333654 0.480769 0.333894 0.464744
3 0.305288 0.475321 0.305048 0.479808 0.332692 0.480128 0.332692 0.475321
3 0.352644 0.466667 0.352404 0.472115 0.367788 0.472115 0.36851 0.467308
2 0.352885 0.459295 0.351923 0.472436 0.380288 0.473397 0.380529 0.459295
3 0.400721 0.470192 0.400721 0.475641 0.426683 0.475321 0.426683 0.470192
2 0.40024 0.4625 0.4 0.476923 0.427404 0.476282 0.427163 0.4625
2 0.01875 0.471154 0.014904 0.486218 0.044471 0.488141 0.046875 0.473397
3 0.049279 0.629487 0.048558 0.635897 0.067548 0.636538 0.06875 0.630128
2 0.050962 0.619231 0.047356 0.636859 0.08125 0.638141 0.083173 0.620513
3 0.113942 0.634615 0.113702 0.641026 0.133654 0.63718 0.133173 0.63141
2 0.113221 0.62532 0.113221 0.641987 0.140865 0.636218 0.139904 0.620192
3 0.160096 0.639103 0.159135 0.644872 0.190385 0.646154 0.191346 0.640064
2 0.161298 0.628846 0.158173 0.645192 0.191106 0.647436 0.193029 0.630449
3 0.265385 0.626923 0.264904 0.634295 0.283173 0.633333 0.283894 0.627244
2 0.265625 0.616026 0.263942 0.635256 0.295913 0.634936 0.297356 0.616987
3 0.316827 0.624038 0.316827 0.630449 0.334135 0.629167 0.334375 0.623077
2 0.317308 0.613462 0.316106 0.63109 0.347596 0.629808 0.348558 0.610897
3 0.370433 0.626923 0.369952 0.633654 0.38774 0.633333 0.388221 0.627564
2 0.370433 0.617628 0.369471 0.634615 0.40024 0.635256 0.401442 0.617949
7 0.420673 0.616667 0.420673 0.629808 0.451683 0.627244 0.463462 0.626282 0.463221 0.616026 0.453365 0.611538
6 0.419712 0.613782 0.420192 0.632051 0.464423 0.627564 0.463942 0.608654
3 0.475721 0.623397 0.475721 0.629808 0.492548 0.629808 0.492788 0.624038
2 0.47476 0.614103 0.475 0.63109 0.50625 0.63141 0.505769 0.613782
3 0.572115 0.614103 0.572596 0.619231 0.601442 0.61859 0.60024 0.612179
2 0.570913 0.603526 0.571875 0.620513 0.601923 0.619872 0.59976 0.602885
3 0.628606 0.61859 0.628606 0.625 0.640144 0.62468 0.646394 0.62468 0.646394 0.619231
2 0.627885 0.608654 0.628365 0.625641 0.658414 0.627564 0.656971 0.610577
3 0.690144 0.649359 0.689904 0.65609 0.713702 0.655128 0.71274 0.648718
2 0.679808 0.638782 0.682933 0.658333 0.70601 0.656731 0.714663 0.656731 0.712019 0.6375 0.689183 0.637821
3 0.775481 0.61859 0.776683 0.624359 0.804808 0.622436 0.803606 0.616346
2 0.771875 0.607692 0.774279 0.62468 0.80601 0.622756 0.802164 0.606731
3 0.825481 0.616987 0.826683 0.622756 0.842788 0.623077 0.842067 0.616987
2 0.821154 0.605449 0.82524 0.624359 0.855529 0.622756 0.850962 0.605449
3 0.025 0.72532 0.023077 0.733333 0.043269 0.733333 0.044712 0.726603
2 0.026923 0.713462 0.020433 0.734615 0.057933 0.735577 0.063462 0.714423
8 0.026683 0.745513 0.022115 0.771795 0.05625 0.767628 0.059856 0.742628
3 0.088462 0.726282 0.087019 0.733654 0.106971 0.733974 0.108173 0.727564
2 0.090144 0.714103 0.086298 0.734615 0.121394 0.736218 0.125481 0.714744
3 0.145433 0.724359 0.144712 0.731731 0.164183 0.732051 0.165144 0.725641
2 0.147115 0.713462 0.142308 0.732692 0.178606 0.733654 0.181731 0.713462
3 0.199279 0.723397 0.198798 0.73141 0.21875 0.73141 0.21899 0.724038
2 0.200481 0.71218 0.198077 0.732051 0.232212 0.732051 0.233413 0.713141
3 0.256971 0.721154 0.25649 0.728526 0.275962 0.727564 0.276442 0.721474
2 0.25649 0.708013 0.254087 0.729167 0.290385 0.727244 0.291587 0.70641 0.256971 0.708333
3 0.313462 0.723397 0.312981 0.730769 0.332452 0.73109 0.332933 0.724038
2 0.313702 0.711538 0.312019 0.73141 0.346394 0.732051 0.346875 0.71218
3 0.367067 0.720513 0.367308 0.727564 0.385337 0.725962 0.386298 0.719551
2 0.366827 0.708974 0.366346 0.727885 0.399279 0.726603 0.399279 0.707051
8 0.367548 0.745192 0.365625 0.771474 0.397115 0.771474 0.398077 0.744872
3 0.420673 0.713782 0.420192 0.721474 0.439423 0.721154 0.439663 0.714423
2 0.419471 0.700962 0.418269 0.722436 0.453846 0.722115 0.453846 0.701603
3 0.477163 0.718269 0.477404 0.726282 0.495673 0.72468 0.495673 0.717308
2 0.476202 0.708013 0.476683 0.726923 0.508654 0.725962 0.506971 0.70609
3 0.588221 0.709295 0.588221 0.715705 0.618029 0.715705 0.618029 0.709936
2 0.586779 0.696795 0.5875 0.717628 0.61851 0.716987 0.618269 0.696474
3 0.639904 0.711218 0.639904 0.718269 0.658414 0.718269 0.657933 0.711538
2 0.638221 0.69968 0.639183 0.719231 0.671635 0.71891 0.669231 0.7
8 0.69351 0.726282 0.696635 0.750962 0.726683 0.748718 0.722596 0.72468
3 0.747836 0.710256 0.748317 0.71859 0.766106 0.716667 0.765865 0.709936
2 0.743269 0.697756 0.746154 0.719231 0.780769 0.717628 0.775721 0.696795
3 0.798317 0.710577 0.79976 0.716987 0.828846 0.716987 0.827644 0.709936
2 0.795433 0.698397 0.799038 0.717949 0.830288 0.717628 0.826683 0.697756
3 0.853365 0.70641 0.854567 0.713141 0.882933 0.71282 0.88101 0.70609
2 0.85 0.694872 0.853365 0.713782 0.884135 0.713782 0.879087 0.694872
3 0.61851 0.471795 0.61875 0.477244 0.634135 0.476923 0.634135 0.472436
2 0.616346 0.463462 0.618269 0.478205 0.645433 0.478846 0.64399 0.464103
3 0.666586 0.469872 0.666586 0.474038 0.692548 0.475641 0.692548 0.470833
2 0.663462 0.461538 0.664904 0.475641 0.69351 0.476603 0.69399 0.474038 0.692308 0.461218
3 0.715144 0.469551 0.715865 0.474359 0.741587 0.47468 0.740625 0.469872
2 0.71274 0.460897 0.715385 0.475321 0.742548 0.475641 0.739904 0.460256
3 0.75625 0.466346 0.756971 0.471474 0.772356 0.471795 0.771875 0.466667
2 0.754087 0.458013 0.75649 0.472756 0.782692 0.473077 0.780288 0.458013
3 0.803125 0.466346 0.804567 0.471474 0.828846 0.469231 0.827644 0.463782
2 0.799038 0.458013 0.803365 0.473077 0.830288 0.469872 0.825962 0.453526
3 0.571875 0.471154 0.570913 0.476603 0.589904 0.479487 0.590625 0.47468
2 0.570673 0.460577 0.56875 0.477564 0.597837 0.481731 0.59976 0.466667
3 0.623558 0.4375 0.626202 0.459936 0.63125 0.459295 0.628365 0.437179
2 0.616106 0.433974 0.61899 0.461538 0.633654 0.460577 0.630048 0.434615
