3 0.256212 0.274096 0.255836 0.277539 0.263366 0.277539 0.269767 0.277324 0.281815 0.276893 0.281438 0.273021 0.270896 0.273666 0.264496 0.273451 0.259413 0.273666
2 0.254706 0.262694 0.249059 0.280551 0.263366 0.280551 0.281815 0.27969 0.286333 0.262478 0.277297 0.262263 0.265813 0.262263 0.259224 0.262694
3 0.201619 0.233003 0.200113 0.237952 0.208208 0.237522 0.217056 0.236661 0.223268 0.236446 0.22308 0.232143 0.212726 0.233003 0.207831 0.232788
2 0.202748 0.226764 0.198419 0.238812 0.202937 0.239673 0.209526 0.238812 0.225904 0.238167 0.227221 0.226334 0.214797 0.225904 0.207267 0.226549
3 0.090926 0.285069 0.090361 0.288511 0.115211 0.28636 0.115587 0.282272 0.10561 0.282917 0.097327 0.284423
2 0.093373 0.277324 0.08942 0.288726 0.10128 0.288726 0.116152 0.287005 0.116152 0.283993 0.116529 0.281842 0.118599 0.27969 0.119164 0.274957 0.110693 0.275602 0.103351 0.276248 0.097515 0.276893
7 0.574172 0.420611 0.576242 0.437823 0.601657 0.431583 0.613705 0.433305 0.629518 0.436102 0.638554 0.435456 0.64759 0.43352 0.668675 0.436317 0.673946 0.421041 0.646273 0.41846 0.635166 0.420611 0.625188 0.419105 0.610881 0.419105 0.597139 0.419966
6 0.571536 0.415448 0.572477 0.440404 0.599774 0.442986 0.650979 0.440835 0.673381 0.44148 0.674322 0.414802 0.623494 0.413081 0.589985 0.414587
3 0.243599 0.399096 0.240776 0.404045 0.250753 0.407487 0.267696 0.412651 0.270331 0.407272 0.26073 0.403614 0.251506 0.401033
2 0.245294 0.39006 0.237387 0.405551 0.266378 0.415017 0.275414 0.398666 0.26073 0.394793 0.251318 0.391351 0.245105 0.389415
3 0.309676 0.394793 0.309488 0.400172 0.322854 0.400172 0.34055 0.399527 0.341303 0.392857 0.326619 0.394148 0.317206 0.394793
2 0.308358 0.385542 0.305535 0.401678 0.324548 0.401463 0.341491 0.400818 0.343185 0.384897 0.329066 0.384897 0.317018 0.385112
3 0.380836 0.398666 0.380459 0.404045 0.388366 0.404475 0.394767 0.404905 0.411898 0.407057 0.412651 0.401463 0.40192 0.400602 0.387989 0.399312
2 0.379518 0.390491 0.377071 0.405981 0.388366 0.406842 0.40192 0.407917 0.412651 0.408563 0.415286 0.392212 0.405685 0.391781 0.391378 0.390491 0.378953 0.390275 0.379895 0.390706
3 0.436747 0.400172 0.436935 0.406626 0.445783 0.40512 0.45689 0.40383 0.468562 0.401678 0.468185 0.396084 0.458773 0.396945 0.448983 0.399527 0.440889 0.400172 0.435806 0.400602
2 0.433547 0.391136 0.434111 0.408778 0.452184 0.405766 0.46988 0.403399 0.468374 0.386833 0.454819 0.387048 0.444465 0.3892
7 0.505836 0.426635 0.506024 0.434165 0.510542 0.43438 0.516378 0.434165 0.525602 0.43352 0.54744 0.432444 0.546875 0.425344 0.529556 0.42599 0.516378 0.42642 0.506777 0.426635
7 0.505083 0.436747 0.505459 0.442986 0.51619 0.442556 0.532003 0.442556 0.551393 0.442771 0.551017 0.435241 0.539157 0.435241 0.527673 0.436102 0.515813 0.436317 0.509413 0.436317
7 0.50433 0.444707 0.504895 0.451377 0.515813 0.450732 0.524096 0.450947 0.536145 0.451162 0.54631 0.451807 0.550452 0.452238 0.550264 0.444277 0.541227 0.443632 0.527861 0.443201 0.52052 0.443632 0.515625 0.443417 0.509601 0.444062
7 0.503765 0.452883 0.504706 0.459768 0.513554 0.459983 0.521084 0.460198 0.530309 0.461059 0.551017 0.462349 0.550075 0.454389 0.540098 0.453528 0.53445 0.452453 0.525226 0.452668 0.518825 0.453098 0.514119 0.453744 0.509036 0.453098
6 0.503389 0.421687 0.502259 0.462349 0.554405 0.463855 0.552523 0.422978
3 0.709337 0.413081 0.710843 0.41975 0.730422 0.419105 0.729292 0.412435
2 0.70369 0.403184 0.708773 0.420611 0.743411 0.419105 0.738705 0.402108 0.70369 0.401248
3 0.779367 0.364458 0.784827 0.392212 0.792357 0.392642 0.787651 0.376291 0.785015 0.363812
2 0.777673 0.360585 0.779932 0.375 0.783886 0.393072 0.800828 0.393072 0.795181 0.368761 0.793675 0.360155 0.777861 0.359294
3 0.853539 0.409639 0.85561 0.414802 0.866717 0.413511 0.876694 0.412866 0.880648 0.412651 0.879142 0.407272 0.870105 0.407702 0.861822 0.408563
2 0.846762 0.400387 0.85448 0.416738 0.882718 0.414157 0.878577 0.40383 0.874624 0.39716 0.861446 0.398881
3 0.200489 0.777539 0.199548 0.787436 0.239081 0.790878 0.240587 0.779475
2 0.19936 0.760972 0.194089 0.787866 0.241717 0.792599 0.243223 0.762694
3 0.361634 0.788726 0.360504 0.800344 0.403803 0.799914 0.404556 0.789587
2 0.356928 0.773451 0.356175 0.802926 0.404556 0.804002 0.40512 0.773236
3 0.474398 0.731497 0.473645 0.740318 0.517884 0.7429 0.518072 0.732573
2 0.469315 0.713425 0.468374 0.743761 0.518449 0.746343 0.517508 0.717943
