5 0.309615 0.36891 0.308654 0.374038 0.331731 0.376923 0.33149 0.372756
4 0.308894 0.367628 0.307933 0.374679 0.331971 0.377885 0.332692 0.370833
5 0.64976 0.338462 0.650962 0.346795 0.7 0.349038 0.699279 0.340385
4 0.629808 0.337179 0.630769 0.347756 0.700962 0.350641 0.700481 0.338141
3 0.104808 0.83141 0.103846 0.838462 0.119231 0.839103 0.120192 0.833013
2 0.103125 0.820513 0.09976 0.840064 0.128606 0.841667 0.131971 0.822756 0.109375 0.821795
3 0.236298 0.829487 0.235337 0.835577 0.250481 0.836538 0.252163 0.830128
2 0.236058 0.817949 0.233413 0.836218 0.259375 0.83782 0.261779 0.834615 0.264183 0.819231
3 0.297596 0.823077 0.297115 0.829167 0.31226 0.829808 0.31274 0.823397
2 0.296635 0.81218 0.294712 0.83141 0.321394 0.831731 0.323558 0.830128 0.324519 0.813462
3 0.50024 0.833333 0.500481 0.839744 0.515625 0.83782 0.515385 0.83141
2 0.497356 0.823077 0.499279 0.841667 0.526202 0.838462 0.523798 0.819551
3 0.549279 0.804808 0.549279 0.811218 0.572836 0.808013 0.572596 0.802244
2 0.546635 0.795833 0.546875 0.8125 0.573798 0.809295 0.573077 0.791987
3 0.553846 0.861859 0.553606 0.86859 0.578365 0.870192 0.578125 0.864103
2 0.550962 0.850641 0.551442 0.86891 0.579327 0.871154 0.578125 0.852885
3 0.738942 0.895192 0.739904 0.901603 0.76274 0.904167 0.762019 0.897436
2 0.735337 0.883654 0.7375 0.902885 0.76274 0.905449 0.763462 0.904167 0.761298 0.886218
3 0.770433 0.808654 0.770433 0.814103 0.782692 0.814103 0.782692 0.808974 0.770914 0.808974
2 0.767067 0.799038 0.769231 0.815064 0.791827 0.814744 0.787981 0.798718
3 0.839423 0.852244 0.840144 0.858974 0.855048 0.860256 0.854567 0.853846
2 0.836538 0.841667 0.838942 0.859936 0.867308 0.86282 0.864423 0.844231
