1 0.642319 0.284854 0.705949 0.282272 0.707267 0.291523 0.642884 0.29432
0 0.628389 0.251936 0.70256 0.251936 0.716491 0.296041 0.637801 0.297332
1 0.328125 0.233864 0.381965 0.224182 0.381401 0.232573 0.32869 0.24204
0 0.329631 0.205034 0.322666 0.248494 0.386295 0.2358 0.389684 0.195568
1 0.096762 0.259897 0.143637 0.259897 0.141943 0.268503 0.095256 0.266997
0 0.110505 0.235585 0.138742 0.233649 0.161709 0.234294 0.150791 0.253227 0.143637 0.271945 0.089608 0.269363 0.099209 0.253012
3 0.280874 0.443417 0.302523 0.444277 0.301205 0.44858 0.280309 0.44815
2 0.280874 0.436962 0.304029 0.437177 0.30177 0.449656 0.277673 0.44858
3 0.704254 0.451592 0.704819 0.456325 0.726657 0.456756 0.730798 0.455034 0.730422 0.450732 0.717056 0.452238 0.707267 0.451592
2 0.700489 0.441695 0.702372 0.45654 0.729669 0.456971 0.732681 0.453098 0.731928 0.442341 0.724586 0.442556 0.713855 0.442341
3 0.788215 0.454174 0.815512 0.451377 0.81683 0.457186 0.799322 0.458692 0.788968 0.458262
2 0.782568 0.445353 0.806476 0.444062 0.814194 0.44191 0.816453 0.445998 0.818712 0.45568 0.817206 0.457616 0.786333 0.459122
3 0.868035 0.695998 0.899661 0.697074 0.900602 0.703528 0.869541 0.702668
2 0.862764 0.683735 0.900414 0.684811 0.902297 0.704389 0.866152 0.702883
3 0.757718 0.715146 0.784639 0.708692 0.786709 0.715792 0.759224 0.722031
2 0.752071 0.70525 0.783133 0.69901 0.788592 0.718374 0.756589 0.726334
3 0.502447 0.641566 0.531438 0.643933 0.531626 0.649957 0.501506 0.647806
2 0.500565 0.629303 0.533697 0.6321 0.533133 0.651463 0.499247 0.648451
3 0.496047 0.59574 0.511672 0.59531 0.511672 0.601334 0.496423 0.601334
2 0.49567 0.585198 0.52259 0.585198 0.523343 0.601979 0.493976 0.602194
3 0.557605 0.599182 0.5625 0.599613 0.564194 0.618115 0.559488 0.617685
4 0.548758 0.588425 0.562876 0.586919 0.565324 0.619621 0.551017 0.621127
3 0.625753 0.657272 0.655497 0.65383 0.656062 0.660284 0.626883 0.663511
2 0.620294 0.645869 0.652108 0.641566 0.653991 0.642212 0.657003 0.66179 0.623682 0.666093
7 0.715173 0.628012 0.724209 0.629948 0.722703 0.671041 0.714608 0.66975
6 0.714232 0.626506 0.724962 0.628012 0.72308 0.673193 0.713291 0.671472
7 0.726845 0.632745 0.735504 0.634251 0.734187 0.672762 0.725715 0.671687
6 0.725904 0.63167 0.736258 0.633176 0.736069 0.674914 0.724962 0.672332
3 0.289345 0.688468 0.314947 0.691265 0.314006 0.69815 0.287651 0.694492
2 0.290474 0.677926 0.317395 0.681583 0.314759 0.699656 0.285392 0.695138
3 0.233057 0.649527 0.258283 0.651248 0.256212 0.657057 0.232492 0.65512
2 0.23381 0.639415 0.261295 0.640921 0.258283 0.657057 0.256024 0.658993 0.230798 0.656626
3 0.142696 0.654045 0.16378 0.657917 0.161145 0.663296 0.141755 0.658993
2 0.143825 0.643933 0.167545 0.648666 0.163027 0.663081 0.160203 0.664802 0.137989 0.660499
5 0.175452 0.640706 0.209714 0.643072 0.208961 0.651248 0.173758 0.64759
4 0.173946 0.64006 0.210655 0.642212 0.209526 0.652324 0.173381 0.649096
5 0.09695 0.634466 0.127071 0.637263 0.127071 0.644148 0.095068 0.640491
4 0.095633 0.633391 0.128953 0.635542 0.128577 0.645439 0.093562 0.641566
3 0.365023 0.909854 0.39119 0.907487 0.391754 0.912436 0.366905 0.915017
2 0.362952 0.897806 0.39119 0.894793 0.392319 0.913942 0.365964 0.916093 0.362011 0.906196
