3 0.330008 0.749139 0.328878 0.758176 0.366152 0.7642 0.367282 0.755379
2 0.328502 0.732358 0.323795 0.759682 0.36747 0.766351 0.37067 0.738167
2 0.455761 0.734079 0.451807 0.760757 0.496047 0.77173 0.5 0.743761
3 0.457078 0.751721 0.456137 0.759682 0.494541 0.770009 0.495858 0.760757
3 0.560617 0.758391 0.561559 0.767212 0.601657 0.766997 0.601657 0.758391
2 0.555723 0.740534 0.556288 0.769148 0.603539 0.769363 0.601092 0.740103
3 0.720633 0.752582 0.721574 0.761618 0.761672 0.764845 0.761295 0.755379
2 0.714985 0.734079 0.716491 0.763339 0.762801 0.766351 0.763366 0.763554 0.76073 0.737522
3 0.82436 0.758821 0.826054 0.767857 0.865964 0.766781 0.863893 0.7571
2 0.81683 0.740318 0.822101 0.770009 0.867846 0.768072 0.862764 0.74333 0.85994 0.739028
3 0.895331 0.770439 0.897402 0.77926 0.935806 0.776893 0.934111 0.767857
2 0.887425 0.752797 0.894014 0.780981 0.937688 0.778399 0.932982 0.753227 0.92884 0.749355 0.888931 0.752367
3 0.46988 0.63963 0.469503 0.646945 0.506024 0.649312 0.506212 0.641997
2 0.467244 0.624139 0.465173 0.648021 0.50753 0.651033 0.508848 0.630379 0.506212 0.626291
3 0.240964 0.738597 0.240023 0.746343 0.273908 0.74957 0.274849 0.741394
2 0.239081 0.722246 0.23494 0.748064 0.274849 0.751721 0.277861 0.724613
3 0.141002 0.733434 0.139307 0.741394 0.17131 0.746773 0.172628 0.738382
2 0.142508 0.717513 0.13573 0.741609 0.140437 0.743546 0.169428 0.748709 0.171687 0.748064 0.172816 0.746127 0.177899 0.723752 0.176958 0.722461 0.145331 0.717728
3 0.056852 0.708477 0.05497 0.715146 0.081702 0.720095 0.083396 0.712349
2 0.058735 0.693632 0.051205 0.716007 0.081702 0.721601 0.08509 0.710198 0.087914 0.697719 0.063818 0.693847
3 0.175452 0.621343 0.173946 0.628012 0.203878 0.631454 0.205384 0.624355
2 0.175828 0.607143 0.170557 0.629088 0.205008 0.633176 0.21009 0.611876 0.208961 0.61037 0.177334 0.606928
3 0.07756 0.439974 0.076242 0.444923 0.099209 0.442556 0.101092 0.437823
2 0.07869 0.430938 0.072666 0.446213 0.099774 0.444062 0.102786 0.435671 0.102221 0.428571
3 0.15305 0.452453 0.15305 0.45654 0.179593 0.453313 0.181099 0.44815
2 0.151732 0.44191 0.149661 0.457401 0.181852 0.453959 0.185053 0.439329 0.18317 0.438038
3 0.202937 0.445998 0.201431 0.450732 0.211408 0.452238 0.226845 0.452238 0.227974 0.447935 0.215173 0.447074 0.208961 0.446429
2 0.203502 0.435886 0.197854 0.452022 0.20802 0.452883 0.213102 0.454389 0.217056 0.453959 0.225904 0.453959 0.227598 0.453528 0.232304 0.440404 0.232492 0.437823 0.221197 0.437392 0.220068 0.44062 0.213479 0.44105 0.213855 0.436747
2 0.287274 0.453959 0.285392 0.460628 0.28445 0.471601 0.300075 0.46988 0.302523 0.46988 0.30497 0.470095 0.317206 0.468158 0.318901 0.45654 0.318148 0.451807 0.30064 0.452668
3 0.288027 0.464931 0.288027 0.470095 0.300075 0.468589 0.305535 0.468589 0.316265 0.467728 0.316453 0.462349 0.304217 0.462995 0.298381 0.463425
3 0.413968 0.470955 0.413215 0.476334 0.443524 0.481067 0.444654 0.475904
2 0.412274 0.459768 0.408886 0.476764 0.443524 0.482573 0.44503 0.480637 0.447666 0.464286 0.41491 0.459552
3 0.551581 0.470955 0.55177 0.476764 0.582267 0.478701 0.583584 0.477625 0.584149 0.473107 0.568901 0.472031
2 0.548758 0.459768 0.548193 0.47741 0.581702 0.479776 0.583961 0.478701 0.585467 0.474398 0.58509 0.461059 0.549511 0.459337
3 0.321913 0.366609 0.320971 0.370697 0.347515 0.371558 0.348268 0.36704
2 0.321724 0.357573 0.317771 0.371988 0.349209 0.372633 0.351468 0.358219
3 0.722515 0.45525 0.724021 0.459983 0.752447 0.458907 0.750753 0.453959 0.724021 0.454604
2 0.715738 0.445138 0.721009 0.460628 0.724962 0.461274 0.750753 0.461059 0.753389 0.460198 0.753389 0.457401 0.749435 0.442341 0.74567 0.442126 0.717997 0.444277
3 0.823419 0.46364 0.824548 0.468589 0.853916 0.46988 0.853163 0.464501
2 0.817018 0.452453 0.821536 0.469664 0.855422 0.47117 0.851468 0.453528
3 0.900038 0.478701 0.901355 0.484725 0.908509 0.48494 0.91491 0.486016 0.920746 0.487306 0.920181 0.481067 0.909262 0.478916
2 0.896084 0.468158 0.899849 0.485585 0.906626 0.486231 0.911709 0.486446 0.917733 0.487952 0.930911 0.489888 0.934676 0.484725 0.932794 0.471816 0.92884 0.470955 0.925828 0.471816 0.906438 0.468158 0.903238 0.467298 0.897026 0.467728
3 0.79744 0.370052 0.799511 0.374355 0.826431 0.372633 0.82436 0.3679
2 0.792169 0.361231 0.797628 0.37543 0.827937 0.373494 0.823795 0.361446 0.820783 0.358649 0.793863 0.36037
3 0.360881 0.248279 0.35994 0.251936 0.38366 0.251076 0.384224 0.248064
2 0.360504 0.24204 0.358622 0.252367 0.38253 0.252367 0.384977 0.250861 0.386483 0.242685 0.379706 0.241394 0.374624 0.241824 0.368223 0.241609 0.364081 0.241609
2 0.178652 0.273236 0.174322 0.284208 0.200301 0.280766 0.201995 0.268933
3 0.17997 0.27883 0.178652 0.282272 0.197101 0.28012 0.197666 0.276033
2 0.250753 0.248924 0.246423 0.258821 0.268637 0.25753 0.273155 0.249785 0.270331 0.246988
3 0.250565 0.254733 0.249247 0.25753 0.266754 0.256885 0.267508 0.253657
2 0.749247 0.239673 0.750753 0.25 0.757907 0.250861 0.758848 0.253012 0.780874 0.24957 0.776544 0.241824 0.77372 0.237952 0.768261 0.240534 0.759413 0.240964 0.754518 0.239243
3 0.751694 0.246773 0.752447 0.249355 0.756589 0.249355 0.75866 0.251076 0.761107 0.251721 0.775979 0.249785 0.778614 0.249355 0.779932 0.248924 0.778614 0.246127 0.765437 0.247849 0.755083 0.247203
2 0.694089 0.240318 0.696724 0.251076 0.725151 0.250861 0.722703 0.238812
3 0.696536 0.247418 0.697289 0.25 0.724209 0.25 0.723268 0.246773
2 0.577372 0.225688 0.579066 0.236661 0.607681 0.234509 0.606928 0.223537
3 0.58189 0.232573 0.582455 0.235585 0.606928 0.233864 0.606551 0.230637
2 0.533133 0.230637 0.535768 0.241394 0.563065 0.237091 0.560241 0.226979
3 0.536709 0.236231 0.537651 0.239028 0.562124 0.2358 0.560994 0.232358
2 0.66378 0.184811 0.66698 0.195138 0.690889 0.193632 0.68637 0.183305
3 0.667733 0.19105 0.669239 0.194062 0.690136 0.193201 0.68863 0.190189
2 0.703878 0.137909 0.705949 0.147375 0.726845 0.143287 0.723833 0.135327
3 0.707078 0.142857 0.708396 0.145439 0.724586 0.142427 0.723268 0.140275
2 0.64759 0.134897 0.648908 0.143933 0.672628 0.141781 0.672063 0.135757 0.666416 0.134466
3 0.650791 0.139845 0.650791 0.142212 0.670369 0.140706 0.670369 0.138769
2 0.522026 0.165448 0.521837 0.174699 0.547628 0.174484 0.546687 0.164802
3 0.524473 0.170826 0.524473 0.173623 0.546687 0.172978 0.546687 0.16975
2 0.570407 0.163511 0.571536 0.173623 0.596762 0.171472 0.595821 0.161575
3 0.57323 0.168029 0.57323 0.171041 0.595256 0.168675 0.595256 0.166093
2 0.280685 0.195783 0.278426 0.204174 0.301581 0.202453 0.301958 0.192986 0.28125 0.195138
3 0.282003 0.200732 0.281626 0.203098 0.29744 0.202022 0.297252 0.199441
2 0.211785 0.206325 0.207643 0.217298 0.228351 0.215361 0.23061 0.20525
3 0.212161 0.21278 0.211596 0.215361 0.224021 0.214501 0.224398 0.212134
2 0.234375 0.15469 0.230233 0.163081 0.24887 0.165232 0.253577 0.15512
3 0.234752 0.159854 0.233998 0.16179 0.246988 0.162866 0.247364 0.160284
2 0.389496 0.131239 0.387613 0.14006 0.410768 0.1392 0.412086 0.128657
3 0.392508 0.136188 0.392508 0.138554 0.409639 0.137909 0.409074 0.135112
2 0.394767 0.093373 0.393449 0.101764 0.414157 0.101764 0.415286 0.093158
3 0.396273 0.097892 0.395331 0.100258 0.41058 0.100258 0.41058 0.097461
2 0.373306 0.178787 0.371235 0.19062 0.397026 0.189114 0.399285 0.178141
3 0.375753 0.185671 0.375376 0.188683 0.396461 0.187608 0.396461 0.184596
2 0.722703 0.173408 0.725151 0.18395 0.748494 0.182014 0.746988 0.174053
3 0.727598 0.179002 0.727786 0.181368 0.745294 0.180938 0.744917 0.178571
3 0.544992 0.08864 0.545181 0.090361 0.562688 0.091007 0.562688 0.088855
2 0.543486 0.085198 0.543675 0.091437 0.564194 0.091652 0.56363 0.085413
3 0.527108 0.121558 0.527673 0.123709 0.543486 0.121127 0.542733 0.118976
2 0.523908 0.118115 0.525414 0.12543 0.544992 0.121988 0.541792 0.114243
3 0.571348 0.11704 0.571724 0.118976 0.588667 0.1179 0.588291 0.115964
2 0.567206 0.112522 0.569842 0.121127 0.591491 0.119621 0.588855 0.1108
3 0.298381 0.143718 0.298381 0.145654 0.314194 0.143503 0.314194 0.141566
2 0.296875 0.139845 0.296498 0.147806 0.318336 0.144363 0.317395 0.137048
