1 0.385919 0.158778 0.469503 0.156411 0.467056 0.169105 0.387048 0.171041
0 0.382718 0.11833 0.477598 0.120267 0.477598 0.174268 0.376318 0.177711
1 0.785392 0.184165 0.859375 0.188038 0.862764 0.199656 0.788968 0.195353
0 0.765625 0.144793 0.843938 0.149096 0.871611 0.20611 0.786521 0.201377
3 0.124247 0.399096 0.142884 0.396945 0.142508 0.404045 0.123306 0.40469
2 0.124623 0.388554 0.151355 0.386188 0.156626 0.388984 0.153614 0.404045 0.122176 0.407272
3 0.234752 0.399527 0.251694 0.399096 0.251883 0.405551 0.233434 0.40512
2 0.234375 0.388339 0.265437 0.388339 0.26619 0.392642 0.263178 0.406842 0.231175 0.405551
3 0.444842 0.371988 0.462914 0.371342 0.46442 0.378442 0.444842 0.378442
2 0.442018 0.361876 0.475715 0.362091 0.475904 0.379733 0.442771 0.379518
3 0.542733 0.389415 0.562312 0.389845 0.562876 0.396299 0.542169 0.395869
2 0.538968 0.379518 0.572101 0.380594 0.57436 0.397375 0.539721 0.396515
3 0.065889 0.599828 0.086973 0.599828 0.08622 0.608649 0.064194 0.608649
2 0.067018 0.586058 0.101657 0.586274 0.102221 0.593158 0.09808 0.61037 0.060806 0.609725
3 0.363705 0.617685 0.388742 0.616609 0.388554 0.625861 0.363328 0.627582
2 0.360504 0.6037 0.402108 0.602625 0.402108 0.627367 0.360881 0.628227
3 0.43637 0.636833 0.459714 0.641781 0.458584 0.651463 0.434111 0.646084
2 0.435053 0.623279 0.475527 0.631239 0.470633 0.655336 0.430911 0.646515
3 0.572854 0.59531 0.594315 0.595955 0.595068 0.605637 0.572666 0.604131
2 0.568524 0.581325 0.607681 0.583477 0.609375 0.606497 0.569089 0.606282
3 0.771649 0.609725 0.796122 0.609079 0.796875 0.619406 0.773343 0.619621
2 0.768449 0.597676 0.804593 0.597892 0.80817 0.620697 0.772214 0.620482
3 0.353727 0.356282 0.371988 0.357788 0.371047 0.364028 0.35241 0.362737
2 0.352786 0.347892 0.384977 0.350473 0.382718 0.366179 0.349209 0.362952
3 0.964044 0.554217 0.98814 0.552711 0.990211 0.55895 0.966303 0.560671 0.963291 0.554217
2 0.956325 0.541308 0.985881 0.540232 0.990776 0.560456 0.963102 0.561102
