1 0.075721 0.178526 0.117548 0.182692 0.115865 0.188462 0.073798 0.183974
1 0.071394 0.186218 0.114423 0.189744 0.113462 0.195513 0.069952 0.191987
0 0.073317 0.173077 0.061058 0.194231 0.057692 0.201603 0.112019 0.20609 0.13101 0.208013 0.145192 0.173077 0.092308 0.169231 0.084135 0.167949 0.08125 0.16859 0.075481 0.172436
1 0.661058 0.266667 0.712981 0.272436 0.714183 0.277885 0.6625 0.272436
0 0.653125 0.24391 0.659375 0.274038 0.719471 0.279487 0.715144 0.269231 0.710096 0.25
5 0.604327 0.141026 0.629567 0.144231 0.630529 0.148077 0.604567 0.144231
4 0.597837 0.133333 0.60024 0.145192 0.63149 0.149038 0.630288 0.143269 0.611779 0.141026 0.610577 0.134615
5 0.604567 0.179808 0.630288 0.183654 0.630769 0.187179 0.605048 0.183333
4 0.6 0.171795 0.602644 0.184295 0.631971 0.188462 0.630769 0.183013 0.614423 0.180449 0.612981 0.173718
5 0.658414 0.190064 0.684615 0.192628 0.685096 0.196474 0.659375 0.19391
4 0.655048 0.182372 0.658173 0.196154 0.686058 0.197436 0.685336 0.191667 0.669471 0.189423 0.668029 0.183013 0.655288 0.181731
5 0.622115 0.221474 0.649519 0.223718 0.65024 0.227564 0.622596 0.225321
4 0.613702 0.212179 0.617067 0.225641 0.650962 0.228205 0.650481 0.222756 0.630529 0.220513 0.628365 0.213141
1 0.919712 0.275962 0.972356 0.280769 0.976442 0.288462 0.922356 0.283013
0 0.905048 0.252244 0.922115 0.28718 0.980288 0.291667 0.960096 0.257692
9 0.03149 0.461538 0.006731 0.517308 0.040385 0.519872 0.060577 0.4625
9 0.127404 0.470833 0.113702 0.521154 0.146875 0.52468 0.157452 0.472756
9 0.280288 0.480769 0.275962 0.534295 0.305529 0.535577 0.307692 0.480449
9 0.390865 0.467949 0.391587 0.520833 0.421154 0.520833 0.417548 0.465705 0.391106 0.466026
9 0.430529 0.458333 0.434135 0.511859 0.462981 0.511218 0.456971 0.456731 0.430769 0.457372
9 0.511538 0.488141 0.517067 0.536218 0.540865 0.532692 0.545433 0.527885 0.538702 0.486859
8 0.039663 0.767949 0.037019 0.79391 0.072115 0.78782 0.07476 0.764103
8 0.091346 0.813782 0.081731 0.840385 0.117308 0.844872 0.124038 0.819551
8 0.180288 0.829167 0.175 0.855449 0.208413 0.854487 0.21226 0.827564
8 0.239423 0.82468 0.236779 0.851923 0.271394 0.849359 0.272115 0.823397
8 0.334135 0.797756 0.332933 0.824038 0.367067 0.820513 0.366827 0.794551
8 0.395433 0.75609 0.396635 0.779487 0.429087 0.772756 0.427163 0.75032
8 0.448077 0.79359 0.448798 0.820513 0.480769 0.818269 0.479808 0.791987
8 0.507692 0.841346 0.511058 0.868269 0.542067 0.863782 0.538702 0.838141
8 0.569471 0.887821 0.573317 0.915064 0.605288 0.909615 0.600721 0.882051 0.569471 0.886538
8 0.768029 0.880128 0.797837 0.885256 0.802644 0.911218 0.791586 0.910256 0.771394 0.907372
8 0.824038 0.852564 0.853365 0.851282 0.858173 0.875641 0.828365 0.877564
8 0.861058 0.81859 0.867067 0.844872 0.896875 0.84359 0.890625 0.81891
8 0.919952 0.796795 0.92476 0.821795 0.953125 0.825962 0.949279 0.803205
9 0.333894 0.631731 0.332452 0.655128 0.373558 0.655449 0.373317 0.632372
9 0.65 0.497756 0.653606 0.550641 0.684135 0.553526 0.675962 0.500641
9 0.691346 0.496474 0.698077 0.548718 0.728125 0.550962 0.71851 0.498718
9 0.7375 0.495833 0.748798 0.548718 0.774279 0.55 0.762019 0.496474
9 0.816106 0.479808 0.83125 0.533333 0.857933 0.532372 0.841106 0.480769
9 0.879808 0.514423 0.900962 0.561538 0.926442 0.559295 0.903125 0.512821
9 0.736058 0.366346 0.744952 0.407692 0.766346 0.408333 0.757212 0.366667
9 0.452644 0.335897 0.455769 0.378526 0.481731 0.379808 0.476683 0.337179
9 0.517548 0.36218 0.522356 0.403526 0.546635 0.403846 0.539423 0.363141 0.51851 0.36218
9 0.045913 0.325962 0.029327 0.366987 0.055048 0.369231 0.071394 0.327885
