3 0.71555 0.549699 0.729292 0.548838 0.729669 0.553787 0.716114 0.554432
3 0.84055 0.554217 0.852786 0.553787 0.853539 0.55809 0.841491 0.558305
2 0.714232 0.543244 0.730798 0.542814 0.732492 0.554217 0.715738 0.555077 0.713667 0.543244
2 0.83622 0.546041 0.840361 0.560026 0.861634 0.559811 0.857492 0.546472
3 0.273532 0.66136 0.295181 0.664372 0.294051 0.66932 0.27259 0.666308
3 0.262236 0.730852 0.286521 0.731067 0.286333 0.736876 0.26186 0.736231 0.26186 0.731497
2 0.273155 0.653184 0.270143 0.667814 0.294804 0.671256 0.298381 0.656411
2 0.261672 0.721816 0.259413 0.737091 0.287839 0.738382 0.288968 0.722892
3 0.134036 0.715792 0.156062 0.718589 0.154179 0.724613 0.133283 0.72117
3 0.167169 0.716652 0.188818 0.720095 0.187876 0.725904 0.166416 0.722031
3 0.183923 0.666093 0.205196 0.66975 0.204631 0.674914 0.18317 0.671472
3 0.153238 0.662651 0.173193 0.663511 0.172628 0.668675 0.152485 0.667384 0.15305 0.663511
3 0.19823 0.616824 0.217997 0.618546 0.217244 0.623064 0.197477 0.621127
2 0.158697 0.711489 0.156062 0.726119 0.131965 0.722246 0.134789 0.708046
2 0.168675 0.707401 0.190324 0.710628 0.188818 0.726119 0.188441 0.726764 0.165851 0.722461 0.16811 0.707186
2 0.155685 0.65469 0.174887 0.65512 0.173005 0.669966 0.151167 0.66846 0.153803 0.65469
2 0.186559 0.658133 0.207455 0.661575 0.205572 0.675774 0.181852 0.672547 0.184676 0.658348 0.185994 0.658563
2 0.200113 0.608434 0.220633 0.610155 0.218562 0.624139 0.196536 0.621988 0.198607 0.608434
3 0.133095 0.468589 0.150414 0.469019 0.149849 0.472461 0.132718 0.471816
3 0.116905 0.5142 0.13573 0.512909 0.135542 0.516781 0.116905 0.517857 0.116905 0.514845
3 0.172252 0.466652 0.189947 0.467513 0.189194 0.47074 0.17131 0.47031 0.171875 0.467298
3 0.151355 0.518718 0.150979 0.522375 0.169239 0.52216 0.169239 0.518503
3 0.201619 0.472892 0.219503 0.473107 0.219126 0.476549 0.201054 0.476334
3 0.188818 0.517212 0.20689 0.518287 0.206325 0.522375 0.188253 0.521515
3 0.237575 0.479561 0.255836 0.480852 0.255083 0.484509 0.236822 0.483434
3 0.217056 0.527324 0.237575 0.525172 0.236822 0.529475 0.217056 0.531196
3 0.883283 0.720095 0.905685 0.721816 0.90625 0.727194 0.884224 0.725688
3 0.895143 0.771945 0.918675 0.770869 0.919616 0.776033 0.896084 0.777754
2 0.878577 0.709768 0.884413 0.739028 0.915286 0.740318 0.90945 0.709122 0.879142 0.708046
2 0.888366 0.759897 0.895143 0.791523 0.926393 0.792384 0.920746 0.760757
3 0.931099 0.743115 0.944465 0.743976 0.944842 0.749355 0.931852 0.748494
2 0.927523 0.732788 0.92997 0.749139 0.954819 0.751291 0.951807 0.736016
2 0.134036 0.461919 0.129895 0.473107 0.150414 0.475043 0.153803 0.462995
2 0.117282 0.507745 0.114458 0.519363 0.136295 0.518287 0.137425 0.506885
2 0.173569 0.460413 0.169428 0.47117 0.189571 0.473107 0.192018 0.461919
2 0.151732 0.512048 0.148343 0.523236 0.169804 0.523451 0.17131 0.511403
2 0.201431 0.466652 0.198983 0.47741 0.21988 0.477625 0.220444 0.467728
2 0.188818 0.510757 0.186747 0.52216 0.207078 0.523451 0.208961 0.511618
2 0.237952 0.473752 0.235693 0.484294 0.255836 0.485585 0.25753 0.474828
2 0.218562 0.520869 0.238893 0.517857 0.237952 0.52969 0.216491 0.532487 0.217056 0.521299 0.217997 0.521084
3 0.07756 0.634251 0.096197 0.635542 0.095444 0.640921 0.077184 0.638554
2 0.079443 0.625645 0.074172 0.63963 0.096386 0.642212 0.098645 0.628227
