1 0.189759 0.261403 0.266943 0.253873 0.263931 0.266997 0.185994 0.272806
0 0.189383 0.220095 0.25 0.212995 0.275226 0.21364 0.268637 0.268503 0.180535 0.276893 0.187688 0.246558
1 0.470068 0.196859 0.547063 0.192556 0.550828 0.203313 0.471574 0.204604
0 0.457267 0.164157 0.541039 0.155336 0.557041 0.207401 0.467997 0.210843
1 0.718374 0.197074 0.786145 0.194492 0.789721 0.204174 0.721009 0.211059
0 0.69823 0.164157 0.771273 0.159854 0.796498 0.209983 0.721574 0.21321
1 0.396649 0.396515 0.424511 0.391566 0.425828 0.398021 0.396649 0.402754
0 0.394014 0.388769 0.426017 0.382315 0.427711 0.399957 0.394955 0.404475
1 0.39872 0.440835 0.429029 0.439329 0.430723 0.445568 0.399285 0.447935
0 0.397026 0.432229 0.431852 0.429647 0.433547 0.447504 0.396649 0.449656
1 0.460279 0.435241 0.489834 0.429647 0.49134 0.435886 0.461032 0.44191
0 0.45802 0.42599 0.488893 0.41889 0.494352 0.436102 0.459714 0.444062
1 0.458584 0.390706 0.486446 0.384036 0.488328 0.390275 0.459526 0.396515
0 0.456514 0.381885 0.486258 0.375215 0.490587 0.391781 0.458961 0.398236
1 0.71988 0.356928 0.746423 0.357143 0.747741 0.363382 0.720256 0.362306
0 0.717244 0.348537 0.745294 0.348967 0.749059 0.364028 0.71875 0.364028
1 0.735128 0.396515 0.759224 0.393718 0.761483 0.399742 0.736822 0.402754
0 0.73061 0.389845 0.75753 0.386403 0.763366 0.401033 0.734752 0.404475
1 0.769014 0.407487 0.794428 0.402969 0.797063 0.410069 0.772026 0.414372
0 0.768637 0.406196 0.795746 0.401678 0.800075 0.416954 0.77372 0.422117
1 0.756212 0.362952 0.782191 0.36037 0.783509 0.366824 0.758283 0.369191
0 0.755271 0.361876 0.783697 0.359509 0.786145 0.372418 0.760354 0.376506
7 0.764307 0.341437 0.799699 0.338855 0.800452 0.34574 0.766378 0.348322
6 0.764119 0.340361 0.80064 0.337995 0.80177 0.347676 0.765625 0.350473 0.762801 0.341437
7 0.776355 0.379518 0.778426 0.386833 0.818901 0.383821 0.816077 0.375215
6 0.773908 0.378227 0.817206 0.373279 0.820595 0.386618 0.775038 0.390921
7 0.821724 0.374785 0.862011 0.370482 0.862387 0.378658 0.823983 0.38296
6 0.82003 0.372849 0.862952 0.36833 0.864834 0.380379 0.822854 0.386403
7 0.809488 0.334337 0.848645 0.331325 0.850151 0.33821 0.810429 0.341007
6 0.807605 0.333692 0.849209 0.329819 0.851657 0.339716 0.809111 0.343374
7 0.659074 0.391136 0.686182 0.387694 0.687124 0.393503 0.660956 0.396945
6 0.657191 0.390275 0.686935 0.386618 0.68863 0.395224 0.659262 0.399527
7 0.649849 0.361876 0.677334 0.357573 0.678652 0.362522 0.650226 0.368115
6 0.648343 0.361231 0.679029 0.355207 0.680723 0.365534 0.649473 0.371342
7 0.648532 0.336274 0.675452 0.332831 0.676581 0.338425 0.649473 0.341867
6 0.646837 0.335843 0.675828 0.331325 0.677899 0.339286 0.64759 0.344664
7 0.567206 0.426635 0.600527 0.421902 0.601468 0.428571 0.569654 0.433305
6 0.566077 0.426205 0.602033 0.420396 0.604669 0.429217 0.567206 0.434811
7 0.557417 0.398666 0.586973 0.394793 0.587538 0.399312 0.558358 0.40469
6 0.556288 0.398236 0.587914 0.394148 0.589608 0.401248 0.557229 0.405981
7 0.552146 0.374139 0.582831 0.368761 0.583584 0.37543 0.552523 0.379303
6 0.550828 0.373709 0.584337 0.367255 0.585467 0.376076 0.552146 0.381024
