1 0.492548 0.457692 0.493029 0.464744 0.55 0.466346 0.549279 0.458013 0.492788 0.457051
0 0.484135 0.424038 0.485817 0.451923 0.489183 0.466346 0.526202 0.470513 0.55601 0.470833 0.550721 0.432692 0.549038 0.424359 0.499038 0.425
1 0.933894 0.550641 0.9375 0.555769 0.94375 0.558013 0.964423 0.561538 0.991587 0.560256 0.989664 0.551923 0.974279 0.553205 0.955529 0.552244
0 0.91274 0.516667 0.925 0.546154 0.932212 0.554808 0.937019 0.557692 0.949279 0.563462 0.966586 0.566346 0.977404 0.566667 0.988221 0.566346 0.994231 0.563141 0.99976 0.56218 0.989423 0.544872 0.977644 0.524359 0.97524 0.51859 0.922115 0.516987
3 0.864664 0.876282 0.865865 0.882372 0.894231 0.885577 0.892548 0.878205
2 0.858894 0.864103 0.8625 0.883654 0.895433 0.886859 0.890385 0.866026
3 0.872836 0.928526 0.874279 0.935256 0.904567 0.939744 0.902885 0.932051
2 0.868029 0.917628 0.872115 0.9375 0.905529 0.942308 0.901683 0.921795
3 0.925721 0.923397 0.933654 0.948077 0.939423 0.945513 0.930769 0.921795
2 0.913462 0.90641 0.913942 0.908333 0.912019 0.9125 0.925481 0.952885 0.955288 0.950962 0.93774 0.903846 0.913942 0.905769
3 0.897596 0.822756 0.905048 0.841987 0.909135 0.841026 0.902644 0.822115
2 0.884375 0.811538 0.897837 0.847756 0.913462 0.844551 0.898077 0.808333 0.885336 0.809936
5 0.953365 0.809936 0.971154 0.858654 0.978606 0.856731 0.959375 0.808333
4 0.951683 0.808974 0.970192 0.860577 0.980288 0.857692 0.960096 0.806731
3 0.066106 0.813782 0.064183 0.81891 0.08149 0.821795 0.082212 0.816026
2 0.06899 0.802244 0.061538 0.820833 0.090865 0.824359 0.095192 0.811218 0.09351 0.805128
3 0.060096 0.854808 0.058654 0.861859 0.076202 0.861218 0.077404 0.855128
2 0.060577 0.84391 0.053606 0.866667 0.086298 0.866346 0.092308 0.845192
3 0.079087 0.928526 0.075481 0.935256 0.092067 0.942308 0.095433 0.935897
2 0.084615 0.915064 0.073317 0.936218 0.102163 0.948397 0.110577 0.934295 0.105529 0.924359
3 0.052404 0.927244 0.042308 0.951282 0.048558 0.952244 0.056971 0.928205
2 0.051683 0.924679 0.049519 0.928526 0.034375 0.966987 0.051442 0.969872 0.068269 0.926603 0.05625 0.92532
4 0.447115 0.917308 0.446875 0.935897 0.510337 0.93718 0.509856 0.918269
5 0.469231 0.922756 0.46875 0.932372 0.509135 0.931731 0.508894 0.923077
