3 0.179327 0.380769 0.205288 0.383974 0.205048 0.389103 0.177644 0.386538
2 0.178125 0.374359 0.209615 0.376282 0.206971 0.390705 0.175721 0.388141
3 0.19351 0.311859 0.217788 0.316346 0.216587 0.321474 0.191827 0.317308
2 0.19375 0.306731 0.219952 0.310577 0.218029 0.323718 0.189663 0.317949
3 0.211538 0.270513 0.233654 0.271795 0.232692 0.276603 0.210337 0.274679
2 0.211538 0.264423 0.236779 0.266987 0.235337 0.277244 0.206971 0.275 0.210337 0.265064
3 0.219231 0.217628 0.232452 0.218269 0.231971 0.221795 0.21851 0.221474
2 0.217308 0.212821 0.237981 0.214103 0.236779 0.223397 0.216587 0.221795
3 0.241587 0.173397 0.260337 0.174359 0.260577 0.177885 0.241587 0.176282
2 0.240625 0.16859 0.261058 0.170192 0.261058 0.178205 0.240144 0.176923
3 0.284375 0.278205 0.308654 0.28109 0.307452 0.285577 0.284375 0.283013
2 0.283654 0.272756 0.310577 0.275 0.308894 0.289103 0.282452 0.283333
3 0.278125 0.232372 0.300962 0.233654 0.300481 0.238462 0.277885 0.236218
2 0.277163 0.227244 0.302163 0.228846 0.301683 0.238782 0.276683 0.2375
3 0.295673 0.183974 0.317548 0.188782 0.317067 0.191667 0.294952 0.187179
2 0.296635 0.180449 0.319231 0.183654 0.317308 0.192628 0.29375 0.188462 0.295192 0.182051
3 0.338462 0.371795 0.335817 0.39391 0.341106 0.39391 0.34351 0.371795
2 0.330769 0.369872 0.326442 0.396795 0.341827 0.396795 0.345192 0.371154
3 0.35 0.294551 0.34351 0.312821 0.347596 0.314103 0.354087 0.295513
2 0.342308 0.292949 0.334856 0.313141 0.348558 0.316346 0.355529 0.294872 0.344471 0.291667
3 0.426683 0.305769 0.426202 0.32468 0.430288 0.32468 0.43125 0.30609
2 0.425481 0.303846 0.42524 0.325 0.4375 0.326282 0.438462 0.302885
3 0.352885 0.197756 0.353125 0.200962 0.371154 0.202885 0.371154 0.199359
2 0.35024 0.192308 0.35024 0.201282 0.373077 0.203526 0.373798 0.194231
3 0.942067 0.836538 0.94351 0.844551 0.967067 0.845513 0.964663 0.8375
2 0.933173 0.821474 0.940144 0.846474 0.96875 0.845513 0.961058 0.821474
3 0.910096 0.766026 0.911538 0.773077 0.94399 0.774359 0.942308 0.766346
2 0.904567 0.752885 0.909375 0.774038 0.945913 0.775 0.939664 0.751923
3 0.802885 0.763782 0.813462 0.802564 0.819712 0.801923 0.808413 0.763141
2 0.800721 0.759615 0.81274 0.803846 0.83101 0.800641 0.818029 0.757372
3 0.734135 0.753205 0.735096 0.757692 0.762019 0.758974 0.766587 0.758654 0.765144 0.750962
2 0.726923 0.740064 0.731971 0.759936 0.767548 0.759615 0.765865 0.75032 0.761779 0.738462
3 0.657452 0.73141 0.658414 0.738141 0.690385 0.732692 0.688462 0.72532
2 0.653365 0.728846 0.655769 0.740705 0.691587 0.733013 0.688221 0.722436
3 0.698798 0.764103 0.70625 0.803205 0.7125 0.802885 0.704808 0.763782
2 0.697356 0.759615 0.705048 0.804167 0.71851 0.803526 0.722596 0.799679 0.715865 0.760256
3 0.706731 0.821474 0.717067 0.861859 0.723558 0.860577 0.7125 0.820513
2 0.704327 0.816667 0.716586 0.8625 0.730769 0.861538 0.734856 0.858013 0.722115 0.813782 0.705529 0.815385
3 0.480288 0.732051 0.480769 0.739423 0.513221 0.738462 0.51274 0.730449
2 0.477644 0.71891 0.478606 0.741026 0.514904 0.739423 0.513462 0.717628
3 0.46226 0.846795 0.4625 0.854487 0.497837 0.85 0.498077 0.846795 0.489183 0.847756 0.488462 0.842308
2 0.457933 0.830128 0.459135 0.85641 0.499279 0.850641 0.499038 0.845833 0.489663 0.846795 0.48726 0.825641
3 0.389663 0.757692 0.394471 0.797756 0.400962 0.795833 0.396394 0.756731
2 0.387981 0.755128 0.393269 0.798718 0.404567 0.796154 0.408894 0.792628 0.412981 0.791026 0.407452 0.753846
3 0.266346 0.858333 0.265385 0.867628 0.302163 0.868269 0.302644 0.858654
2 0.265865 0.842308 0.2625 0.86891 0.304087 0.869231 0.305529 0.851603 0.293029 0.850641 0.293029 0.842949
3 0.308894 0.776603 0.303125 0.819231 0.311058 0.820192 0.310817 0.81282 0.31274 0.786859 0.315385 0.784936 0.316106 0.776923
2 0.297596 0.775 0.290144 0.820513 0.311779 0.821474 0.312019 0.81282 0.313462 0.7875 0.316827 0.785577 0.316827 0.77532
3 0.296635 0.748397 0.296154 0.755769 0.329087 0.758654 0.330529 0.751282 0.309375 0.748718
2 0.295433 0.733654 0.291587 0.75609 0.330048 0.759295 0.33125 0.750962 0.309856 0.747436 0.3125 0.733974
3 0.203846 0.748077 0.203606 0.755128 0.2375 0.757692 0.237981 0.75032
2 0.203606 0.734295 0.198317 0.75609 0.238462 0.759295 0.240865 0.735577
3 0.852163 0.610897 0.855288 0.616026 0.879327 0.608654 0.876202 0.602885
2 0.844231 0.601282 0.851683 0.61891 0.880769 0.609295 0.871394 0.592949
3 0.755048 0.628205 0.755288 0.634615 0.785337 0.632692 0.784615 0.625962
2 0.750962 0.626923 0.752404 0.636218 0.786779 0.633654 0.782452 0.614423 0.76851 0.615705 0.769952 0.625641
3 0.819952 0.543269 0.820673 0.548718 0.847356 0.547756 0.845914 0.542308
2 0.815144 0.534295 0.81851 0.55 0.848317 0.548718 0.844231 0.533013
3 0.05024 0.612179 0.049038 0.617628 0.079087 0.619872 0.080529 0.613782
2 0.05 0.601603 0.04351 0.617949 0.079567 0.621154 0.082692 0.609615 0.081971 0.604808 0.079567 0.602885
3 0.061538 0.520513 0.059856 0.525962 0.088942 0.526282 0.089423 0.520833
2 0.061058 0.511538 0.05625 0.526923 0.089904 0.527564 0.091587 0.511218
2 0.389183 0.51891 0.388462 0.533333 0.41899 0.535897 0.419471 0.520833
3 0.391587 0.527885 0.391346 0.532692 0.41851 0.535256 0.41875 0.529808
3 0.500481 0.522436 0.499279 0.527244 0.525 0.535577 0.526202 0.530449
2 0.500721 0.513782 0.496635 0.527885 0.525721 0.536859 0.529567 0.521795
3 0.570433 0.501923 0.570192 0.507051 0.597356 0.511218 0.597356 0.50609
2 0.56875 0.491346 0.567067 0.507692 0.597837 0.51218 0.598558 0.496795
3 0.501442 0.601923 0.502163 0.607051 0.529808 0.603526 0.528846 0.597756
2 0.496635 0.591987 0.499279 0.608974 0.53101 0.603846 0.526683 0.586538
3 0.588462 0.54359 0.588462 0.548397 0.616587 0.551603 0.616587 0.545513
2 0.585577 0.54391 0.585337 0.549359 0.617788 0.552244 0.617067 0.535256 0.594471 0.532692 0.595673 0.541987 0.585817 0.542628
3 0.651202 0.531731 0.651683 0.536538 0.680048 0.536218 0.679808 0.53109
2 0.647356 0.521795 0.649038 0.53782 0.68101 0.536859 0.678606 0.520833
3 0.682452 0.589103 0.682452 0.59391 0.712019 0.596474 0.711298 0.590705
2 0.678125 0.577564 0.679567 0.595192 0.713462 0.597436 0.710337 0.578846 0.679808 0.576923
3 0.689904 0.383013 0.694471 0.405128 0.699519 0.404808 0.69375 0.382372
2 0.688221 0.38109 0.69399 0.407051 0.708173 0.405128 0.702404 0.38141
3 0.644231 0.392949 0.648317 0.416987 0.653365 0.416026 0.648317 0.392628
2 0.635817 0.391987 0.639423 0.41859 0.655529 0.417949 0.650481 0.391667
3 0.582692 0.277564 0.582933 0.28109 0.605288 0.283333 0.605288 0.279487
2 0.580769 0.271154 0.580769 0.281731 0.60625 0.284295 0.60625 0.275962 0.600962 0.273397
3 0.51899 0.246154 0.51899 0.250321 0.540625 0.251923 0.540625 0.248397
2 0.516587 0.240385 0.516106 0.251603 0.541827 0.252564 0.541106 0.243269
3 0.71899 0.292308 0.719952 0.296154 0.740865 0.296474 0.740144 0.292308
2 0.714663 0.285577 0.717548 0.297115 0.742308 0.297115 0.738462 0.286218 0.736538 0.285256
3 0.650962 0.277244 0.651683 0.28109 0.671875 0.280128 0.670433 0.275962
2 0.65 0.276282 0.652885 0.286859 0.655529 0.287821 0.677164 0.286859 0.674519 0.275
3 0.544471 0.394231 0.544952 0.397756 0.570192 0.398718 0.569471 0.393269
2 0.540625 0.386218 0.541586 0.398397 0.571875 0.399679 0.56851 0.384936
3 0.656971 0.314423 0.657692 0.318269 0.679808 0.316346 0.678125 0.311538
2 0.651442 0.308013 0.655288 0.319872 0.68101 0.316667 0.675721 0.305128
