1 0.05177 0.312608 0.105986 0.311962 0.102221 0.321644 0.050264 0.322935
0 0.059111 0.274312 0.1218 0.274742 0.105422 0.32358 0.044616 0.327022
1 0.195407 0.278614 0.238328 0.274742 0.236258 0.282057 0.194089 0.285929
1 0.193336 0.290017 0.235316 0.285929 0.235881 0.292599 0.191642 0.295611
1 0.190889 0.300129 0.232116 0.296041 0.234752 0.296687 0.234563 0.304432 0.189006 0.307444
0 0.192583 0.276678 0.201054 0.270654 0.255459 0.262263 0.253765 0.305938 0.182982 0.311747 0.191642 0.278184
1 0.260354 0.27259 0.303276 0.268287 0.301958 0.275172 0.259977 0.27969
1 0.258095 0.282487 0.30177 0.277324 0.301581 0.285714 0.258095 0.290663
0 0.257342 0.260972 0.320218 0.254948 0.326619 0.255594 0.323042 0.281626 0.322101 0.299484 0.254706 0.307014
1 0.365776 0.284639 0.391378 0.279045 0.392508 0.283563 0.364646 0.290232
1 0.36314 0.291308 0.392696 0.288511 0.392319 0.29432 0.362387 0.299268
1 0.361634 0.302281 0.393072 0.298408 0.393072 0.305293 0.360128 0.309165
0 0.36634 0.271084 0.412651 0.258821 0.414533 0.310241 0.359752 0.312392 0.356551 0.311317 0.364081 0.286575
1 0.41491 0.273236 0.454066 0.26506 0.455384 0.27259 0.415286 0.280551 0.414345 0.277539
1 0.416039 0.284854 0.442206 0.279475 0.455949 0.276893 0.455949 0.284854 0.432229 0.287005 0.415851 0.290448
1 0.417169 0.29432 0.4343 0.292169 0.455949 0.290232 0.457078 0.296687 0.435241 0.298838 0.417733 0.300774
0 0.413215 0.258391 0.478539 0.244836 0.483246 0.30099 0.415286 0.310886
1 0.486446 0.262048 0.524849 0.260542 0.52692 0.260972 0.527108 0.267642 0.487387 0.268503
1 0.485316 0.274957 0.500565 0.274096 0.528614 0.271084 0.526167 0.279045 0.498494 0.281196 0.486258 0.281626 0.485316 0.275602
1 0.487764 0.28679 0.502636 0.284423 0.510919 0.282702 0.524096 0.284639 0.52372 0.291954 0.512236 0.289802 0.487575 0.293244
0 0.479669 0.246343 0.531438 0.243115 0.544428 0.275172 0.550264 0.298838 0.483622 0.300344 0.479104 0.246773
1 0.88573 0.268287 0.935429 0.270439 0.938253 0.277324 0.887801 0.276678 0.884601 0.268718
0 0.868788 0.234294 0.923004 0.238382 0.940512 0.277108 0.940136 0.27969 0.887989 0.279905
