3 0.217056 0.413941 0.240587 0.407917 0.240964 0.412435 0.217432 0.418244
2 0.215926 0.407272 0.216114 0.41889 0.242282 0.413296 0.240587 0.400818 0.215926 0.405981
3 0.284074 0.402324 0.307605 0.402324 0.307229 0.406842 0.284074 0.406842
2 0.284074 0.395224 0.282944 0.407487 0.307982 0.407917 0.308735 0.395224
3 0.345256 0.410714 0.370858 0.410069 0.37067 0.415017 0.345068 0.415448
2 0.345068 0.40383 0.344691 0.416308 0.371423 0.415663 0.371611 0.402969 0.345256 0.403184
3 0.165851 0.545611 0.192959 0.544105 0.192771 0.549914 0.165663 0.551205
2 0.166227 0.535714 0.16491 0.551635 0.193901 0.551205 0.194465 0.535499
3 0.297628 0.489028 0.325113 0.490749 0.324736 0.496342 0.297252 0.494406
2 0.297816 0.480422 0.296122 0.495267 0.325866 0.497849 0.327184 0.481497 0.298004 0.479131
3 0.39119 0.512263 0.418863 0.505164 0.419804 0.510327 0.392131 0.517212 0.391378 0.512909
2 0.38686 0.503657 0.39006 0.519793 0.420934 0.511833 0.417922 0.495482
3 0.292922 0.609725 0.323042 0.611016 0.322666 0.6179 0.292545 0.615749
2 0.293298 0.598107 0.290663 0.616824 0.32436 0.619191 0.326619 0.601979 0.32436 0.599828
3 0.366905 0.598107 0.396649 0.602625 0.39552 0.608864 0.365776 0.604561
2 0.367846 0.586704 0.363705 0.605422 0.396461 0.610585 0.397402 0.608864 0.399473 0.592298 0.397402 0.591007
8 0.14552 0.633821 0.186935 0.634466 0.182794 0.680723 0.137613 0.680077 0.143825 0.633606
8 0.54311 0.421472 0.543298 0.455895 0.584714 0.458477 0.583773 0.44105 0.580761 0.44062 0.580196 0.424053
3 0.581514 0.43438 0.606175 0.435671 0.606363 0.439974 0.581702 0.439329
2 0.581137 0.425774 0.606175 0.42685 0.607116 0.44148 0.581137 0.440189 0.580572 0.425774
3 0.597327 0.526033 0.624435 0.524957 0.625188 0.530336 0.597703 0.531411
2 0.596009 0.517857 0.596574 0.532702 0.62613 0.531411 0.623682 0.516566
3 0.620858 0.442341 0.624059 0.469019 0.628765 0.468374 0.625376 0.442126
2 0.613705 0.442986 0.61634 0.472246 0.630271 0.472031 0.626318 0.441265 0.613705 0.441695 0.613517 0.443847
8 0.659827 0.446644 0.666604 0.480852 0.628577 0.483649 0.626506 0.473752 0.631212 0.472892 0.627636 0.44815 0.660015 0.447289
3 0.703313 0.394578 0.725527 0.393718 0.72628 0.398021 0.704254 0.398881
2 0.701242 0.387478 0.70369 0.400172 0.726845 0.398666 0.724209 0.385757 0.700866 0.386618
3 0.711032 0.480852 0.73494 0.480422 0.735504 0.485155 0.711785 0.485585
2 0.709526 0.472892 0.71122 0.486661 0.736446 0.486016 0.733434 0.472246
3 0.649285 0.499355 0.674511 0.498709 0.675075 0.504303 0.650226 0.504948
2 0.644767 0.489888 0.647026 0.506024 0.676205 0.505379 0.673381 0.488812
3 0.663592 0.623279 0.691642 0.622418 0.692395 0.628442 0.664345 0.629303
2 0.662839 0.612091 0.660768 0.614458 0.662651 0.631024 0.693901 0.629948 0.69183 0.611231 0.663404 0.611876
3 0.726092 0.607143 0.73061 0.640275 0.736069 0.639845 0.731363 0.606497
2 0.717997 0.607358 0.72308 0.642427 0.73814 0.641136 0.732492 0.605637 0.717997 0.606067
3 0.776544 0.530981 0.78238 0.541738 0.789721 0.55809 0.793486 0.555723 0.780874 0.52926
2 0.76939 0.534854 0.776167 0.547332 0.784074 0.564114 0.796122 0.55809 0.78125 0.527969 0.768825 0.533563
3 0.817395 0.451377 0.837914 0.450086 0.83942 0.454819 0.818524 0.455895
2 0.813065 0.443847 0.816642 0.45654 0.840361 0.45568 0.836032 0.442126 0.813441 0.442771
3 0.798193 0.395654 0.820218 0.392427 0.82116 0.396515 0.799699 0.399312
2 0.793486 0.388984 0.798004 0.401678 0.823042 0.398021 0.817959 0.385542
3 0.870105 0.507745 0.892131 0.512048 0.893072 0.517212 0.870858 0.513124
2 0.868223 0.50043 0.870105 0.51463 0.894014 0.518287 0.89119 0.503873
3 0.944089 0.52259 0.955384 0.52259 0.956137 0.527539 0.944465 0.527754
2 0.941077 0.514845 0.944089 0.528399 0.960279 0.528399 0.956702 0.515275
8 0.715173 0.554647 0.717056 0.591437 0.75866 0.594449 0.754142 0.556153
3 0.046875 0.474398 0.057982 0.479561 0.055346 0.483864 0.044428 0.478485
2 0.050452 0.466437 0.042169 0.47827 0.061182 0.488382 0.067583 0.47784 0.066265 0.473752 0.051205 0.466222
3 0.00753 0.48537 0.019014 0.48494 0.018072 0.489888 0.006777 0.489888
2 0.009413 0.476979 0.004895 0.490534 0.023908 0.490103 0.026732 0.476119
3 0.010919 0.629088 0.03445 0.628442 0.032944 0.635327 0.009977 0.634682
2 0.01186 0.6179 0.006965 0.635112 0.033509 0.636618 0.03878 0.6179
3 0.927899 0.449656 0.938065 0.449656 0.93863 0.453959 0.928464 0.454174
2 0.923946 0.442341 0.927899 0.45525 0.939571 0.45568 0.944277 0.44858 0.94183 0.443201
