3 0.560806 0.802281 0.591114 0.804862 0.590926 0.811962 0.560806 0.80938
3 0.555346 0.858219 0.555158 0.865749 0.586032 0.865964 0.586032 0.858003
3 0.612575 0.858219 0.643261 0.857143 0.643449 0.865103 0.61314 0.865964
3 0.605233 0.814329 0.633471 0.814114 0.63366 0.820783 0.60561 0.821429
3 0.563818 0.648881 0.590926 0.648881 0.591303 0.655551 0.564194 0.655551
3 0.559864 0.72117 0.588479 0.723752 0.588479 0.729776 0.559864 0.72784
3 0.259224 0.766351 0.255459 0.808305 0.262989 0.807874 0.266002 0.765706
3 0.262989 0.828098 0.284074 0.832186 0.282568 0.840146 0.261483 0.835628
2 0.25866 0.761188 0.27805 0.759897 0.273155 0.808305 0.2532 0.810026 0.258095 0.761618
2 0.264119 0.814759 0.257907 0.839501 0.295181 0.846816 0.300075 0.830465 0.297252 0.820998
3 0.188441 0.835628 0.202184 0.848322 0.211408 0.858434 0.216303 0.854131 0.213291 0.850043 0.209714 0.848322 0.208208 0.84531 0.205761 0.842083 0.192395 0.830465
2 0.193148 0.822935 0.184676 0.835413 0.205572 0.855207 0.213479 0.862306 0.220068 0.855207 0.216679 0.851764 0.219691 0.848967 0.220633 0.847461 0.19616 0.821213 0.194089 0.822719 0.192018 0.822935
2 0.557229 0.709983 0.557794 0.730207 0.589608 0.732143 0.588667 0.711704
2 0.55817 0.788726 0.557794 0.810241 0.592056 0.814114 0.592056 0.791523
2 0.552711 0.844664 0.55384 0.867685 0.590173 0.867255 0.589797 0.844664
2 0.609375 0.844664 0.610504 0.869191 0.644767 0.866824 0.642319 0.843158 0.608998 0.844019
2 0.601092 0.801635 0.60241 0.82315 0.634977 0.822504 0.633095 0.800774
3 0.830572 0.693632 0.836785 0.725904 0.841303 0.725688 0.835279 0.693417 0.831325 0.692556
2 0.824925 0.694062 0.830384 0.726764 0.84262 0.727625 0.836408 0.69191 0.828125 0.69191 0.825301 0.692771
2 0.560241 0.638984 0.561559 0.657917 0.593185 0.658563 0.590738 0.6392
5 0.708961 0.643503 0.734563 0.645009 0.757154 0.652108 0.752824 0.657057 0.731363 0.650818 0.708396 0.650172
4 0.70802 0.642642 0.705949 0.651678 0.711408 0.651893 0.701431 0.666523 0.731175 0.668675 0.736634 0.663081 0.744352 0.657057 0.753577 0.658778 0.75866 0.651678 0.733622 0.643933 0.709337 0.642427
