7 0.1843 0.482143 0.183735 0.490964 0.225151 0.490318 0.225339 0.481713
6 0.18317 0.481497 0.182794 0.49204 0.225904 0.491609 0.226092 0.481067
3 0.26073 0.517212 0.279744 0.517212 0.279367 0.521299 0.260354 0.521084
2 0.259036 0.509897 0.257907 0.521945 0.28012 0.521945 0.280874 0.509897
3 0.34055 0.516997 0.360504 0.515921 0.360504 0.519793 0.340738 0.520654
2 0.338479 0.509251 0.338479 0.52216 0.361822 0.521299 0.361258 0.508606
3 0.391754 0.5142 0.412274 0.5142 0.412086 0.518503 0.391754 0.518503
2 0.390248 0.506454 0.389872 0.519793 0.412839 0.519578 0.41378 0.506239
7 0.59055 0.460198 0.644578 0.458477 0.645708 0.468589 0.591867 0.46988
6 0.589044 0.458477 0.590173 0.472246 0.647779 0.470095 0.645708 0.456756
7 0.846762 0.449871 0.900038 0.449656 0.901732 0.459122 0.849586 0.461274
6 0.844126 0.44815 0.846197 0.46321 0.903991 0.460413 0.902485 0.44815
3 0.794804 0.637909 0.817771 0.635112 0.819089 0.64006 0.795934 0.643287
2 0.790098 0.629088 0.794051 0.645439 0.820595 0.641136 0.81683 0.625215
3 0.183923 0.570568 0.194842 0.568847 0.19503 0.572935 0.182982 0.574656 0.182229 0.574871 0.182229 0.570998
2 0.182229 0.562823 0.180911 0.576162 0.202937 0.572719 0.20369 0.560671
3 0.181664 0.589716 0.193148 0.589716 0.193148 0.593804 0.181664 0.594019
2 0.181099 0.581325 0.201431 0.58111 0.201054 0.59488 0.181099 0.595095 0.179593 0.593589 0.180723 0.581756
3 0.177146 0.607573 0.189194 0.606497 0.189194 0.6108 0.176958 0.611876
2 0.17564 0.599182 0.197854 0.597676 0.196913 0.611661 0.174699 0.613597
3 0.177334 0.624355 0.189383 0.624139 0.189383 0.628442 0.177334 0.629088
2 0.175828 0.616609 0.174699 0.630594 0.197666 0.629303 0.19823 0.614888
3 0.174699 0.643503 0.186559 0.643718 0.18637 0.647806 0.174511 0.648021
3 0.174699 0.662651 0.174699 0.667169 0.186559 0.667599 0.186559 0.663081
3 0.231363 0.628012 0.244352 0.628657 0.244164 0.633176 0.231175 0.63253
3 0.22741 0.646945 0.227033 0.651678 0.240023 0.651678 0.240023 0.64716
3 0.225151 0.666093 0.224962 0.670826 0.237764 0.670611 0.237764 0.665878
3 0.264684 0.665878 0.277673 0.663296 0.27805 0.667814 0.264496 0.670396 0.264119 0.665878
3 0.343374 0.593374 0.355986 0.594664 0.355798 0.599398 0.342432 0.598107 0.342809 0.593158
3 0.334714 0.614673 0.334526 0.619836 0.348456 0.620052 0.348456 0.614888
3 0.335279 0.63963 0.334337 0.644793 0.347139 0.648021 0.347892 0.643072
3 0.333961 0.66846 0.333208 0.673623 0.34695 0.67642 0.347703 0.671041
3 0.392884 0.672332 0.392696 0.677496 0.415663 0.679432 0.416039 0.674053
3 0.207831 0.606067 0.219315 0.609509 0.218185 0.613597 0.20689 0.61037
2 0.173946 0.635112 0.172063 0.649527 0.193336 0.649096 0.194654 0.64759 0.196348 0.634682
2 0.173381 0.654475 0.172252 0.668029 0.194465 0.668675 0.195971 0.654905 0.194842 0.654045 0.173758 0.654045
2 0.208961 0.597676 0.204443 0.611016 0.223833 0.616394 0.224962 0.615749 0.229292 0.603055 0.209337 0.597676
2 0.230798 0.619621 0.229292 0.63253 0.230045 0.634036 0.252824 0.635542 0.254142 0.620267
2 0.22628 0.638554 0.224586 0.653399 0.248494 0.65383 0.249624 0.638554 0.226845 0.638554
2 0.223833 0.657702 0.222703 0.672762 0.245482 0.672332 0.247176 0.657487 0.224586 0.657487
2 0.262048 0.657702 0.263178 0.673193 0.287651 0.666954 0.285956 0.651893 0.262236 0.657272
2 0.344691 0.585413 0.364458 0.586919 0.365776 0.588425 0.363893 0.601979 0.341867 0.598967 0.343185 0.585198
2 0.333773 0.606067 0.332643 0.621127 0.357116 0.621558 0.358246 0.606497 0.333396 0.606067
2 0.334714 0.631239 0.331325 0.646084 0.355233 0.651463 0.358622 0.636188 0.335467 0.630594
2 0.333961 0.659423 0.331702 0.674699 0.356175 0.678787 0.358434 0.663511
2 0.391566 0.662866 0.39006 0.678787 0.416416 0.680723 0.417545 0.664587
3 0.246988 0.381239 0.25753 0.38167 0.257154 0.385112 0.246611 0.384682
2 0.248117 0.375645 0.266002 0.376506 0.264119 0.387263 0.245858 0.385542 0.247176 0.375215
3 0.396273 0.318847 0.394767 0.333907 0.398532 0.334122 0.400038 0.317986 0.396461 0.317986
2 0.396461 0.316265 0.40625 0.315835 0.404556 0.334983 0.394202 0.335198 0.396084 0.316265
3 0.437124 0.376936 0.455949 0.377151 0.455572 0.380594 0.436935 0.380164
2 0.436559 0.370697 0.435617 0.375215 0.435806 0.380809 0.456137 0.381885 0.45689 0.373064 0.454631 0.371558
3 0.5657 0.369406 0.583396 0.368546 0.583773 0.372418 0.565889 0.373494
2 0.563441 0.364028 0.564383 0.375 0.586032 0.374355 0.586973 0.372633 0.585279 0.363382 0.563818 0.363597
3 0.564383 0.324441 0.58302 0.326162 0.58302 0.328959 0.564947 0.326377
2 0.562312 0.320138 0.58302 0.321213 0.584337 0.330465 0.561747 0.327022 0.560806 0.322074 0.560617 0.320138 0.561747 0.320138
3 0.61747 0.277754 0.618788 0.29432 0.622364 0.29432 0.621235 0.277754
2 0.612387 0.276678 0.612387 0.295611 0.622929 0.295396 0.622176 0.276893
3 0.717997 0.33778 0.721386 0.356497 0.725151 0.356282 0.721197 0.337995
2 0.711408 0.337349 0.714797 0.357788 0.726092 0.358003 0.722327 0.337565
3 0.439571 0.253873 0.455949 0.252151 0.455949 0.255164 0.439383 0.256454
2 0.438065 0.249139 0.438253 0.257315 0.456325 0.256454 0.456514 0.248709
3 0.484187 0.260972 0.501883 0.259036 0.502071 0.261833 0.484375 0.263984
2 0.483622 0.256454 0.502259 0.254733 0.502824 0.263124 0.483246 0.26506
3 0.859187 0.372849 0.876883 0.373064 0.877071 0.376291 0.85994 0.376291
2 0.85561 0.36747 0.858434 0.377797 0.878012 0.377582 0.87613 0.367255
3 0.916227 0.373279 0.934488 0.371342 0.935241 0.375215 0.916792 0.377151
4 0.912651 0.36704 0.932794 0.364458 0.936559 0.375861 0.916416 0.378442
8 0.705008 0.473322 0.709337 0.502582 0.755271 0.501291 0.75 0.471386
3 0.966867 0.462134 0.978916 0.462349 0.979669 0.466007 0.967809 0.466007
2 0.963291 0.454819 0.966867 0.467513 0.988705 0.467728 0.98494 0.456756 0.982492 0.455034
3 0.986258 0.481928 0.990023 0.495052 0.986258 0.495267 0.982681 0.481713
2 0.982116 0.478916 0.980986 0.480637 0.987387 0.504948 0.996423 0.505379 0.999059 0.503873 0.991905 0.479131
3 0.15945 0.395869 0.173569 0.396084 0.173005 0.399312 0.158886 0.399312
2 0.161709 0.389845 0.176017 0.39006 0.173193 0.400602 0.157944 0.399742 0.16058 0.389845
3 0.178276 0.346601 0.192771 0.345525 0.192206 0.348537 0.177899 0.349613
2 0.179217 0.341652 0.194654 0.340792 0.192959 0.349398 0.17677 0.350258 0.178276 0.342083
