7 0.006589 0.597676 0.00433 0.609509 0.057229 0.611446 0.059488 0.599613
6 0.005836 0.59617 0.002824 0.611231 0.057605 0.612522 0.060241 0.598967
7 0.061935 0.600688 0.057982 0.615103 0.102786 0.620267 0.10448 0.6037
6 0.061559 0.599182 0.057041 0.615749 0.103727 0.621558 0.105798 0.603055
7 0.139684 0.604991 0.137236 0.623279 0.170369 0.619191 0.1907 0.615534 0.190136 0.604991 0.172816 0.604991
6 0.138931 0.6037 0.136107 0.624139 0.191642 0.616824 0.190889 0.604131
7 0.160203 0.538942 0.158321 0.549914 0.192206 0.55099 0.217809 0.548838 0.219126 0.537866 0.182229 0.538296
6 0.159827 0.537866 0.157756 0.550559 0.184488 0.551635 0.192771 0.552065 0.21875 0.549699 0.220068 0.53722
7 0.107492 0.495052 0.106551 0.50667 0.119541 0.503873 0.14759 0.501076 0.146649 0.491179 0.121235 0.493546
6 0.107116 0.493976 0.10561 0.507315 0.14872 0.502152 0.147214 0.490318
7 0.038592 0.484294 0.036333 0.495912 0.102221 0.494191 0.103351 0.485585
6 0.038215 0.483003 0.035015 0.496988 0.103351 0.495267 0.104292 0.484725
7 0.085279 0.546472 0.081702 0.556799 0.108998 0.555723 0.131401 0.553356 0.13366 0.54475
6 0.084714 0.545396 0.080949 0.557444 0.099774 0.556799 0.131965 0.554217 0.134601 0.544105
7 0.022402 0.547762 0.019202 0.553141 0.018637 0.55809 0.043486 0.560456 0.055911 0.560671 0.077184 0.562823 0.081514 0.551205 0.080572 0.550774 0.048381 0.548408 0.033321 0.549268
6 0.022026 0.546902 0.018449 0.552065 0.017696 0.559165 0.044428 0.561317 0.07756 0.563468 0.082455 0.550129 0.077748 0.549699 0.048381 0.547547 0.033509 0.548623
7 0.723268 0.317986 0.725715 0.33068 0.769578 0.331971 0.766943 0.319707 0.73494 0.317556
6 0.722515 0.317556 0.725151 0.331325 0.770331 0.332616 0.767696 0.319062 0.735316 0.31691
7 0.791604 0.328313 0.796122 0.348322 0.815136 0.348967 0.844315 0.346386 0.839608 0.328959
6 0.789721 0.326807 0.795181 0.349613 0.814571 0.350043 0.845633 0.347246 0.840173 0.327238
7 0.73927 0.370482 0.740964 0.384897 0.790098 0.384897 0.788592 0.370267
6 0.738705 0.369836 0.740023 0.386618 0.790663 0.385757 0.789345 0.369191
3 0.657944 0.370912 0.662462 0.395439 0.669992 0.394363 0.665286 0.370267
2 0.655874 0.36833 0.664721 0.41222 0.685053 0.408993 0.677146 0.366394
3 0.964044 0.304432 0.966303 0.30938 0.976092 0.309165 0.988517 0.308735 0.994729 0.309165 0.994164 0.305508 0.983434 0.304432 0.97195 0.304217
2 0.955572 0.29346 0.961973 0.30938 0.96762 0.311317 0.985693 0.310456 0.996423 0.310886 0.990776 0.297117 0.964232 0.297332 0.961596 0.293029
7 0.939947 0.51463 0.942959 0.530336 0.986634 0.528399 0.987011 0.523881 0.98381 0.512478
6 0.93863 0.513769 0.941642 0.531196 0.988893 0.529475 0.985693 0.511618
7 0.945595 0.557874 0.950113 0.57358 0.972703 0.571859 0.995294 0.568201 0.991905 0.554432 0.974398 0.555938
6 0.944465 0.556799 0.948983 0.574871 0.973268 0.572935 0.996235 0.568847 0.992282 0.553356
7 0.881212 0.583262 0.883095 0.601979 0.89872 0.603055 0.955384 0.601764 0.956514 0.583477 0.920934 0.579819 0.915663 0.578528 0.893261 0.581971
6 0.879895 0.58068 0.881777 0.60284 0.899285 0.603916 0.918486 0.603485 0.956514 0.603485 0.957831 0.582831 0.920181 0.577883 0.915474 0.577668
7 0.788027 0.583907 0.790474 0.605422 0.867093 0.599613 0.867093 0.579389
6 0.786898 0.582401 0.78991 0.606928 0.868788 0.600473 0.868411 0.577883
6 0.698042 0.583907 0.693712 0.595955 0.692771 0.601549 0.692771 0.606928 0.788404 0.606282 0.788215 0.601119 0.785392 0.581756 0.701431 0.581971
7 0.700301 0.584122 0.695218 0.595095 0.693901 0.600043 0.693712 0.605207 0.722892 0.606282 0.774661 0.605422 0.788215 0.605637 0.787651 0.600688 0.785203 0.584983 0.758283 0.583262 0.736634 0.582831 0.724586 0.582616
7 0.589232 0.559596 0.58942 0.586058 0.621423 0.580034 0.632342 0.581971 0.674511 0.583907 0.675452 0.565189 0.657191 0.562177 0.629518 0.560886 0.604292 0.561102
6 0.588102 0.55809 0.588667 0.586919 0.620858 0.581971 0.633848 0.583262 0.675452 0.585198 0.676393 0.564114 0.657003 0.560886 0.621988 0.55938 0.589797 0.558735
3 0.591303 0.517642 0.59262 0.526678 0.636295 0.524096 0.635542 0.515491
2 0.59055 0.517642 0.587914 0.521515 0.58942 0.543029 0.591303 0.54346 0.640437 0.540878 0.637613 0.514845
7 0.505836 0.480207 0.506777 0.489673 0.513742 0.489888 0.533321 0.487522 0.546687 0.486231 0.555723 0.487306 0.566453 0.485155 0.566077 0.476334 0.554029 0.476119 0.535956 0.47741 0.522026 0.480207 0.510542 0.481067
6 0.505083 0.479131 0.506212 0.490749 0.514496 0.490749 0.546122 0.487306 0.555911 0.488167 0.567206 0.486016 0.566642 0.475688 0.554217 0.475258 0.53558 0.476764 0.516002 0.479776
7 0.41811 0.569923 0.419428 0.586704 0.474962 0.587134 0.477221 0.571644 0.456514 0.569923
6 0.417169 0.569062 0.418675 0.587349 0.475715 0.58778 0.478539 0.570568 0.456702 0.569062
7 0.251318 0.475473 0.24887 0.482573 0.249059 0.484509 0.268449 0.482358 0.292169 0.47827 0.292357 0.470525 0.269202 0.473322
6 0.25113 0.474613 0.248494 0.482358 0.248494 0.48494 0.268261 0.483003 0.292733 0.478701 0.29311 0.46988
7 0.237764 0.537651 0.235505 0.553787 0.279367 0.554217 0.29744 0.552496 0.297816 0.538726
6 0.237575 0.53636 0.234563 0.554647 0.278238 0.555077 0.298569 0.553356 0.298569 0.537866 0.254895 0.537436
7 0.216491 0.642857 0.213291 0.657702 0.213291 0.664587 0.245482 0.666093 0.265813 0.667169 0.293486 0.666738 0.297063 0.660499 0.300075 0.645009 0.269767 0.644578 0.240776 0.642642
6 0.215361 0.642212 0.212349 0.656842 0.211973 0.665448 0.252071 0.667384 0.294239 0.667384 0.298193 0.661145 0.301017 0.643933 0.24134 0.641997
7 0.424887 0.645439 0.426017 0.665663 0.471197 0.666308 0.495294 0.666308 0.496423 0.648666 0.444089 0.644793
6 0.423946 0.644363 0.425264 0.666523 0.496423 0.667169 0.497553 0.64759 0.449548 0.643503
7 0.542922 0.612306 0.547252 0.67685 0.560994 0.675344 0.560994 0.637048 0.559111 0.611446
6 0.541604 0.611016 0.546122 0.678356 0.563065 0.67599 0.562124 0.637909 0.560617 0.610155
7 0.535768 0.539372 0.537462 0.600258 0.551958 0.598752 0.551393 0.546256 0.539721 0.538726
6 0.534827 0.538081 0.536521 0.601334 0.553276 0.599828 0.552334 0.545181 0.53991 0.537651
7 0.345256 0.562823 0.342997 0.58111 0.368788 0.58068 0.366529 0.598752 0.398532 0.597892 0.400038 0.562392
6 0.343938 0.561532 0.342056 0.583046 0.367658 0.581971 0.365776 0.600043 0.400226 0.599182 0.40192 0.560886
7 0.349209 0.5071 0.346386 0.525818 0.367846 0.525172 0.363705 0.546472 0.387801 0.546472 0.388742 0.521515 0.393825 0.520009 0.394767 0.505164
6 0.348456 0.505379 0.34488 0.526893 0.36634 0.526248 0.362575 0.547332 0.388742 0.547332 0.390437 0.522375 0.395331 0.520654 0.395708 0.503873
7 0.06137 0.366179 0.058735 0.377151 0.076807 0.377151 0.086973 0.375645 0.109375 0.373924 0.128389 0.374139 0.134036 0.366394 0.134224 0.3608 0.10994 0.362522 0.091679 0.364243 0.081325 0.366394
6 0.060429 0.364888 0.057417 0.378442 0.081514 0.377582 0.110316 0.37543 0.129518 0.375215 0.134977 0.366609 0.135542 0.359725 0.100151 0.362737 0.080761 0.365318
7 0.107492 0.315835 0.105798 0.321213 0.129518 0.320138 0.148155 0.319923 0.149096 0.314544
6 0.107116 0.315404 0.104857 0.321644 0.148908 0.320568 0.149849 0.314114
7 0.153238 0.331756 0.150038 0.342513 0.205572 0.344234 0.210843 0.333262 0.173946 0.33154
6 0.152297 0.330895 0.14872 0.343589 0.206325 0.34531 0.212538 0.332616
7 0.142884 0.364458 0.139872 0.375645 0.199172 0.378012 0.204255 0.365749
6 0.142319 0.362952 0.138742 0.376721 0.200113 0.378873 0.205761 0.365103
7 0.515248 0.374785 0.51506 0.390921 0.58622 0.390706 0.58622 0.374785
6 0.514119 0.373494 0.513554 0.392212 0.587538 0.391566 0.587161 0.373279
7 0.535768 0.325947 0.536521 0.336919 0.578878 0.351549 0.580008 0.340361 0.564194 0.334983
6 0.535015 0.325086 0.535392 0.33778 0.579819 0.353055 0.581137 0.339501
7 0.406062 0.366824 0.40625 0.383606 0.472703 0.380379 0.47308 0.362737
6 0.40512 0.366179 0.405497 0.384682 0.474209 0.381454 0.474209 0.361876
7 0.393072 0.325516 0.391943 0.336274 0.419051 0.333692 0.449925 0.329174 0.44936 0.320568 0.415663 0.324656 0.403238 0.326162
6 0.392696 0.324656 0.39119 0.337134 0.415286 0.334768 0.450866 0.329819 0.449925 0.319492 0.406062 0.325086 0.40305 0.325301
7 0.398532 0.27926 0.393825 0.295396 0.411709 0.293244 0.430911 0.291523 0.450866 0.292599 0.46988 0.293675 0.472139 0.286575 0.47195 0.278614 0.453878 0.277969 0.437688 0.27926 0.410392 0.278614
6 0.397967 0.278399 0.393072 0.296256 0.418863 0.29346 0.430911 0.292384 0.470256 0.294535 0.47308 0.28679 0.472703 0.277969 0.453125 0.277324 0.436747 0.278614 0.409827 0.277969
7 0.304217 0.315189 0.301205 0.330034 0.340738 0.330034 0.368223 0.327238 0.36747 0.31648
6 0.303276 0.313468 0.300452 0.33111 0.332831 0.331325 0.369164 0.328528 0.368411 0.315189
7 0.302334 0.370267 0.30064 0.386403 0.307041 0.386403 0.341114 0.385542 0.366152 0.384466 0.364834 0.372203
6 0.301393 0.369406 0.299322 0.387694 0.36747 0.385542 0.365776 0.370912
7 0.3125 0.280766 0.31137 0.288081 0.327937 0.28679 0.336408 0.287435 0.370482 0.285929 0.370482 0.280336 0.341114 0.280336
6 0.311935 0.28012 0.310806 0.288726 0.328313 0.287435 0.336785 0.288296 0.371047 0.286575 0.371235 0.279905 0.331137 0.279905
7 0.244352 0.286575 0.243599 0.294535 0.285768 0.29475 0.285768 0.28679
6 0.243788 0.285929 0.243223 0.295396 0.286333 0.295396 0.286333 0.28636
7 0.232116 0.33778 0.229857 0.348537 0.251318 0.346386 0.285015 0.34488 0.285768 0.336274 0.252071 0.337349
6 0.231928 0.336704 0.228916 0.349398 0.255459 0.347031 0.286145 0.34574 0.286333 0.335628
7 0.236822 0.365964 0.23494 0.378442 0.277861 0.378658 0.279367 0.366824
6 0.236069 0.365318 0.23381 0.379088 0.278614 0.379733 0.280497 0.365534
7 0.219503 0.399096 0.218562 0.41136 0.266002 0.410499 0.267319 0.398021 0.251318 0.397375
6 0.218938 0.398021 0.21762 0.412435 0.267131 0.412005 0.268449 0.397375 0.251318 0.396515
7 0.140813 0.402108 0.138178 0.413726 0.15192 0.411575 0.166039 0.410284 0.179405 0.409423 0.191642 0.410929 0.196913 0.404905 0.196913 0.399527 0.182417 0.399312 0.162839 0.400172
6 0.14006 0.400818 0.137048 0.414802 0.16378 0.41179 0.179405 0.410929 0.19183 0.41222 0.198042 0.405336 0.198419 0.398666 0.180723 0.398236
8 0.334902 0.630164 0.330196 0.679217 0.370294 0.682229 0.374435 0.631454
