3 0.479567 0.573077 0.50024 0.570513 0.5 0.575321 0.479808 0.578205
2 0.478365 0.566987 0.478846 0.579167 0.500962 0.576282 0.5 0.563782
3 0.286779 0.486218 0.299038 0.484936 0.299038 0.488462 0.287019 0.490064
2 0.285096 0.480128 0.285577 0.491346 0.308894 0.488782 0.307933 0.476923
3 0.795433 0.509615 0.80625 0.508333 0.807452 0.511859 0.796154 0.513141
2 0.790865 0.503526 0.795673 0.514744 0.814904 0.5125 0.809856 0.501923
3 0.449279 0.719231 0.463221 0.719551 0.462981 0.72468 0.449279 0.724038
2 0.450962 0.711218 0.472356 0.711218 0.471875 0.725641 0.448317 0.725 0.449279 0.710897
3 0.475962 0.727244 0.489183 0.724359 0.490144 0.729808 0.476683 0.732692
2 0.47476 0.719231 0.496875 0.713462 0.499038 0.726923 0.494952 0.730449 0.476202 0.734295
3 0.892308 0.680449 0.903125 0.677885 0.905048 0.682372 0.894231 0.684936
2 0.888462 0.672756 0.902885 0.669872 0.908414 0.682051 0.89351 0.686218 0.88774 0.673077
3 0.919231 0.688141 0.930769 0.685577 0.932452 0.690064 0.920913 0.692949
2 0.914183 0.680449 0.934856 0.675641 0.938942 0.690064 0.919952 0.694551 0.914663 0.680769
3 0.975721 0.681731 0.988942 0.682692 0.990144 0.68718 0.976923 0.686218
2 0.971875 0.673718 0.990865 0.674679 0.995673 0.689423 0.975962 0.688462
3 0.985337 0.718269 0.998077 0.716987 0.999519 0.722436 0.986779 0.723718
2 0.982212 0.711218 0.999519 0.708974 1.0 0.723397 0.986779 0.725641
5 0.944712 0.808654 0.974279 0.807372 0.976202 0.814423 0.946394 0.816667 0.944231 0.809295
4 0.9375 0.808013 0.975481 0.805128 0.977885 0.815705 0.939664 0.817949
5 0.967067 0.869551 0.997115 0.86891 0.998798 0.876282 0.96899 0.876923
4 0.958894 0.868269 0.998317 0.866667 1.0 0.876923 0.961538 0.879167
