1 0.359856 0.628205 0.428125 0.638462 0.427404 0.649038 0.358654 0.639103
0 0.3625 0.592949 0.352644 0.645833 0.430769 0.656731 0.435577 0.60032 0.363702 0.590064
1 0.5625 0.620192 0.589423 0.622756 0.612019 0.628205 0.623798 0.629808 0.625962 0.6375 0.588221 0.633654 0.56274 0.630769
1 0.563462 0.65641 0.609856 0.657051 0.611058 0.664744 0.563942 0.663782
1 0.566346 0.667628 0.61274 0.66859 0.613942 0.675962 0.566827 0.675
0 0.557692 0.639423 0.610817 0.640705 0.628846 0.642308 0.635577 0.674359 0.639663 0.694872 0.595914 0.691987 0.564664 0.689423
0 0.553125 0.597115 0.558173 0.610256 0.559375 0.635256 0.587981 0.637821 0.615385 0.639744 0.630769 0.639744 0.622836 0.615064 0.619471 0.601923 0.568029 0.598718
1 0.805769 0.6375 0.864904 0.641026 0.868029 0.652564 0.808173 0.649359
0 0.786538 0.603205 0.796875 0.630449 0.802885 0.654167 0.876442 0.658974 0.870913 0.641346 0.863702 0.619231 0.855769 0.605128 0.816106 0.603205 0.786298 0.601282
1 0.434856 0.414744 0.454567 0.416987 0.482452 0.422756 0.482452 0.428846 0.457212 0.422756 0.434856 0.420513
0 0.430769 0.397115 0.430048 0.42468 0.458894 0.426923 0.479567 0.43141 0.486538 0.432051 0.484615 0.400641 0.447596 0.396795 0.43101 0.394551
1 0.60649 0.391026 0.650962 0.392308 0.652404 0.397115 0.607212 0.396154
0 0.599038 0.371795 0.605048 0.398718 0.657933 0.399679 0.648317 0.374038
