1 0.032944 0.200516 0.032191 0.20568 0.057041 0.206971 0.057605 0.202453
1 0.04631 0.196213 0.045369 0.199871 0.058735 0.200732 0.059676 0.196644
1 0.033509 0.207616 0.032756 0.211059 0.055158 0.213425 0.056288 0.209552
0 0.035956 0.185886 0.029744 0.201377 0.024096 0.210628 0.066265 0.215792 0.07003 0.203528 0.076431 0.189114
1 0.028426 0.21988 0.02692 0.223107 0.048005 0.224613 0.049134 0.221386
1 0.02052 0.224182 0.019955 0.22827 0.036898 0.229131 0.044616 0.228701 0.045181 0.225688
1 0.018261 0.229776 0.031062 0.230207 0.041792 0.230637 0.040474 0.23494 0.016943 0.233434
0 0.023343 0.210843 0.066265 0.216222 0.061935 0.223967 0.056664 0.228485 0.052334 0.233649 0.050264 0.236231 0.011295 0.234079
1 0.01186 0.243546 0.010919 0.247203 0.033321 0.247633 0.034074 0.243976
0 0.01186 0.234725 0.006024 0.247203 0.004706 0.249139 0.002259 0.248924 0.000188 0.252582 0.000188 0.262048 0.036333 0.260757 0.039345 0.254948 0.042169 0.251291 0.045934 0.246343 0.050264 0.236661
1 0.166604 0.316265 0.165851 0.321429 0.182229 0.322504 0.182417 0.317126
1 0.165663 0.324656 0.16491 0.329819 0.181288 0.33068 0.181664 0.325516
1 0.160768 0.332831 0.179593 0.333477 0.179217 0.338425 0.15945 0.33821
0 0.151355 0.304002 0.144767 0.342298 0.194654 0.342943 0.20256 0.305723
1 0.127636 0.36704 0.127636 0.373064 0.142131 0.372633 0.141943 0.366824
1 0.128012 0.376936 0.127636 0.382315 0.140813 0.3821 0.142508 0.376506
1 0.124247 0.385972 0.141002 0.385972 0.139495 0.391136 0.1218 0.391351
0 0.113705 0.353701 0.112199 0.364673 0.112387 0.375 0.111634 0.381024 0.108434 0.389845 0.107116 0.395654 0.152673 0.395009 0.156438 0.364888 0.156626 0.352194 0.130648 0.35241
1 0.172252 0.366824 0.171687 0.373064 0.190889 0.373494 0.191453 0.3679
1 0.170934 0.376291 0.170369 0.3821 0.189571 0.38296 0.189947 0.377367
1 0.169239 0.385757 0.168863 0.390921 0.1875 0.391351 0.188441 0.386188
0 0.157003 0.35241 0.156815 0.364458 0.153238 0.395439 0.201807 0.395439 0.208773 0.369836 0.211785 0.354776
1 0.325301 0.342083 0.324548 0.347031 0.352033 0.348752 0.353539 0.343804
0 0.322477 0.328528 0.319842 0.343374 0.3157 0.355852 0.313065 0.3679 0.34488 0.369621 0.349586 0.370052 0.364081 0.370912 0.368223 0.351764 0.370105 0.339071 0.3718 0.329819 0.35561 0.33025
1 0.375753 0.340361 0.375188 0.345525 0.404744 0.346386 0.40512 0.341437
1 0.374624 0.348752 0.374059 0.353916 0.403614 0.354776 0.403991 0.349828
1 0.373306 0.357143 0.372741 0.362306 0.402297 0.363167 0.40305 0.358434
0 0.372553 0.326377 0.370294 0.343589 0.365964 0.366609 0.418675 0.3679 0.421498 0.327022
1 0.436559 0.313253 0.436747 0.318201 0.456137 0.31648 0.455949 0.311747
1 0.424699 0.321644 0.424887 0.324871 0.456514 0.324226 0.455949 0.319492
1 0.425075 0.327238 0.425452 0.331971 0.45689 0.330465 0.456514 0.326162
0 0.42131 0.301635 0.422252 0.335413 0.474398 0.333262 0.471197 0.297547
1 0.424699 0.348322 0.424699 0.353916 0.454631 0.359079 0.455761 0.35327
1 0.422252 0.357143 0.421498 0.361661 0.44503 0.365749 0.45369 0.366824 0.454631 0.361661 0.431099 0.358219
1 0.42131 0.365534 0.433735 0.36704 0.443901 0.368976 0.453125 0.370697 0.452372 0.375861 0.438818 0.373279 0.43317 0.372203 0.421122 0.371127
0 0.42131 0.335628 0.435053 0.336059 0.449925 0.338855 0.475339 0.343158 0.469126 0.38253 0.448042 0.379518 0.440136 0.378012 0.435806 0.376721 0.418486 0.375861
1 0.664157 0.322935 0.665098 0.328098 0.694842 0.328528 0.693901 0.32358
1 0.665663 0.331325 0.666604 0.336059 0.695595 0.337134 0.695783 0.332186
0 0.661333 0.312177 0.659827 0.318417 0.663215 0.337565 0.712349 0.338425 0.706325 0.313468
0 0.663404 0.33821 0.712914 0.339286 0.715361 0.348107 0.718185 0.352194 0.720633 0.361446 0.71988 0.374785 0.669428 0.371558 0.670746 0.360585 0.670934 0.349182 0.666227 0.343804 0.664345 0.341867
1 0.674134 0.350043 0.673946 0.355852 0.703313 0.359509 0.703502 0.354346
1 0.676581 0.359725 0.675828 0.365749 0.705196 0.36833 0.704819 0.362737
3 0.250188 0.504088 0.249247 0.50753 0.258848 0.509036 0.259601 0.505809
2 0.250941 0.498279 0.247741 0.508391 0.26506 0.510757 0.267884 0.501076
3 0.243223 0.541738 0.24247 0.545181 0.258848 0.547117 0.259789 0.54389
2 0.242658 0.534423 0.240399 0.545826 0.259413 0.547547 0.261483 0.537436
3 0.297628 0.484079 0.296875 0.487952 0.306664 0.488597 0.307417 0.48537
2 0.298569 0.478055 0.294992 0.488167 0.314006 0.490318 0.3157 0.479776
3 0.286898 0.519363 0.285956 0.522806 0.29631 0.524312 0.297063 0.520654
2 0.286898 0.513339 0.284074 0.523881 0.302899 0.525602 0.305346 0.515706
3 0.292357 0.536575 0.292922 0.540448 0.302711 0.540663 0.302146 0.536575
2 0.29198 0.53012 0.291792 0.541523 0.309488 0.542169 0.309676 0.538081 0.302711 0.538942 0.302146 0.530336
3 0.33509 0.512048 0.334714 0.515275 0.350904 0.516566 0.351092 0.513554
2 0.334714 0.506239 0.333584 0.515921 0.351468 0.516997 0.352221 0.507745
3 0.331702 0.528184 0.331702 0.531842 0.347703 0.532702 0.347892 0.52883
2 0.330572 0.52216 0.328878 0.533563 0.347892 0.535069 0.349021 0.523451
3 0.328502 0.546472 0.328878 0.550129 0.345444 0.549268 0.345444 0.545611
2 0.326996 0.540448 0.326996 0.55099 0.346197 0.55099 0.345633 0.539587
3 0.358434 0.501506 0.358622 0.504733 0.368599 0.504088 0.368411 0.500215
2 0.356739 0.495267 0.357304 0.505379 0.374435 0.505164 0.373306 0.493761
3 0.358998 0.512694 0.358998 0.516136 0.368788 0.515706 0.368788 0.512478
2 0.358434 0.506885 0.358246 0.516566 0.372929 0.516566 0.372929 0.506454
3 0.357681 0.541954 0.357304 0.545396 0.367846 0.546472 0.368035 0.542599
2 0.357869 0.535714 0.356175 0.546472 0.374624 0.548193 0.374247 0.537005
3 0.391754 0.476764 0.391378 0.480422 0.407568 0.481713 0.408321 0.478055
2 0.390625 0.47031 0.389684 0.480422 0.407944 0.482143 0.409262 0.472031
3 0.39552 0.519578 0.395143 0.523021 0.411521 0.525172 0.412274 0.52173
2 0.394578 0.512478 0.393072 0.523666 0.412086 0.526033 0.413404 0.51506
3 0.415474 0.510757 0.415851 0.5142 0.42564 0.513339 0.425828 0.509897
2 0.41491 0.505164 0.415474 0.514845 0.427146 0.513984 0.426393 0.505164
3 0.414345 0.547117 0.414345 0.550559 0.424887 0.550344 0.424887 0.546902
2 0.413592 0.540878 0.413968 0.55099 0.42884 0.550344 0.428087 0.540017
3 0.437876 0.547117 0.438065 0.550559 0.448042 0.548408 0.447477 0.544966
2 0.43637 0.541523 0.437876 0.551205 0.455572 0.548193 0.453313 0.539587
3 0.460467 0.4858 0.460279 0.489458 0.476845 0.490318 0.477033 0.486876
2 0.458773 0.479991 0.458396 0.490318 0.477221 0.490964 0.478163 0.480637
3 0.459526 0.533133 0.459526 0.536575 0.473645 0.536575 0.47628 0.535499 0.476468 0.532917
2 0.457643 0.526248 0.457078 0.537651 0.474398 0.537436 0.476468 0.535929 0.476657 0.526678
3 0.478916 0.524957 0.478727 0.528184 0.496047 0.527539 0.496047 0.524096
2 0.476657 0.518718 0.477033 0.52926 0.4968 0.52883 0.496047 0.518072
3 0.499435 0.497203 0.499247 0.50043 0.509789 0.500645 0.509977 0.497633
2 0.498117 0.490749 0.498306 0.501506 0.510542 0.501076 0.516754 0.5 0.517131 0.491179
3 0.543486 0.511188 0.543298 0.51506 0.554217 0.51506 0.554217 0.511403
2 0.54198 0.505379 0.542169 0.516351 0.56137 0.516351 0.560994 0.505594
3 0.541416 0.526893 0.541416 0.530551 0.558735 0.52969 0.558547 0.526248
2 0.538404 0.520654 0.539533 0.531411 0.559111 0.530336 0.55817 0.520009
3 0.564571 0.501936 0.564383 0.504948 0.581514 0.505809 0.58189 0.502797
2 0.562312 0.495482 0.562124 0.506239 0.582078 0.5071 0.582078 0.496558
3 0.601657 0.480207 0.602033 0.483434 0.618411 0.483003 0.618223 0.479776
2 0.599398 0.473537 0.599586 0.484509 0.619164 0.484509 0.617846 0.474182
3 0.60448 0.521299 0.604857 0.524957 0.621423 0.524957 0.621423 0.521515
2 0.602033 0.515706 0.60241 0.526463 0.622176 0.526463 0.621047 0.515275
3 0.62613 0.487306 0.62613 0.490534 0.642696 0.491179 0.642696 0.488167
2 0.624624 0.482143 0.624812 0.491824 0.643825 0.493115 0.643449 0.482573
3 0.626318 0.53679 0.626506 0.540448 0.642884 0.540663 0.643261 0.53722
3 0.644767 0.537651 0.644767 0.540878 0.661333 0.541093 0.661333 0.537436
2 0.643637 0.530981 0.643825 0.542169 0.662086 0.542384 0.661145 0.531196
2 0.62387 0.530551 0.624624 0.541308 0.643449 0.541738 0.643261 0.531196
3 0.652297 0.490103 0.652297 0.493546 0.668863 0.49333 0.668486 0.489888
3 0.661709 0.502582 0.661898 0.506239 0.678276 0.506885 0.67884 0.503873
3 0.681664 0.503227 0.682041 0.506024 0.698983 0.505594 0.698419 0.502582
2 0.650226 0.484509 0.650602 0.494406 0.669239 0.494836 0.668486 0.484509
2 0.65945 0.496558 0.660015 0.506885 0.678652 0.508176 0.679405 0.504303 0.678087 0.496773
2 0.679029 0.496342 0.680158 0.5071 0.699925 0.506885 0.697666 0.495267
3 0.702937 0.47741 0.704254 0.495482 0.707643 0.494836 0.706514 0.477194
2 0.697477 0.476119 0.69936 0.496773 0.708584 0.495912 0.707643 0.477625 0.706514 0.476119
3 0.707455 0.496558 0.709337 0.514845 0.712538 0.514415 0.71122 0.496773
2 0.701996 0.496773 0.703313 0.517427 0.713855 0.517212 0.712161 0.496127
3 0.739834 0.523236 0.740211 0.526893 0.756589 0.525387 0.756024 0.52173
2 0.736634 0.516997 0.738517 0.527754 0.757342 0.526678 0.755648 0.515491
3 0.235505 0.615964 0.234752 0.620267 0.245294 0.620482 0.245858 0.616824
2 0.234563 0.609509 0.232681 0.620912 0.252447 0.621343 0.253389 0.609725
3 0.259977 0.616824 0.259977 0.620482 0.276544 0.620267 0.276732 0.616609
2 0.259036 0.610585 0.257907 0.621773 0.276732 0.621343 0.277861 0.6108
3 0.278803 0.618761 0.27805 0.622633 0.288215 0.623279 0.288968 0.619621
2 0.27805 0.611876 0.276732 0.62457 0.296687 0.625215 0.298946 0.612952
3 0.307982 0.618761 0.308358 0.622848 0.323795 0.621343 0.323795 0.61747
2 0.306852 0.611876 0.306288 0.623709 0.32436 0.622848 0.325301 0.61037
3 0.327937 0.622848 0.327748 0.626721 0.34375 0.626076 0.343562 0.622203
2 0.326242 0.615749 0.326054 0.627582 0.344126 0.626936 0.344503 0.614888
3 0.347327 0.620697 0.347327 0.624355 0.365023 0.625861 0.365399 0.622203
2 0.346386 0.613812 0.34488 0.625645 0.365211 0.626721 0.366717 0.614888
3 0.379518 0.618976 0.37933 0.623279 0.390625 0.623064 0.391002 0.618976
2 0.379142 0.612306 0.378012 0.624785 0.398908 0.623924 0.399096 0.612091
3 0.403426 0.618546 0.402297 0.622203 0.420181 0.625861 0.42131 0.621988
2 0.402673 0.611446 0.400226 0.623279 0.42131 0.627797 0.422816 0.615534
3 0.427899 0.620912 0.428087 0.624785 0.446348 0.624139 0.446536 0.620482
2 0.426205 0.614673 0.426017 0.626721 0.446724 0.625645 0.447477 0.613812
3 0.451619 0.623279 0.451996 0.627367 0.463291 0.626076 0.462914 0.621988
2 0.451054 0.61704 0.451431 0.628012 0.467056 0.626506 0.466114 0.614888
3 0.47628 0.621127 0.47628 0.62543 0.487387 0.625645 0.487764 0.621988
2 0.475904 0.614888 0.475527 0.626291 0.490964 0.626291 0.491152 0.614673
3 0.503012 0.626076 0.503389 0.630164 0.521837 0.628442 0.521461 0.624355
2 0.500941 0.619406 0.501506 0.631454 0.52259 0.629088 0.521649 0.619621 0.520143 0.61747
3 0.525226 0.625 0.525038 0.629303 0.536333 0.629733 0.536333 0.625861
2 0.522779 0.6179 0.523155 0.630379 0.543298 0.631024 0.543486 0.618761
3 0.546122 0.623494 0.545746 0.627797 0.564571 0.628442 0.564947 0.624785
2 0.544051 0.616179 0.543675 0.628442 0.565136 0.629948 0.565324 0.623279 0.565512 0.620052 0.563818 0.61704
3 0.60448 0.623709 0.604104 0.628012 0.615964 0.627582 0.615776 0.623924
2 0.602221 0.617685 0.603163 0.629733 0.62387 0.629303 0.623682 0.617255
3 0.634413 0.625 0.634977 0.629518 0.652861 0.629088 0.652485 0.624785
2 0.631965 0.618115 0.632907 0.630164 0.653803 0.629518 0.65192 0.61704
3 0.660768 0.625645 0.660956 0.629733 0.679593 0.629518 0.679593 0.62543
2 0.658133 0.61833 0.659262 0.631024 0.680723 0.630379 0.679029 0.6179
3 0.683923 0.625215 0.683923 0.629303 0.701807 0.629303 0.702184 0.625645
2 0.681099 0.61833 0.681664 0.630594 0.703125 0.630379 0.701619 0.618546
3 0.706702 0.625215 0.706702 0.628873 0.724774 0.630164 0.724774 0.626291
2 0.704066 0.6179 0.704066 0.629733 0.725715 0.630594 0.724774 0.618976 0.704443 0.6179
3 0.728163 0.626721 0.729292 0.630809 0.746423 0.626721 0.745482 0.622848
2 0.725339 0.619621 0.72741 0.63167 0.747176 0.627367 0.743976 0.615318
