3 0.298004 0.260112 0.319842 0.262694 0.318524 0.266566 0.296875 0.263339
2 0.299511 0.254303 0.323042 0.257315 0.319277 0.267857 0.295557 0.264415
3 0.34375 0.258176 0.366905 0.25796 0.365964 0.262909 0.342997 0.263124
2 0.342809 0.254088 0.366717 0.251721 0.367846 0.252367 0.367093 0.263769 0.341114 0.26463
3 0.387801 0.256885 0.412839 0.2571 0.412274 0.261403 0.387613 0.260327
2 0.386672 0.251506 0.41378 0.250861 0.41378 0.261833 0.387425 0.261188
3 0.441642 0.255379 0.465361 0.25667 0.46442 0.261188 0.440889 0.259251
2 0.439947 0.248064 0.467056 0.25 0.465926 0.263124 0.438441 0.259897
3 0.359563 0.194062 0.380271 0.194277 0.379142 0.197719 0.359187 0.197504
2 0.359375 0.189974 0.381401 0.189329 0.380648 0.19858 0.358622 0.19815
3 0.405309 0.192341 0.426958 0.193632 0.426581 0.197719 0.405685 0.197074
2 0.404179 0.189114 0.428276 0.189114 0.427334 0.198365 0.403991 0.19815
3 0.447854 0.19148 0.467997 0.190404 0.468562 0.194277 0.447854 0.194923
2 0.445783 0.186962 0.469126 0.185671 0.470068 0.195138 0.445595 0.195783
3 0.535392 0.254088 0.560617 0.253227 0.560806 0.258176 0.534827 0.258606
2 0.533886 0.246343 0.559864 0.246988 0.562124 0.259682 0.533133 0.259897
3 0.583208 0.255809 0.608622 0.256885 0.608622 0.260327 0.583208 0.260112
2 0.58189 0.250215 0.607681 0.25043 0.609752 0.261618 0.580949 0.260112
3 0.633095 0.25796 0.657944 0.25667 0.657944 0.262478 0.633848 0.262048
2 0.630459 0.252367 0.656062 0.250861 0.658133 0.256454 0.65945 0.262478 0.632718 0.263769
3 0.675828 0.266136 0.699736 0.267427 0.700301 0.271945 0.675264 0.270439
2 0.672628 0.259897 0.699172 0.260972 0.701619 0.27216 0.673758 0.271945
3 0.724586 0.267427 0.748306 0.267212 0.748494 0.271515 0.725151 0.271515
2 0.71988 0.260972 0.746988 0.260972 0.749812 0.272375 0.722139 0.27173
3 0.115399 0.451592 0.137801 0.453098 0.136295 0.458477 0.113893 0.45654
2 0.117093 0.443417 0.142696 0.444707 0.137425 0.459552 0.111822 0.458046 0.117658 0.444062
3 0.159827 0.450947 0.182041 0.452668 0.180535 0.458046 0.157944 0.45611
2 0.161333 0.442126 0.185994 0.443847 0.180911 0.458907 0.155874 0.456325
3 0.208773 0.449226 0.231551 0.449441 0.230045 0.455465 0.206702 0.455465
2 0.208208 0.44062 0.233057 0.440835 0.230986 0.456325 0.203502 0.455895
3 0.256024 0.447935 0.280497 0.449656 0.278991 0.45654 0.253765 0.454174
2 0.256965 0.439544 0.281438 0.440835 0.28238 0.444492 0.279744 0.456971 0.251694 0.455034
3 0.307417 0.444492 0.332831 0.445138 0.332078 0.452022 0.306288 0.450516
2 0.306852 0.435241 0.336408 0.436317 0.333208 0.452022 0.33302 0.453098 0.302523 0.451377
3 0.362199 0.448795 0.390248 0.449871 0.388931 0.45568 0.361069 0.454604
2 0.361446 0.439329 0.393072 0.440835 0.390625 0.458692 0.358434 0.455465
3 0.418863 0.449656 0.447101 0.452238 0.44616 0.458477 0.417922 0.454819
2 0.417922 0.439544 0.448983 0.442556 0.447477 0.459552 0.414157 0.45568
3 0.475715 0.447719 0.502824 0.450947 0.502824 0.456756 0.474209 0.452453 0.474209 0.447504
2 0.474209 0.437177 0.506024 0.44105 0.503765 0.458262 0.470633 0.453313
3 0.537462 0.447504 0.568712 0.445998 0.568524 0.452453 0.538215 0.454174
2 0.535392 0.437392 0.568148 0.436962 0.570218 0.453313 0.535956 0.454389
3 0.599774 0.445998 0.629706 0.443417 0.630648 0.449226 0.600715 0.451162
2 0.593938 0.437392 0.627636 0.434165 0.631589 0.449656 0.597892 0.453098
3 0.663404 0.444707 0.682229 0.444277 0.682794 0.450732 0.663404 0.450947
2 0.660203 0.435241 0.692771 0.43395 0.695218 0.447289 0.692206 0.450732 0.661333 0.451377 0.659074 0.436962
3 0.734752 0.466437 0.765248 0.466437 0.766754 0.473322 0.735693 0.473107
2 0.729857 0.457186 0.763931 0.457401 0.767319 0.474398 0.733057 0.473967
3 0.801017 0.475258 0.829254 0.472246 0.831325 0.47741 0.802899 0.480852
2 0.794992 0.465146 0.825489 0.462349 0.829819 0.468589 0.833396 0.47741 0.800264 0.481713 0.794428 0.465792
3 0.026544 0.685886 0.05177 0.69062 0.049511 0.697719 0.024285 0.693417
2 0.027485 0.673193 0.055723 0.679217 0.050264 0.699441 0.02052 0.693201
3 0.067018 0.691695 0.095633 0.691695 0.093938 0.701592 0.066453 0.699871
2 0.068336 0.679432 0.098645 0.679002 0.095256 0.701807 0.095444 0.703098 0.063065 0.701592
3 0.121047 0.697935 0.147026 0.708907 0.144578 0.716437 0.118599 0.705465
2 0.124812 0.68395 0.150979 0.693847 0.149473 0.707401 0.144767 0.717298 0.115023 0.705465
3 0.188065 0.699441 0.218374 0.706325 0.216491 0.715146 0.186182 0.707401
2 0.189571 0.685671 0.193336 0.685456 0.222515 0.69105 0.220633 0.703098 0.217997 0.717083 0.183547 0.707831
3 0.251883 0.709768 0.285956 0.710843 0.285956 0.720095 0.251318 0.718374
2 0.25113 0.694923 0.288404 0.695998 0.288215 0.723322 0.247364 0.720525
3 0.320595 0.712564 0.356363 0.716007 0.355233 0.725688 0.319089 0.722676
2 0.320783 0.69901 0.35881 0.701807 0.356739 0.72741 0.31683 0.723537
3 0.39552 0.72827 0.430911 0.717728 0.432982 0.72741 0.397026 0.737091
2 0.390437 0.712995 0.429217 0.703528 0.434676 0.729561 0.393637 0.738812
3 0.472703 0.724613 0.509036 0.72784 0.508848 0.737306 0.47195 0.734079
2 0.468938 0.708907 0.509789 0.711489 0.510919 0.738382 0.466303 0.73537
3 0.547628 0.724613 0.585467 0.726764 0.584714 0.736231 0.547816 0.735155
2 0.543298 0.709768 0.583584 0.711058 0.586408 0.725473 0.586408 0.737306 0.54198 0.737522
3 0.624435 0.72827 0.662462 0.729991 0.662839 0.738597 0.624812 0.737306
2 0.618599 0.71278 0.662086 0.714071 0.66378 0.740103 0.62067 0.739028
3 0.69823 0.726334 0.733622 0.726764 0.73494 0.737091 0.69823 0.736016 0.697101 0.726979
2 0.689947 0.711489 0.732492 0.711704 0.736446 0.737737 0.693524 0.737952
3 0.771084 0.727625 0.805535 0.726119 0.807229 0.73537 0.773343 0.736446
2 0.762425 0.712564 0.803276 0.711489 0.8093 0.737091 0.76619 0.737952
3 0.841114 0.722892 0.875753 0.72074 0.878577 0.730422 0.842432 0.733003
2 0.834526 0.708907 0.872553 0.707186 0.87933 0.731928 0.840361 0.733434
3 0.907756 0.727194 0.941642 0.725473 0.942771 0.734079 0.909639 0.735585 0.906438 0.728055
2 0.899473 0.712995 0.938065 0.711704 0.944465 0.736016 0.905497 0.736231
