1 0.099021 0.420396 0.148532 0.412005 0.14759 0.421041 0.098645 0.428571
1 0.286333 0.386188 0.336785 0.379088 0.336596 0.387694 0.285768 0.394363
1 0.452372 0.362737 0.508283 0.353916 0.509413 0.362737 0.453125 0.371988
1 0.657756 0.322719 0.707455 0.317341 0.709714 0.324441 0.659827 0.330895
1 0.807982 0.312177 0.853539 0.310671 0.856363 0.318201 0.810053 0.320568
1 0.948042 0.300129 0.991905 0.297547 0.995105 0.304862 0.951054 0.30852
1 0.464797 0.55895 0.52259 0.55099 0.523908 0.562392 0.466114 0.570568
1 0.675452 0.519578 0.733622 0.512909 0.736822 0.524096 0.677899 0.531842
1 0.256401 0.588425 0.310994 0.580034 0.311559 0.591437 0.256589 0.599613
1 0.011107 0.611876 0.060806 0.605207 0.060241 0.616179 0.01073 0.622633
0 0.015248 0.570998 0.00433 0.628873 0.062123 0.621127 0.07003 0.562177
0 0.252636 0.544535 0.249247 0.605422 0.317018 0.596816 0.317395 0.535499
0 0.454066 0.514845 0.459149 0.576807 0.532003 0.56691 0.524285 0.506239
0 0.659074 0.480207 0.676958 0.537651 0.74247 0.528399 0.724398 0.471386
0 0.645331 0.29475 0.649661 0.30938 0.651167 0.311747 0.651355 0.317771 0.653426 0.320998 0.65738 0.335413 0.715173 0.327668 0.699736 0.28722
0 0.794239 0.282487 0.801581 0.30809 0.807794 0.323795 0.85994 0.322289 0.851845 0.30099 0.848268 0.290232 0.846009 0.280551
0 0.92997 0.279475 0.933735 0.292169 0.935806 0.296687 0.942018 0.296687 0.949736 0.311532 0.998682 0.308735 0.997364 0.302281 0.991529 0.29346 0.985693 0.292599 0.979669 0.292814 0.973645 0.279045 0.930158 0.277324
0 0.444842 0.328744 0.450113 0.376721 0.512613 0.36704 0.505271 0.320353
0 0.283133 0.354561 0.282003 0.379733 0.281438 0.390921 0.279932 0.395224 0.284639 0.398666 0.340361 0.390921 0.34262 0.34617 0.301393 0.352194 0.293675 0.35241 0.284262 0.35284
0 0.10128 0.388769 0.097327 0.417814 0.093938 0.433735 0.149285 0.424268 0.153426 0.397806 0.156815 0.378873 0.112199 0.386403
8 0.621235 0.469449 0.628953 0.50667 0.664345 0.501076 0.657568 0.479991 0.660015 0.47827 0.676017 0.476549 0.67244 0.461274
