3 0.5125 0.720513 0.511538 0.726923 0.528365 0.730449 0.528606 0.724359
2 0.51226 0.708333 0.509375 0.727244 0.541586 0.734936 0.542788 0.714744
3 0.359856 0.722436 0.359615 0.728526 0.388462 0.729167 0.388702 0.722756
2 0.361058 0.710577 0.359135 0.730128 0.389663 0.730769 0.389904 0.711538
3 0.56851 0.858654 0.56899 0.865385 0.596875 0.867949 0.596635 0.861218
2 0.565625 0.844551 0.565385 0.866346 0.597596 0.86891 0.596154 0.847756
3 0.633894 0.875 0.634856 0.882372 0.661538 0.880449 0.663702 0.879487 0.66274 0.873077
2 0.628365 0.861538 0.631731 0.883654 0.66226 0.882372 0.665144 0.880128 0.661298 0.858333 0.633654 0.859295 0.629808 0.859936
3 0.721875 0.841987 0.722115 0.84968 0.740144 0.85032 0.739664 0.842949
2 0.718029 0.829487 0.719712 0.850641 0.751683 0.852244 0.751683 0.85032 0.749519 0.83109
3 0.842308 0.796795 0.84351 0.803205 0.855048 0.808654 0.854327 0.801282
2 0.838462 0.785897 0.841827 0.803526 0.863221 0.813782 0.858654 0.793269 0.839423 0.785256
3 0.9625 0.765705 0.963702 0.771795 0.980288 0.774038 0.978606 0.767308
2 0.957212 0.754167 0.96226 0.772756 0.992067 0.776603 0.988221 0.759615 0.987019 0.759295 0.985577 0.757051 0.959615 0.753846
3 0.969471 0.621154 0.970673 0.626603 0.985577 0.629167 0.984135 0.623718
2 0.965144 0.613141 0.969712 0.628205 0.996394 0.632372 0.99351 0.616346 0.967308 0.6125
3 0.951923 0.558013 0.953365 0.56218 0.966346 0.5625 0.965144 0.557372
2 0.946875 0.548718 0.953125 0.564103 0.976202 0.563141 0.972356 0.552564 0.971154 0.551923 0.969231 0.549359 0.949279 0.548397
3 0.920913 0.449359 0.922115 0.452885 0.938462 0.451603 0.937019 0.447756
2 0.916346 0.442628 0.922115 0.455128 0.942548 0.452885 0.938702 0.444872 0.936058 0.442949 0.934375 0.441667 0.916346 0.441667
3 0.953365 0.45641 0.954808 0.459936 0.966346 0.459295 0.965144 0.455769
2 0.948798 0.44968 0.953846 0.461218 0.975721 0.459615 0.96899 0.447756 0.95024 0.44968
3 0.868269 0.395192 0.86875 0.398397 0.879327 0.398718 0.879087 0.395513
2 0.861058 0.388462 0.868029 0.401923 0.887019 0.404487 0.883894 0.390385
3 0.88125 0.353526 0.882452 0.357372 0.893269 0.357372 0.893029 0.353526
2 0.877404 0.349038 0.880529 0.359615 0.902404 0.359936 0.89976 0.348718 0.878606 0.347436
3 0.900962 0.400641 0.902885 0.405449 0.921875 0.407051 0.920192 0.401923
2 0.894712 0.39359 0.898317 0.406731 0.924519 0.409295 0.91899 0.395833
2 0.928846 0.397436 0.933173 0.408974 0.958414 0.411538 0.953365 0.398397
3 0.934375 0.404487 0.935096 0.408013 0.955529 0.409615 0.954327 0.405449
2 0.96226 0.4 0.966586 0.4125 0.992788 0.414744 0.98726 0.400641 0.962981 0.399679
3 0.968029 0.407051 0.96899 0.410256 0.988462 0.411859 0.987981 0.408013
3 0.643029 0.433013 0.64351 0.436859 0.6625 0.4375 0.662019 0.433654
2 0.639663 0.425962 0.641346 0.438462 0.665144 0.438141 0.663462 0.426603
3 0.679087 0.386218 0.679808 0.389423 0.699519 0.390385 0.699038 0.386859
2 0.675721 0.380449 0.676683 0.390064 0.701202 0.391346 0.698077 0.380449
3 0.733894 0.390705 0.735337 0.39359 0.750721 0.391667 0.749038 0.388462
2 0.728125 0.385256 0.733413 0.396474 0.752644 0.392628 0.744471 0.382051
3 0.255529 0.590385 0.254327 0.594872 0.278846 0.600641 0.280288 0.595513
2 0.25625 0.580449 0.250721 0.595192 0.27524 0.601282 0.279327 0.601923 0.283413 0.588462 0.28101 0.585897
8 0.418269 0.702885 0.41851 0.708013 0.442308 0.707372 0.442067 0.702244
8 0.126202 0.706731 0.12524 0.711538 0.150481 0.713782 0.150962 0.708974
3 0.025721 0.360577 0.02524 0.363782 0.038702 0.363141 0.038702 0.360577
2 0.025962 0.355128 0.022596 0.364744 0.047356 0.363141 0.05024 0.355128 0.049519 0.352885
3 0.748798 0.439423 0.749279 0.443269 0.76899 0.445513 0.768029 0.441346
2 0.745192 0.432372 0.746154 0.44391 0.769952 0.447115 0.767788 0.434936
8 0.100481 0.799679 0.099519 0.805128 0.125 0.808013 0.126683 0.803205
8 0.308654 0.800641 0.308654 0.805449 0.335577 0.80641 0.334856 0.801603
8 0.413221 0.802244 0.413221 0.808013 0.439183 0.807692 0.439423 0.802244
8 0.626202 0.814744 0.626683 0.820513 0.652163 0.820192 0.651442 0.815064
8 0.780288 0.833974 0.78101 0.838782 0.80601 0.841026 0.805529 0.835577
8 0.715385 0.7625 0.715625 0.768269 0.74976 0.770833 0.749279 0.763782
3 0.798798 0.617949 0.80024 0.623077 0.823558 0.621795 0.822115 0.616346
2 0.79351 0.609936 0.797837 0.624359 0.82476 0.623077 0.820192 0.608974 0.817788 0.607372
3 0.633413 0.576923 0.633413 0.58109 0.647837 0.581731 0.647115 0.577885
2 0.63149 0.568269 0.632212 0.582692 0.658173 0.583654 0.656731 0.569231
8 0.514423 0.589423 0.514423 0.59391 0.535577 0.595513 0.535817 0.591026
5 0.139423 0.827885 0.137981 0.83718 0.175721 0.840385 0.177404 0.831731
5 0.202644 0.840064 0.202163 0.845833 0.226923 0.847756 0.227163 0.842628
4 0.138462 0.825641 0.136058 0.838141 0.176442 0.841987 0.178606 0.830449
4 0.201923 0.839423 0.201442 0.846474 0.227404 0.848718 0.227885 0.841987
5 0.036779 0.826282 0.035817 0.831731 0.059375 0.833333 0.060817 0.827885
4 0.036538 0.825 0.035096 0.832051 0.060096 0.833974 0.062019 0.826923
5 0.223798 0.742308 0.223317 0.747436 0.245433 0.74968 0.245913 0.744551
4 0.223317 0.741346 0.222115 0.748077 0.246154 0.75032 0.246875 0.74391
5 0.470192 0.738141 0.470433 0.742949 0.492788 0.744231 0.492548 0.739103
4 0.469471 0.737179 0.469712 0.74359 0.49351 0.745192 0.49351 0.738782
3 0.597837 0.643269 0.598077 0.648077 0.6125 0.64968 0.612019 0.644872
2 0.594231 0.633333 0.595192 0.649038 0.622356 0.652244 0.620673 0.636859
3 0.636058 0.648397 0.636538 0.654167 0.660577 0.657051 0.660337 0.650962
2 0.633413 0.638462 0.633413 0.651923 0.633413 0.657372 0.66226 0.661218 0.660096 0.642628
8 0.164423 0.734936 0.163702 0.741667 0.198798 0.745192 0.199519 0.738141
4 0.525 0.844872 0.525 0.85 0.547356 0.852564 0.548317 0.846795
5 0.525481 0.845192 0.525481 0.84968 0.546875 0.851923 0.547837 0.847115
