1 0.0375 0.48718 0.035096 0.497756 0.052404 0.495513 0.070913 0.495833 0.10625 0.494551 0.108173 0.485897 0.08125 0.484615 0.056731 0.484615
0 0.045192 0.463141 0.027644 0.494231 0.027404 0.504167 0.06226 0.502564 0.111058 0.498718 0.121154 0.478205 0.127163 0.459936 0.083654 0.460256 0.060337 0.461538
1 0.346635 0.339744 0.345433 0.346154 0.364663 0.347436 0.377163 0.348077 0.396635 0.34968 0.396635 0.344551 0.38149 0.342628 0.370192 0.340385 0.358413 0.339744 0.347596 0.339744
0 0.347115 0.320192 0.34351 0.349359 0.373317 0.34968 0.403365 0.35 0.403846 0.322756
1 0.515385 0.36218 0.515865 0.369231 0.526442 0.369231 0.541106 0.370192 0.56226 0.371154 0.562019 0.365064 0.548077 0.364744 0.535817 0.363141 0.523077 0.36218 0.516106 0.36218
0 0.507692 0.342949 0.509375 0.371474 0.530529 0.372436 0.554087 0.372756 0.570673 0.373077 0.563942 0.34391 0.544952 0.344231 0.527404 0.342949 0.513221 0.342949
1 0.689423 0.363782 0.691587 0.36891 0.708894 0.36891 0.721394 0.36891 0.740385 0.367628 0.738221 0.36282 0.728365 0.363462 0.71899 0.36218 0.708173 0.363141 0.696635 0.363462 0.689904 0.363141
0 0.676923 0.341346 0.688942 0.371795 0.707452 0.370513 0.723317 0.372115 0.745913 0.369872 0.740625 0.35609 0.733894 0.341026 0.710337 0.341987 0.691587 0.341667
1 0.330288 0.546795 0.330048 0.558013 0.35024 0.559615 0.367788 0.559936 0.398798 0.5625 0.4 0.552885 0.384615 0.550962 0.361298 0.548718 0.344471 0.546154
0 0.328365 0.510897 0.319952 0.561859 0.365385 0.565064 0.408173 0.567308 0.409135 0.51891 0.382212 0.516667 0.353606 0.51218
1 0.762981 0.558974 0.766346 0.56859 0.78101 0.572436 0.792788 0.576282 0.800962 0.577244 0.814183 0.576923 0.82476 0.57468 0.819712 0.566667 0.810577 0.56859 0.802885 0.567949 0.79375 0.565385 0.780529 0.561859 0.770192 0.558654
0 0.748077 0.515385 0.751442 0.541987 0.759856 0.572756 0.776683 0.577885 0.789904 0.58109 0.825962 0.577244 0.832692 0.571154 0.82476 0.557372 0.819952 0.548077 0.814904 0.532372 0.79399 0.526603 0.779327 0.523077 0.760577 0.517628
