5 0.270433 0.654167 0.307212 0.653205 0.305529 0.659936 0.26899 0.660577
4 0.25625 0.65032 0.308173 0.651603 0.305529 0.6625 0.252885 0.661218
3 0.585817 0.670192 0.609856 0.669231 0.610096 0.674359 0.586058 0.674359
2 0.583414 0.663141 0.611538 0.663141 0.6125 0.67532 0.583894 0.67532
3 0.584856 0.622756 0.608654 0.622436 0.609135 0.626923 0.586058 0.626603 0.585337 0.622756
2 0.58125 0.617628 0.607692 0.616987 0.609856 0.627885 0.582692 0.627564
3 0.578125 0.585577 0.600721 0.585256 0.601202 0.588462 0.578125 0.588782
2 0.575 0.58109 0.601202 0.580449 0.601202 0.591987 0.575962 0.591987
5 0.434856 0.636859 0.464904 0.636218 0.464663 0.641667 0.434375 0.641987
4 0.432933 0.634936 0.466346 0.635256 0.467067 0.644551 0.433173 0.643269
5 0.663702 0.654167 0.715625 0.655769 0.717548 0.663782 0.66274 0.6625 0.661538 0.654487
4 0.63726 0.651923 0.717067 0.653846 0.718269 0.665064 0.639663 0.66282
3 0.716106 0.638462 0.740625 0.639103 0.741587 0.644231 0.717067 0.642949
2 0.7125 0.632372 0.738942 0.632692 0.742548 0.645833 0.715865 0.644551
5 0.0125 0.637821 0.057212 0.638462 0.054567 0.649359 0.008173 0.65032 0.007452 0.649038
4 0.020192 0.622436 0.063462 0.624038 0.058413 0.654808 0.002404 0.651923
