1 0.397837 0.268269 0.397837 0.277564 0.417788 0.281731 0.438942 0.283333 0.465625 0.28109 0.465144 0.272756 0.4375 0.272756 0.419712 0.271795 0.40625 0.269551
0 0.39375 0.229808 0.392788 0.258013 0.391587 0.278846 0.419471 0.287821 0.452163 0.2875 0.470673 0.283333 0.470433 0.236218 0.436779 0.233333 0.411058 0.23141
1 0.75625 0.28718 0.757452 0.294872 0.782212 0.29391 0.780769 0.286859
1 0.757933 0.298077 0.760096 0.30609 0.785817 0.305769 0.783414 0.297436
1 0.743029 0.310577 0.744952 0.316987 0.788462 0.317628 0.787019 0.309615 0.759135 0.309295
1 0.748798 0.324038 0.750721 0.33109 0.791827 0.330128 0.790144 0.322756
0 0.727885 0.269872 0.738942 0.317949 0.74976 0.358333 0.825 0.357692 0.809615 0.310577 0.795673 0.273718 0.761058 0.270513
3 0.047356 0.835256 0.046875 0.841987 0.06875 0.840705 0.069471 0.833013 0.055048 0.834295
2 0.051442 0.822115 0.046875 0.836218 0.046635 0.842628 0.077404 0.842949 0.078365 0.822756
3 0.113942 0.81218 0.114423 0.820192 0.131971 0.816667 0.147356 0.81218 0.147837 0.803846 0.13125 0.808333 0.119952 0.809936
2 0.110577 0.799679 0.110817 0.821795 0.14976 0.813141 0.146875 0.791346 0.127885 0.795192
5 0.388942 0.492628 0.387981 0.498397 0.420913 0.501282 0.420913 0.493269
4 0.386538 0.489103 0.386298 0.500962 0.422596 0.502885 0.423077 0.489423
3 0.441587 0.497756 0.441346 0.503846 0.455048 0.505769 0.466346 0.50609 0.466587 0.5 0.454327 0.499359 0.447356 0.498397
2 0.439904 0.48718 0.438221 0.503205 0.4375 0.50609 0.466827 0.507692 0.46851 0.491026
5 0.715144 0.544872 0.715865 0.551282 0.744712 0.550641 0.74399 0.544872
4 0.710577 0.53782 0.71226 0.551923 0.745913 0.551282 0.74375 0.536538
3 0.217788 0.571795 0.217067 0.577564 0.230529 0.577885 0.244952 0.579167 0.245433 0.574038 0.23125 0.572436 0.222356 0.571795
2 0.217067 0.561859 0.214904 0.578205 0.229808 0.579167 0.245913 0.580128 0.247837 0.563462 0.229567 0.561859
3 0.309615 0.516987 0.309135 0.522756 0.335337 0.525 0.335337 0.519231 0.323317 0.517628 0.315625 0.517308
2 0.309375 0.507372 0.306971 0.522756 0.335817 0.525641 0.338462 0.510577 0.323798 0.508654
3 0.515144 0.549679 0.515865 0.555449 0.541586 0.553205 0.540625 0.547756 0.527163 0.548397
2 0.51274 0.540385 0.514423 0.555769 0.543269 0.553526 0.540625 0.5375 0.526442 0.538462
3 0.645914 0.569551 0.647837 0.575321 0.661298 0.56859 0.659856 0.563462 0.652404 0.566987
2 0.641827 0.56218 0.646875 0.576603 0.672115 0.565385 0.663942 0.550641 0.652163 0.557051
3 0.821154 0.563782 0.821154 0.569872 0.829567 0.571474 0.836779 0.572756 0.844712 0.57468 0.844231 0.56859 0.832933 0.566346 0.825962 0.564423
2 0.820192 0.554487 0.820192 0.570513 0.844952 0.575321 0.84399 0.558654 0.830769 0.55609 0.819712 0.554167
3 0.85625 0.511538 0.857212 0.516026 0.86899 0.517308 0.881731 0.519551 0.88149 0.513462 0.873558 0.5125 0.864664 0.51218
2 0.851923 0.501923 0.853606 0.513462 0.854808 0.517308 0.864664 0.517949 0.882692 0.520192 0.880529 0.505128 0.869471 0.504487 0.859375 0.502885
3 0.428846 0.697436 0.430048 0.703846 0.445913 0.700641 0.445192 0.694231
2 0.425962 0.6875 0.428365 0.704487 0.454327 0.7 0.450481 0.683654
3 0.492067 0.720192 0.49399 0.726282 0.509615 0.719872 0.507452 0.713462
2 0.486538 0.709615 0.491827 0.728526 0.519712 0.716667 0.514663 0.699038
3 0.423558 0.819231 0.423798 0.827564 0.438702 0.826923 0.454087 0.827564 0.454087 0.819551 0.435817 0.81859
2 0.420192 0.807372 0.421154 0.829487 0.455288 0.828846 0.454327 0.806731
3 0.480529 0.791346 0.482212 0.799359 0.510337 0.795192 0.509856 0.78782 0.492067 0.789423
2 0.476683 0.778526 0.478606 0.800641 0.51274 0.796154 0.509135 0.774359
3 0.523798 0.808654 0.523798 0.816346 0.552404 0.81859 0.552164 0.810897
2 0.521154 0.795833 0.521154 0.817308 0.553365 0.81891 0.552644 0.797436 0.534375 0.797436
3 0.532212 0.858333 0.534375 0.866987 0.562981 0.857372 0.560817 0.849359 0.54351 0.855128
2 0.527404 0.844551 0.53149 0.86859 0.564664 0.858654 0.558173 0.835897
3 0.632692 0.823397 0.633173 0.832372 0.665385 0.833333 0.665625 0.823718 0.647356 0.822756
9 0.629327 0.813782 0.631731 0.850962 0.66851 0.852564 0.664904 0.814423
3 0.698077 0.808974 0.701202 0.815385 0.726442 0.804808 0.723798 0.797115
2 0.692067 0.797436 0.698558 0.817308 0.727163 0.80641 0.720192 0.786859
9 0.860337 0.54359 0.867067 0.570833 0.899038 0.569872 0.892308 0.541987
3 0.218029 0.753846 0.216827 0.759936 0.227163 0.765064 0.238462 0.769231 0.245192 0.771474 0.247356 0.762821 0.229087 0.757372
2 0.221875 0.742628 0.214423 0.758974 0.230288 0.768269 0.245913 0.772756 0.250962 0.752564
3 0.216827 0.802885 0.215625 0.810256 0.232212 0.813782 0.247837 0.816026 0.248558 0.808013 0.232212 0.805449 0.221875 0.803205
2 0.217788 0.788782 0.214423 0.810577 0.25 0.816346 0.253125 0.795513
9 0.283654 0.790705 0.278606 0.828526 0.318269 0.830769 0.321635 0.796154 0.297596 0.792308
3 0.292067 0.780769 0.290865 0.7875 0.298317 0.790064 0.304327 0.791667 0.311298 0.793269 0.320673 0.795192 0.322115 0.7875 0.31226 0.785256 0.303365 0.783333 0.296154 0.78141
2 0.292788 0.767949 0.28726 0.788141 0.29976 0.791026 0.3125 0.79359 0.321394 0.795513 0.324279 0.782372 0.324279 0.775641 0.305288 0.770833
7 0.355048 0.820513 0.354087 0.830128 0.383413 0.830128 0.383654 0.820192
6 0.351923 0.817628 0.350721 0.832372 0.387981 0.832692 0.387981 0.817308
9 0.604567 0.698718 0.60601 0.730449 0.638462 0.733013 0.636058 0.701923
3 0.607452 0.688462 0.608654 0.695833 0.634615 0.696795 0.634135 0.689423 0.627644 0.689744 0.617548 0.689103
2 0.605529 0.679167 0.607933 0.696795 0.635096 0.697756 0.633413 0.679487 0.622356 0.680128 0.609856 0.678846
3 0.691827 0.748077 0.693269 0.755128 0.721154 0.754167 0.719952 0.746795
2 0.687981 0.735256 0.691106 0.755769 0.723317 0.754167 0.71851 0.733333
3 0.776683 0.718269 0.778606 0.72532 0.792788 0.724038 0.804808 0.722756 0.803125 0.716026 0.796394 0.716987 0.785337 0.717308
2 0.772356 0.706731 0.776683 0.726603 0.806731 0.723077 0.80024 0.703526
3 0.539663 0.755449 0.539904 0.763141 0.552404 0.763462 0.56875 0.763782 0.56899 0.75609 0.554567 0.755769 0.54399 0.755769
2 0.538221 0.74359 0.538702 0.763462 0.570192 0.764423 0.56899 0.74391
8 0.585817 0.828205 0.586538 0.851282 0.614904 0.852244 0.612981 0.826923 0.58726 0.828526
8 0.788702 0.820513 0.795192 0.84391 0.820433 0.838141 0.814664 0.81282
8 0.861538 0.821154 0.86875 0.844551 0.894712 0.839103 0.887019 0.813462
8 0.855288 0.741346 0.8625 0.765705 0.888221 0.758654 0.879087 0.734295
8 0.906971 0.71282 0.911779 0.734615 0.935817 0.730769 0.930529 0.709295
8 0.930288 0.826923 0.934615 0.852244 0.963221 0.850962 0.95601 0.827244
3 0.720673 0.563462 0.720673 0.567949 0.746875 0.571474 0.747115 0.565705 0.7375 0.564744 0.726442 0.563141
2 0.719712 0.554167 0.71899 0.56859 0.748077 0.572115 0.747356 0.557051
0 0.001202 0.222756 0.000481 0.284936 0.040385 0.286859 0.059615 0.227885 0.023317 0.225641
