5 0.121988 0.093158 0.150038 0.089931 0.150226 0.09574 0.120482 0.098967
4 0.105986 0.092943 0.151544 0.088425 0.152108 0.097461 0.103727 0.104346
5 0.110505 0.143718 0.139872 0.138985 0.139495 0.144793 0.109375 0.150172
4 0.092997 0.144148 0.143449 0.135542 0.143072 0.146945 0.090926 0.156626
5 0.21988 0.182659 0.248682 0.179217 0.249059 0.186532 0.219126 0.190189
4 0.20369 0.183305 0.250376 0.178356 0.250753 0.188683 0.202372 0.194923
5 0.228539 0.137478 0.25753 0.133821 0.257907 0.13963 0.227786 0.142642
4 0.213291 0.136403 0.257342 0.13253 0.258283 0.140491 0.211973 0.146084
5 0.240587 0.093158 0.268637 0.092083 0.268449 0.097246 0.238705 0.097892 0.238893 0.092728
4 0.222892 0.092083 0.270143 0.090146 0.270331 0.099398 0.222139 0.099398
5 0.236822 0.046472 0.264307 0.04475 0.263931 0.050344 0.236634 0.05142
4 0.219503 0.046256 0.26619 0.042384 0.265625 0.051635 0.220068 0.055077
5 0.286521 0.175344 0.31683 0.171041 0.316642 0.177711 0.286709 0.181583
4 0.268449 0.173838 0.317959 0.169966 0.318901 0.179647 0.268825 0.186102
5 0.298569 0.131024 0.328313 0.129518 0.328502 0.135972 0.298758 0.137048
4 0.281062 0.129948 0.329254 0.127582 0.330008 0.137478 0.279932 0.140706
5 0.300075 0.084122 0.329443 0.085413 0.329066 0.091222 0.299322 0.088425
4 0.283133 0.083477 0.331325 0.082401 0.329819 0.092728 0.282003 0.091867
5 0.308547 0.039587 0.33622 0.040448 0.33622 0.045396 0.30817 0.044966
4 0.28991 0.038296 0.336785 0.039587 0.336973 0.047332 0.288404 0.046902
5 0.357304 0.16975 0.388931 0.166738 0.388931 0.173623 0.356928 0.177065
4 0.339797 0.167814 0.389684 0.164802 0.390248 0.175344 0.339608 0.180938
5 0.366905 0.125215 0.396461 0.123279 0.396461 0.129088 0.366152 0.131454
4 0.349398 0.123709 0.399096 0.121127 0.399473 0.130809 0.349209 0.134251
5 0.366717 0.084337 0.395708 0.083907 0.39552 0.089716 0.36634 0.090792
4 0.352598 0.083907 0.397214 0.082616 0.39759 0.091437 0.349962 0.093158 0.350904 0.083262
5 0.375753 0.039587 0.40512 0.037435 0.404367 0.04346 0.37613 0.045181
4 0.358434 0.039802 0.40625 0.03679 0.407191 0.04432 0.358434 0.049053
3 0.455384 0.201162 0.481551 0.199441 0.481928 0.20568 0.454254 0.205465
2 0.453313 0.192986 0.482492 0.191695 0.484187 0.207401 0.453313 0.208046
5 0.442583 0.165663 0.474021 0.165448 0.474021 0.171687 0.442583 0.171902
4 0.423946 0.163296 0.474774 0.164157 0.475904 0.172978 0.42244 0.174268
3 0.454631 0.15512 0.479857 0.155551 0.47948 0.160714 0.454254 0.160714
2 0.453125 0.148021 0.48061 0.14759 0.480422 0.16136 0.452937 0.160714 0.453502 0.148666
5 0.443901 0.125 0.472892 0.124139 0.472892 0.130379 0.442771 0.130809 0.443148 0.125215
4 0.424887 0.123924 0.474586 0.122849 0.474398 0.13167 0.424699 0.134682 0.424134 0.124355
3 0.420746 0.103055 0.444842 0.102625 0.445218 0.107143 0.420369 0.107788
2 0.419239 0.097031 0.446724 0.095955 0.446724 0.108219 0.418675 0.108434
3 0.438818 0.081756 0.462161 0.080034 0.462161 0.083692 0.439194 0.084337
2 0.43637 0.075516 0.462726 0.074871 0.463479 0.083692 0.436747 0.085628
5 0.443148 0.06648 0.47195 0.064759 0.47195 0.070568 0.443148 0.072074
4 0.426581 0.06691 0.472515 0.064544 0.472892 0.071213 0.426581 0.074656
5 0.44183 0.05099 0.474021 0.049699 0.474774 0.054002 0.441453 0.055723 0.4407 0.050344
4 0.439571 0.050129 0.474962 0.049269 0.475715 0.054432 0.432982 0.056799 0.432417 0.05142
3 0.451996 0.020869 0.472892 0.021945 0.472327 0.026463 0.450866 0.024527 0.450866 0.021084
2 0.44936 0.015706 0.473645 0.016566 0.473456 0.027539 0.448042 0.024742
3 0.386107 0.020439 0.408509 0.020009 0.408133 0.024312 0.38573 0.024742
2 0.383471 0.014415 0.409262 0.013985 0.409074 0.025387 0.382154 0.025172
5 0.518637 0.162435 0.551393 0.16179 0.550828 0.167814 0.518637 0.168244
4 0.498117 0.161575 0.552146 0.158993 0.552146 0.169535 0.498306 0.171687
5 0.519955 0.115964 0.55177 0.114673 0.551958 0.120697 0.52052 0.121127
4 0.500565 0.115318 0.552334 0.114028 0.552334 0.121988 0.500941 0.122633
3 0.497553 0.107573 0.522026 0.104776 0.522402 0.109509 0.498494 0.112522
2 0.493788 0.101119 0.522402 0.098752 0.52372 0.10994 0.496047 0.113812
5 0.508283 0.089716 0.538215 0.088855 0.538404 0.094449 0.507718 0.09488 0.507154 0.089286
4 0.491905 0.088425 0.490964 0.097246 0.539345 0.095095 0.539157 0.08821
3 0.586973 0.06691 0.59695 0.068201 0.612387 0.069062 0.612387 0.07358 0.585843 0.071644
2 0.585655 0.061532 0.595633 0.060886 0.613328 0.061317 0.613517 0.074871 0.584526 0.073365
5 0.585279 0.054217 0.616529 0.052496 0.617658 0.05938 0.586785 0.059811
4 0.567959 0.053571 0.61747 0.05142 0.618223 0.059811 0.568901 0.061317
3 0.572854 0.035929 0.597139 0.033133 0.597892 0.037651 0.573419 0.040017
2 0.571913 0.035069 0.598833 0.032487 0.601092 0.041954 0.572854 0.04432
5 0.583396 0.026463 0.614646 0.024742 0.614646 0.029045 0.583961 0.030766
4 0.567395 0.026678 0.567771 0.033778 0.615587 0.031196 0.615211 0.023666
3 0.582078 0.010327 0.610504 0.009466 0.610881 0.013985 0.582643 0.01506
2 0.565512 0.009036 0.611069 0.008176 0.612011 0.01463 0.565512 0.017427
5 0.676581 0.003657 0.712161 0.003227 0.712538 0.008391 0.677146 0.010112
4 0.655685 0.003873 0.713479 0.002367 0.713855 0.010112 0.656438 0.011833
5 0.670181 0.106282 0.701054 0.105637 0.701054 0.1108 0.669804 0.111661
4 0.650791 0.104346 0.70369 0.10284 0.705008 0.112952 0.653238 0.114458
5 0.677899 0.136188 0.711032 0.135327 0.710843 0.141566 0.679029 0.142427
4 0.659639 0.134251 0.711032 0.133606 0.713102 0.143287 0.662086 0.144363
5 0.682794 0.165663 0.715361 0.165878 0.716114 0.172547 0.682605 0.174268
4 0.664345 0.165663 0.717809 0.163511 0.71762 0.173408 0.665663 0.176205
5 0.764684 0.150172 0.796875 0.151033 0.798193 0.158133 0.765625 0.157057
4 0.746235 0.148451 0.798569 0.149742 0.799887 0.159208 0.747176 0.157272
5 0.827937 0.061532 0.833961 0.060886 0.84262 0.091007 0.836408 0.090146
4 0.82116 0.045826 0.830384 0.046041 0.844315 0.091867 0.83622 0.092513
5 0.838102 0.158563 0.868035 0.161575 0.869352 0.166523 0.838291 0.163726
4 0.819465 0.156626 0.870482 0.159854 0.871423 0.16846 0.822101 0.165448 0.818712 0.156842
