1 0.184856 0.324359 0.158654 0.323397 0.140865 0.322115 0.13726 0.322115 0.134615 0.33141 0.183654 0.33109
0 0.20024 0.305128 0.142308 0.30609 0.132452 0.330769 0.134375 0.331731 0.18774 0.333974
1 0.380288 0.337179 0.355048 0.333654 0.328846 0.330769 0.327644 0.338782 0.38125 0.345833 0.38149 0.33782
0 0.3875 0.309295 0.330769 0.301923 0.327163 0.325641 0.323798 0.339744 0.349519 0.344231 0.383413 0.347436 0.384615 0.344231 0.387981 0.310256
1 0.555048 0.363141 0.528125 0.360256 0.504087 0.355449 0.503846 0.363462 0.55625 0.371154 0.557452 0.363141
0 0.556731 0.342949 0.529086 0.342628 0.501923 0.338782 0.501442 0.366026 0.5125 0.367949 0.538462 0.370513 0.556971 0.373397 0.558413 0.365705 0.557452 0.347756
1 0.720192 0.338141 0.702163 0.336859 0.680048 0.336538 0.674519 0.336859 0.675721 0.344231 0.723798 0.34391 0.723798 0.338462 0.722837 0.336859 0.721154 0.3375
0 0.711779 0.321474 0.663942 0.321474 0.673558 0.345513 0.727885 0.345513 0.718269 0.327564
1 0.905048 0.354487 0.875481 0.36282 0.863221 0.365385 0.868269 0.373397 0.9125 0.36282 0.913702 0.360897 0.908173 0.352564
0 0.89375 0.336538 0.869471 0.341987 0.844952 0.347115 0.866346 0.375641 0.905048 0.368269 0.913221 0.365705 0.914904 0.36218 0.909856 0.352564 0.897837 0.340385
1 0.070192 0.573077 0.057933 0.575962 0.047356 0.575 0.034135 0.57468 0.01875 0.573397 0.002404 0.571795 0.001202 0.580128 0.000481 0.588462 0.010817 0.585897 0.021394 0.585897 0.031971 0.586538 0.042308 0.586218 0.049519 0.58718 0.057692 0.588782 0.066106 0.586859 0.069231 0.585256
0 0.090385 0.532051 0.071875 0.539103 0.049279 0.53718 0.020433 0.533333 0.01274 0.531731 0.001683 0.567628 0.000721 0.582051 0.0 0.589103 0.0 0.593269 0.007933 0.589744 0.01875 0.588462 0.025721 0.590385 0.031971 0.590385 0.037019 0.589744 0.040385 0.588782 0.045913 0.589744 0.051923 0.591667 0.060817 0.592308 0.069471 0.588462 0.071875 0.583654 0.075721 0.571474 0.083413 0.557372
1 0.450481 0.579487 0.41226 0.569872 0.380769 0.561859 0.378846 0.578526 0.397596 0.582372 0.45024 0.592308 0.452404 0.579808
0 0.457933 0.541987 0.383173 0.529167 0.373077 0.580769 0.428606 0.592628 0.454327 0.597436
1 0.711779 0.535577 0.646154 0.534295 0.648077 0.547436 0.715144 0.546795 0.714904 0.535897
0 0.70649 0.502244 0.635817 0.500962 0.64399 0.550962 0.71875 0.551603 0.716827 0.535256
