1 0.438942 0.382051 0.438221 0.39391 0.45625 0.396795 0.482933 0.405128 0.497837 0.410897 0.498798 0.402564 0.488221 0.399038 0.4625 0.390385
0 0.435096 0.35609 0.434375 0.366667 0.432452 0.396474 0.452404 0.40032 0.486058 0.409615 0.494952 0.411859 0.500721 0.416667 0.502404 0.401923 0.502404 0.373077
1 0.68774 0.410577 0.753125 0.409936 0.755288 0.419872 0.689904 0.419551
0 0.672596 0.374359 0.701202 0.376282 0.746154 0.375 0.7625 0.42532 0.726442 0.424038 0.685096 0.424038
9 0.61899 0.421795 0.627164 0.454487 0.65649 0.454808 0.686298 0.450962 0.675962 0.415385 0.616827 0.417308
8 0.08149 0.770833 0.113462 0.771795 0.108894 0.79391 0.073798 0.792628
3 0.113702 0.828846 0.145673 0.829487 0.144231 0.836859 0.11274 0.835256
2 0.110096 0.820513 0.10601 0.839744 0.141106 0.839744 0.146154 0.8375 0.149038 0.821154
1 0.362019 0.314103 0.375 0.317308 0.374519 0.320833 0.360817 0.317949
0 0.36274 0.301282 0.357212 0.318269 0.371394 0.321795 0.38149 0.323718 0.3875 0.325641 0.39351 0.307372
