3 0.262801 0.206325 0.262236 0.211919 0.29311 0.210413 0.293863 0.204819
2 0.261107 0.19858 0.257907 0.213425 0.293675 0.212134 0.295181 0.200086
3 0.413027 0.217728 0.412462 0.223107 0.444277 0.222676 0.444277 0.217728
2 0.410392 0.210198 0.408509 0.224182 0.445595 0.224613 0.445783 0.214931 0.442771 0.209983
3 0.453502 0.157702 0.453502 0.161145 0.480986 0.16179 0.480986 0.157702
2 0.449736 0.150818 0.449925 0.162005 0.481363 0.162651 0.480986 0.151463
3 0.512801 0.096386 0.512801 0.099613 0.527485 0.100043 0.52692 0.097246
2 0.510542 0.091867 0.511107 0.100258 0.537651 0.101334 0.537651 0.092513
3 0.543486 0.138124 0.54311 0.141566 0.569089 0.143933 0.569277 0.140706
2 0.540474 0.132745 0.540663 0.142857 0.570218 0.145009 0.570218 0.134897
3 0.549134 0.177926 0.548946 0.181368 0.578502 0.182874 0.578313 0.179432
2 0.545934 0.171041 0.546122 0.182229 0.579066 0.18395 0.577748 0.173408
3 0.544239 0.219449 0.544428 0.224398 0.573607 0.224828 0.575113 0.223322 0.574548 0.21988
2 0.540851 0.211919 0.541416 0.225473 0.573795 0.225473 0.576054 0.223107 0.574925 0.212134
3 0.608434 0.144363 0.608622 0.147806 0.632718 0.148021 0.632907 0.144793
2 0.606363 0.137909 0.606551 0.148451 0.633471 0.149096 0.633283 0.138985
3 0.702372 0.200301 0.703125 0.203959 0.719503 0.205034 0.717997 0.201377
2 0.697101 0.194277 0.701807 0.205465 0.73061 0.207616 0.726845 0.195783
3 0.770896 0.208477 0.772026 0.211919 0.798381 0.21364 0.795934 0.209552
2 0.76506 0.202238 0.770708 0.213425 0.799699 0.215146 0.793863 0.203959
3 0.859375 0.251076 0.861634 0.255809 0.884413 0.254303 0.882907 0.249785
2 0.853916 0.246558 0.860316 0.25796 0.887048 0.255809 0.878953 0.2429
3 0.0593 0.329604 0.058358 0.334983 0.071913 0.335843 0.092997 0.332186 0.095821 0.326807
2 0.058735 0.319062 0.053464 0.335413 0.081137 0.336704 0.092997 0.334337 0.099021 0.318632 0.075301 0.318201
3 0.049322 0.347676 0.047816 0.354561 0.08189 0.356713 0.08302 0.349613
2 0.054217 0.338425 0.047063 0.344234 0.043675 0.356713 0.083584 0.359294 0.084526 0.350043 0.088291 0.341007
3 0.101092 0.350688 0.100339 0.356282 0.134036 0.354991 0.136295 0.347892
2 0.101845 0.339501 0.09488 0.357788 0.133471 0.356928 0.135354 0.354561 0.140813 0.340146 0.138742 0.337565
3 0.181099 0.313038 0.180158 0.318847 0.214608 0.316695 0.216867 0.311747
2 0.179782 0.302281 0.176205 0.319277 0.216491 0.317771 0.21875 0.30099
3 0.155685 0.387478 0.154744 0.394363 0.192018 0.394363 0.193901 0.387694
2 0.154744 0.373924 0.149849 0.397806 0.192395 0.399312 0.195971 0.376076
7 0.025414 0.426635 0.016943 0.447935 0.093373 0.450947 0.104104 0.432014
6 0.025038 0.423623 0.013178 0.450947 0.094691 0.455895 0.107492 0.429647
3 0.133471 0.468589 0.131589 0.477194 0.169992 0.478916 0.172063 0.47117
2 0.132907 0.454604 0.125753 0.479346 0.169804 0.480637 0.174322 0.465361 0.173381 0.45611
3 0.26073 0.359079 0.261483 0.366179 0.30064 0.361016 0.300264 0.353916
2 0.256024 0.347892 0.256401 0.3679 0.301205 0.362306 0.30064 0.343374 0.298569 0.342943
3 0.235881 0.473322 0.235316 0.481713 0.277108 0.481713 0.278803 0.473967
2 0.234187 0.458477 0.229104 0.483219 0.277673 0.483864 0.281815 0.458907
3 0.336973 0.302926 0.336408 0.308305 0.371235 0.308305 0.371988 0.302926
2 0.33509 0.291523 0.333773 0.308735 0.37387 0.30852 0.375753 0.291954
3 0.340361 0.462134 0.339797 0.470955 0.365776 0.470525 0.367093 0.462134
2 0.337538 0.447289 0.335467 0.475043 0.384789 0.474828 0.386483 0.448365
3 0.433923 0.431368 0.432794 0.439329 0.457831 0.442771 0.459714 0.435456
2 0.430535 0.417599 0.426581 0.439974 0.473456 0.447074 0.476468 0.423838
5 0.501318 0.356282 0.501506 0.362091 0.546875 0.361876 0.545369 0.355422
4 0.498494 0.354991 0.571724 0.353916 0.571724 0.362091 0.499435 0.363597
3 0.521084 0.428571 0.520708 0.435671 0.560241 0.440189 0.561182 0.43395
2 0.516378 0.415663 0.515437 0.437392 0.561182 0.442126 0.561935 0.429647 0.561559 0.419966
3 0.61314 0.325732 0.615399 0.356067 0.621988 0.356497 0.618599 0.325301
2 0.609752 0.322504 0.612764 0.358003 0.631401 0.359079 0.628012 0.32358
5 0.577937 0.334337 0.581702 0.379518 0.590173 0.377797 0.583208 0.334552
4 0.576242 0.332401 0.579631 0.380594 0.593185 0.379733 0.588855 0.333262
3 0.629895 0.416308 0.630083 0.422978 0.669239 0.425774 0.667922 0.417814
2 0.623682 0.403399 0.62613 0.424699 0.668486 0.427711 0.670369 0.42642 0.66698 0.40512
5 0.641943 0.475043 0.643072 0.482788 0.697289 0.484079 0.695595 0.473322
4 0.640625 0.467728 0.641378 0.483864 0.69823 0.4858 0.695407 0.468804
5 0.716303 0.479131 0.71988 0.486016 0.767696 0.487737 0.767319 0.477625
4 0.714985 0.472676 0.716491 0.488167 0.768637 0.488382 0.768637 0.473752
3 0.742846 0.35994 0.744164 0.365534 0.775602 0.366824 0.774473 0.361016
2 0.736069 0.350043 0.741717 0.36704 0.77692 0.368115 0.771273 0.350258
3 0.790663 0.343158 0.792545 0.348537 0.819842 0.350043 0.817959 0.34488
2 0.783133 0.333046 0.78991 0.349828 0.820971 0.351764 0.815136 0.334768
3 0.829066 0.470525 0.831137 0.478055 0.851468 0.47827 0.850151 0.47117
2 0.822289 0.458477 0.827937 0.480207 0.866529 0.482143 0.863517 0.469664 0.862575 0.462349 0.860128 0.460198
3 0.89006 0.412435 0.903803 0.442771 0.910392 0.442556 0.895896 0.412651
2 0.88253 0.410714 0.882342 0.415663 0.896837 0.445783 0.913215 0.446859 0.897214 0.41179
3 0.935994 0.373279 0.948607 0.402539 0.954066 0.401893 0.941265 0.372418
2 0.932794 0.369621 0.946724 0.404045 0.962914 0.402969 0.948419 0.369836
3 0.970633 0.386403 0.972703 0.391781 0.999624 0.389845 0.996988 0.384466
2 0.963855 0.376291 0.972139 0.393718 0.999812 0.391566 1.0 0.38963 0.996423 0.381885 0.991905 0.374355
3 0.127071 0.685886 0.111258 0.744836 0.120858 0.745482 0.134977 0.686747
2 0.11634 0.68395 0.113705 0.686747 0.097139 0.74957 0.121235 0.752582 0.137989 0.685456
3 0.100151 0.765275 0.085467 0.831756 0.095633 0.83154 0.111069 0.767212
2 0.085843 0.761403 0.081514 0.777108 0.088479 0.777754 0.079819 0.820568 0.07116 0.819062 0.068901 0.833692 0.09695 0.837349 0.113705 0.762909
3 0.200678 0.766997 0.196536 0.836704 0.207643 0.835843 0.21122 0.767642
2 0.198419 0.761403 0.193901 0.83778 0.22628 0.834337 0.229104 0.75796
3 0.23494 0.688683 0.230233 0.729561 0.237764 0.729561 0.240776 0.688253
2 0.224586 0.686962 0.21875 0.731713 0.239458 0.731067 0.243788 0.686747
3 0.270708 0.681799 0.27052 0.693201 0.319465 0.692986 0.320783 0.681368
2 0.26619 0.66179 0.263554 0.695783 0.320595 0.695783 0.322666 0.667814 0.320595 0.662436
3 0.267131 0.734294 0.266754 0.747203 0.318148 0.746127 0.318901 0.734294
2 0.262801 0.712995 0.259789 0.749355 0.319277 0.749355 0.320971 0.720955 0.314947 0.712349
3 0.38573 0.612737 0.383471 0.623709 0.413592 0.624785 0.415663 0.614458
2 0.382907 0.59531 0.378577 0.625645 0.433923 0.628442 0.436559 0.598107
3 0.374812 0.72117 0.374059 0.733219 0.424699 0.737091 0.426393 0.725473
2 0.370482 0.700732 0.367093 0.7358 0.379142 0.736661 0.387048 0.736016 0.395143 0.737737 0.40945 0.738167 0.41378 0.738167 0.423381 0.739243 0.42677 0.738812 0.428087 0.719664 0.419616 0.702668
3 0.418486 0.809596 0.406438 0.851334 0.418863 0.855852 0.42997 0.813683
2 0.407944 0.777324 0.387989 0.852625 0.419051 0.862952 0.437876 0.788511
3 0.503953 0.59574 0.504142 0.605852 0.550828 0.607788 0.551581 0.598107
2 0.499247 0.577668 0.499059 0.608219 0.550828 0.6108 0.552711 0.607788 0.551393 0.579604
3 0.510919 0.633176 0.511107 0.643718 0.559111 0.645869 0.560241 0.635542
2 0.506589 0.614028 0.506777 0.645869 0.561935 0.647375 0.561182 0.616179
3 0.517696 0.766997 0.519767 0.78012 0.57003 0.769578 0.567959 0.75667
2 0.507907 0.747203 0.512801 0.781196 0.542545 0.779045 0.571724 0.771084 0.567583 0.743546 0.560994 0.737091
3 0.637613 0.607143 0.639119 0.61747 0.682982 0.614243 0.682041 0.604776
2 0.630836 0.590146 0.635166 0.619406 0.6843 0.617685 0.681099 0.591007 0.675828 0.588425
7 0.640248 0.752582 0.644767 0.777754 0.696348 0.768933 0.694277 0.749355
6 0.637425 0.748709 0.64119 0.780336 0.698042 0.771945 0.696724 0.746988
3 0.75753 0.638769 0.759789 0.648881 0.798946 0.644578 0.797628 0.634897
2 0.747741 0.621558 0.756589 0.652108 0.798946 0.64716 0.801017 0.644148 0.794616 0.618761 0.786333 0.618546
3 0.762989 0.677065 0.76506 0.688468 0.808547 0.685456 0.806664 0.674914
2 0.753953 0.660499 0.76186 0.691695 0.810617 0.688683 0.804782 0.659423 0.802146 0.658348
3 0.756589 0.738382 0.758471 0.75 0.802146 0.746127 0.800452 0.73494
2 0.747553 0.717513 0.753577 0.751721 0.803087 0.747633 0.79744 0.714286
3 0.849209 0.688038 0.850339 0.699226 0.876506 0.695783 0.874435 0.685886
2 0.84375 0.681368 0.848833 0.703744 0.893072 0.697289 0.887236 0.675344
3 0.853727 0.777324 0.855422 0.788296 0.881589 0.784639 0.880459 0.774312
2 0.842997 0.758391 0.850715 0.792169 0.875941 0.789157 0.895143 0.783993 0.888178 0.752367 0.885542 0.751721 0.866152 0.755379
3 0.901167 0.721601 0.902673 0.731713 0.941077 0.729991 0.939759 0.72031
2 0.892319 0.703313 0.897967 0.733864 0.942395 0.733003 0.940136 0.717943 0.935053 0.702453
3 0.945218 0.643933 0.947666 0.653399 0.980045 0.651033 0.978163 0.641997
2 0.939383 0.630164 0.945218 0.65426 0.982304 0.652324 0.974774 0.627797
7 0.622364 0.729776 0.623306 0.739458 0.682417 0.731282 0.682417 0.722246
7 0.624812 0.718158 0.623306 0.72827 0.682794 0.72074 0.685241 0.710628
6 0.62067 0.715577 0.621611 0.741609 0.684676 0.733649 0.686747 0.708907
5 0.03125 0.755594 0.012613 0.825516 0.021461 0.824656 0.039533 0.758391
5 0.056852 0.678571 0.03878 0.739673 0.048193 0.741394 0.066077 0.681368
4 0.056664 0.675774 0.037651 0.740964 0.05064 0.74333 0.069277 0.679647
4 0.03125 0.751721 0.01073 0.828098 0.023343 0.828528 0.044804 0.755164
