5 0.122929 0.172332 0.145331 0.166523 0.145331 0.171041 0.122741 0.176635
4 0.121611 0.172117 0.146837 0.165017 0.146837 0.172117 0.121235 0.178787
5 0.49134 0.10284 0.510919 0.100688 0.51186 0.104561 0.491905 0.106713
4 0.490399 0.102194 0.511672 0.099828 0.513178 0.104991 0.49134 0.108219
5 0.320783 0.131239 0.335655 0.127151 0.336032 0.130164 0.320595 0.133391
4 0.319842 0.130379 0.33622 0.126291 0.336785 0.130594 0.32003 0.134251
3 0.545181 0.009036 0.55064 0.008391 0.552334 0.03012 0.54744 0.030981
2 0.542733 0.006885 0.557982 0.004518 0.560806 0.02926 0.545746 0.032057
3 0.594315 0.047762 0.612199 0.04475 0.612764 0.049053 0.594503 0.052281
2 0.591679 0.040448 0.622176 0.035069 0.624247 0.047332 0.593562 0.053141
3 0.607304 0.123064 0.627824 0.119191 0.629518 0.125645 0.607681 0.128442
2 0.600904 0.112306 0.635919 0.108649 0.641754 0.113382 0.644014 0.123924 0.603916 0.130379
3 0.109187 0.241824 0.121235 0.239888 0.121047 0.244191 0.10881 0.246773
2 0.108434 0.235585 0.106363 0.248064 0.127824 0.24333 0.130459 0.230852
3 0.103163 0.281196 0.114081 0.279045 0.113517 0.283563 0.10241 0.286145
3 0.229857 0.326162 0.244729 0.324656 0.244917 0.33068 0.229292 0.33154
3 0.234563 0.285499 0.249435 0.283993 0.249812 0.290017 0.234187 0.290878
3 0.241529 0.248924 0.256777 0.242255 0.256777 0.247849 0.241717 0.253442
3 0.227033 0.372203 0.242282 0.365534 0.242282 0.371127 0.227221 0.376936
3 0.312124 0.346601 0.339044 0.334337 0.34055 0.338855 0.314006 0.351334
7 0.356739 0.362091 0.379706 0.359509 0.379706 0.363167 0.357304 0.366394
6 0.355422 0.359079 0.36427 0.357788 0.364458 0.36037 0.380648 0.358864 0.381212 0.363812 0.35561 0.367685
2 0.224209 0.362306 0.224586 0.378227 0.253012 0.369836 0.252447 0.35327
2 0.309864 0.336274 0.3125 0.353701 0.342432 0.340146 0.339232 0.32358
2 0.228539 0.31691 0.226845 0.332401 0.256401 0.33111 0.256965 0.314544
2 0.234563 0.277108 0.231551 0.29389 0.260542 0.291308 0.261672 0.275602
2 0.237387 0.240964 0.239081 0.256024 0.266754 0.244621 0.266002 0.229346
2 0.103163 0.273451 0.100715 0.287651 0.121611 0.283778 0.124623 0.267642
3 0.23494 0.203098 0.248117 0.202238 0.247553 0.206971 0.233998 0.206971
2 0.236069 0.194277 0.230798 0.209122 0.257907 0.206971 0.259977 0.192556
3 0.456514 0.258606 0.488328 0.248709 0.489458 0.254518 0.458208 0.264415
3 0.449548 0.304217 0.455008 0.303141 0.45689 0.323795 0.450678 0.324656
2 0.446348 0.30099 0.464797 0.297332 0.467244 0.337134 0.448607 0.339716
2 0.451054 0.248924 0.486634 0.237952 0.490399 0.255379 0.454066 0.266781
3 0.535956 0.271515 0.542733 0.270869 0.544239 0.292599 0.537651 0.293029
2 0.534827 0.267857 0.554405 0.265706 0.556852 0.303356 0.554029 0.305293 0.537086 0.307444
3 0.617846 0.206325 0.625565 0.204819 0.630648 0.22827 0.624247 0.22784
2 0.60561 0.196644 0.608057 0.19148 0.611634 0.192126 0.622176 0.189329 0.627824 0.20654 0.632154 0.230852 0.62613 0.232788 0.622929 0.230637 0.613328 0.231497 0.608057 0.214716 0.605045 0.203959
3 0.729104 0.183735 0.76186 0.185456 0.762613 0.19148 0.729857 0.189759
2 0.724962 0.173408 0.762048 0.175775 0.762425 0.192556 0.724774 0.190835
5 0.72948 0.141566 0.775226 0.140706 0.775602 0.149742 0.730798 0.149312
4 0.706325 0.138985 0.775979 0.138985 0.777673 0.152539 0.70802 0.15469
3 0.732304 0.244191 0.763931 0.236661 0.765625 0.243115 0.734375 0.25
2 0.722892 0.234294 0.759789 0.225258 0.767131 0.244191 0.735504 0.250861 0.728916 0.248064
5 0.725527 0.26463 0.772026 0.264845 0.772967 0.271515 0.727033 0.27216
4 0.724021 0.251936 0.737575 0.251936 0.739081 0.263339 0.773532 0.263769 0.774096 0.27259 0.725151 0.27259
5 0.832267 0.1392 0.87933 0.135542 0.881024 0.143503 0.834149 0.146515
4 0.809864 0.137048 0.880459 0.133391 0.88253 0.145224 0.8125 0.154045
3 0.834714 0.187608 0.868599 0.188683 0.869164 0.194923 0.835843 0.192986
2 0.829819 0.177496 0.868976 0.178356 0.869729 0.196213 0.831514 0.194277
3 0.891943 0.262478 0.926581 0.256885 0.928652 0.26463 0.894202 0.269148
2 0.891378 0.261618 0.931099 0.255594 0.935806 0.274096 0.896461 0.279905
5 0.850715 0.263339 0.890248 0.259682 0.891378 0.266566 0.851657 0.268718
4 0.823983 0.239458 0.83302 0.273451 0.891943 0.266997 0.890248 0.258821 0.852598 0.262048 0.846762 0.237522
