3 0.248682 0.598537 0.243411 0.621988 0.248306 0.621773 0.253012 0.598967
2 0.241717 0.597461 0.235316 0.624785 0.248494 0.625215 0.254518 0.598322
3 0.212349 0.658993 0.211596 0.663726 0.232304 0.665878 0.233245 0.66136
2 0.212538 0.649742 0.208584 0.664372 0.232681 0.666738 0.235505 0.656196 0.232681 0.651678
3 0.202372 0.697719 0.202184 0.702883 0.223456 0.703744 0.224398 0.69858
2 0.201995 0.688253 0.199172 0.704174 0.222703 0.705465 0.224774 0.701592 0.22628 0.692771 0.22308 0.689329
3 0.246047 0.670396 0.245105 0.675344 0.265625 0.678356 0.267131 0.673193
2 0.246988 0.660714 0.246047 0.661575 0.243035 0.676205 0.26619 0.679002 0.269014 0.667169 0.268261 0.664157
3 0.274096 0.666093 0.273155 0.670826 0.294428 0.672762 0.295369 0.668029
2 0.275038 0.656411 0.273532 0.657272 0.27052 0.671472 0.294428 0.674268 0.297252 0.661575 0.296122 0.658348
3 0.264872 0.716652 0.264307 0.721816 0.286333 0.722676 0.287086 0.717943
2 0.264307 0.70654 0.261483 0.722892 0.286521 0.724398 0.288968 0.707831
3 0.300264 0.709552 0.299511 0.714501 0.32116 0.717943 0.322477 0.71278
2 0.299887 0.699656 0.296498 0.714931 0.321724 0.719234 0.324925 0.702022
3 0.305346 0.675774 0.304593 0.681368 0.326242 0.683735 0.326619 0.678787
2 0.304782 0.666308 0.301958 0.682014 0.326431 0.684811 0.328878 0.66975
3 0.33622 0.694277 0.336032 0.699441 0.358246 0.700947 0.35881 0.695783
2 0.33509 0.685671 0.33302 0.700732 0.358622 0.702238 0.361069 0.688683 0.359187 0.687177
7 0.543863 0.516351 0.545181 0.529475 0.551581 0.526678 0.567771 0.52883 0.57756 0.530981 0.58942 0.532487 0.595444 0.532702 0.594315 0.521515
6 0.54311 0.513984 0.544051 0.530551 0.551958 0.527108 0.596009 0.534208 0.595256 0.520009
3 0.456514 0.701377 0.456137 0.707831 0.480233 0.708907 0.48061 0.703744
2 0.456325 0.693201 0.455196 0.708692 0.480986 0.709768 0.480986 0.695353
3 0.51619 0.648666 0.516002 0.654475 0.539721 0.655981 0.53991 0.650387
2 0.514307 0.639415 0.513366 0.655336 0.540286 0.657487 0.540663 0.645869 0.539345 0.642427
3 0.512613 0.717298 0.512613 0.722461 0.536898 0.722461 0.536709 0.717083
2 0.51186 0.708692 0.511672 0.723537 0.537651 0.723322 0.537086 0.709337
3 0.565889 0.751291 0.566077 0.756885 0.590738 0.759036 0.591114 0.752797
2 0.563253 0.741179 0.563253 0.758821 0.591679 0.760112 0.592056 0.753012 0.591867 0.74333
3 0.651544 0.533348 0.65192 0.537436 0.67244 0.537651 0.672063 0.533348
2 0.648155 0.525818 0.649096 0.538296 0.673004 0.538942 0.671498 0.526033
3 0.659262 0.582186 0.659262 0.586704 0.681099 0.587134 0.680911 0.582401
2 0.655685 0.573365 0.65738 0.587995 0.681664 0.587995 0.680535 0.575516 0.679782 0.574441
3 0.708961 0.585628 0.709149 0.589931 0.730422 0.591222 0.730045 0.586489
2 0.705008 0.577883 0.706702 0.589931 0.731175 0.591867 0.730045 0.582831 0.724398 0.579389 0.718374 0.578313
3 0.69823 0.534854 0.69823 0.539157 0.713479 0.541308 0.718185 0.541308 0.71875 0.537651
2 0.695783 0.527108 0.69616 0.540017 0.705196 0.541093 0.713479 0.541954 0.719126 0.541738 0.718938 0.529905
3 0.742846 0.538081 0.743223 0.542169 0.763554 0.543244 0.762801 0.538942
2 0.739646 0.530551 0.74134 0.543029 0.764307 0.544105 0.76186 0.531411
3 0.748682 0.563898 0.749059 0.567771 0.76939 0.569492 0.769014 0.565189
2 0.744917 0.556368 0.747176 0.569062 0.770143 0.570783 0.768825 0.560026 0.767131 0.557659
3 0.798004 0.587349 0.799134 0.591867 0.819089 0.593374 0.818712 0.589071
2 0.794051 0.579604 0.797063 0.592728 0.819842 0.594449 0.816642 0.581325
3 0.785392 0.514845 0.786145 0.519148 0.80497 0.518072 0.804029 0.5142
2 0.78125 0.508176 0.784262 0.519148 0.786521 0.520439 0.80497 0.519578 0.805535 0.518287 0.802899 0.509036 0.801205 0.50753
3 0.91811 0.647806 0.918863 0.652754 0.938818 0.654045 0.938065 0.648666
2 0.91378 0.6392 0.917733 0.65383 0.939383 0.65469 0.936747 0.640921
3 0.888931 0.726334 0.889119 0.731713 0.910203 0.731497 0.909262 0.725043
2 0.886672 0.721816 0.887801 0.732788 0.910956 0.733003 0.90945 0.722246
3 0.807041 0.72117 0.807605 0.726334 0.828878 0.726549 0.828502 0.721601
2 0.803087 0.710843 0.805158 0.727625 0.829819 0.72827 0.828125 0.712134
3 0.780497 0.723107 0.780874 0.728916 0.804029 0.731497 0.80384 0.725688
2 0.777673 0.714286 0.778238 0.730422 0.804782 0.733219 0.804782 0.726979 0.803087 0.717513
3 0.669616 0.724398 0.669239 0.730207 0.694089 0.735155 0.694465 0.729561
2 0.667357 0.714501 0.666416 0.731067 0.69503 0.736446 0.695407 0.720095
3 0.702184 0.715146 0.702184 0.720955 0.725904 0.722031 0.725527 0.717083
2 0.698983 0.70525 0.699925 0.721601 0.726657 0.724182 0.725527 0.707616
3 0.728916 0.72117 0.729292 0.726334 0.750376 0.727194 0.750188 0.722031
2 0.726092 0.711058 0.727598 0.72784 0.75113 0.729346 0.75 0.71278
3 0.750941 0.72117 0.75113 0.726764 0.773155 0.730852 0.773532 0.725904
2 0.750188 0.712349 0.75113 0.727625 0.773532 0.731713 0.77372 0.725904 0.769767 0.713425
