3 0.59375 0.786145 0.631589 0.784854 0.631777 0.794535 0.593938 0.794535
3 0.565136 0.858003 0.590926 0.859509 0.590738 0.869191 0.564947 0.867685
3 0.691453 0.86833 0.716867 0.869191 0.717056 0.878657 0.691077 0.878012
3 0.746047 0.770439 0.785768 0.772806 0.786333 0.781411 0.746611 0.77883
3 0.851657 0.688038 0.883283 0.688038 0.884224 0.695353 0.852033 0.695138
3 0.861258 0.753657 0.896273 0.754303 0.897214 0.762048 0.862011 0.761618 0.860881 0.754088
3 0.867658 0.830895 0.907003 0.829819 0.908133 0.838425 0.868788 0.839931
2 0.56137 0.840577 0.560053 0.871343 0.599586 0.873064 0.600339 0.843374
2 0.590173 0.773666 0.590173 0.796902 0.634036 0.796041 0.632907 0.770869 0.590173 0.77259
2 0.687312 0.85241 0.68863 0.880594 0.731739 0.881024 0.730986 0.853916
2 0.740964 0.754948 0.742846 0.780766 0.788215 0.783348 0.784827 0.757315
7 0.684488 0.798408 0.702372 0.796902 0.712538 0.796902 0.713667 0.807444 0.69823 0.80809 0.685053 0.810456
6 0.682982 0.797117 0.699925 0.795611 0.713479 0.795396 0.714985 0.80852 0.69823 0.80938 0.683735 0.812177
3 0.139307 0.729131 0.169051 0.734294 0.167733 0.74204 0.137613 0.736876
2 0.139119 0.715146 0.134036 0.737952 0.16811 0.744621 0.173193 0.72117
3 0.197666 0.703959 0.22741 0.708477 0.226092 0.717083 0.195971 0.711704
2 0.197666 0.689974 0.192395 0.71278 0.228727 0.718589 0.231363 0.695353
3 0.189759 0.747633 0.219503 0.752152 0.217997 0.760757 0.187876 0.755379
2 0.189759 0.733649 0.184488 0.756885 0.220821 0.762263 0.226092 0.736661
3 0.259036 0.728485 0.292357 0.729346 0.29198 0.736876 0.258848 0.736446
2 0.255648 0.714286 0.253389 0.738382 0.293298 0.739458 0.294051 0.713855
3 0.028614 0.783993 0.056099 0.787651 0.054782 0.795396 0.027108 0.791308
2 0.028614 0.770654 0.022779 0.791523 0.055158 0.798838 0.061182 0.775602 0.029744 0.769793
3 0.072289 0.794535 0.101657 0.797978 0.100339 0.805723 0.07116 0.802711
2 0.07323 0.781411 0.068336 0.804862 0.101092 0.80938 0.104104 0.789802 0.102598 0.783993 0.074925 0.780551
3 0.005459 0.70568 0.028614 0.707186 0.027485 0.713855 0.005083 0.712134
2 0.006965 0.692556 0.034262 0.694492 0.036898 0.700516 0.03238 0.716437 0.00113 0.71364
7 0.141755 0.663081 0.175264 0.662651 0.173193 0.67642 0.14006 0.67642
6 0.140813 0.661145 0.138178 0.677926 0.174699 0.678141 0.176581 0.66136
2 0.846197 0.675129 0.850151 0.696859 0.886672 0.698365 0.88253 0.674268 0.84695 0.673838
2 0.856551 0.740318 0.860504 0.762048 0.898532 0.763769 0.89439 0.739028 0.857304 0.739028
2 0.86314 0.814974 0.868035 0.842083 0.909827 0.841007 0.905309 0.814759
7 0.404744 0.728916 0.451054 0.732358 0.450866 0.740103 0.403614 0.737737
7 0.40512 0.739888 0.451619 0.74333 0.451242 0.751076 0.403991 0.748494
7 0.404744 0.752582 0.451054 0.756024 0.450678 0.764845 0.403614 0.761188
7 0.40512 0.764415 0.451431 0.767857 0.451054 0.776893 0.403991 0.773236
7 0.402861 0.775602 0.44936 0.779045 0.448795 0.787866 0.401732 0.784423
7 0.402861 0.785714 0.451619 0.789372 0.450489 0.798193 0.401732 0.794535
7 0.399285 0.810456 0.44823 0.813898 0.447101 0.822719 0.398155 0.819062
7 0.394955 0.83154 0.435806 0.834768 0.434676 0.843589 0.394202 0.840792
7 0.39439 0.842728 0.435806 0.845955 0.434676 0.854776 0.393637 0.85241
7 0.388554 0.820998 0.432605 0.82358 0.432229 0.832616 0.387425 0.829604
7 0.471009 0.734509 0.51073 0.738382 0.510354 0.746773 0.46988 0.743115
7 0.46875 0.743761 0.505836 0.747418 0.505648 0.755164 0.46762 0.752582
7 0.461032 0.755809 0.498306 0.759466 0.498117 0.767212 0.459902 0.76463
6 0.396273 0.724182 0.38366 0.853916 0.413027 0.854776 0.451054 0.858864 0.456514 0.765706 0.51186 0.770439 0.514872 0.735155
