5 0.105986 0.185026 0.104292 0.189544 0.128389 0.211919 0.129895 0.207186
4 0.105798 0.18395 0.103727 0.189544 0.127824 0.213425 0.130836 0.206971
5 0.196913 0.539802 0.214797 0.539157 0.214797 0.542169 0.196348 0.543675
4 0.195971 0.538942 0.21555 0.538511 0.215361 0.54346 0.195218 0.544535
5 0.074925 0.619191 0.097892 0.617255 0.097892 0.622203 0.074925 0.624355
4 0.073983 0.618546 0.099209 0.615318 0.099021 0.623064 0.07436 0.624785
3 0.684488 0.795826 0.704631 0.793029 0.705572 0.796041 0.685617 0.798623
2 0.682229 0.794535 0.688441 0.803356 0.710467 0.799053 0.705008 0.791523
5 0.658133 0.843158 0.677711 0.841007 0.678087 0.84531 0.658509 0.846386
4 0.657568 0.842513 0.678087 0.840577 0.678652 0.845955 0.658133 0.847246
5 0.51506 0.866824 0.515625 0.888554 0.519955 0.888339 0.519202 0.866824
4 0.512613 0.865964 0.513742 0.890275 0.52052 0.88963 0.520708 0.865103
3 0.480233 0.854991 0.483434 0.854776 0.483057 0.839931 0.47948 0.840577
2 0.472703 0.840577 0.472892 0.856713 0.485504 0.857143 0.48494 0.839501
3 0.428087 0.850904 0.427146 0.854991 0.447854 0.854561 0.448042 0.850688
2 0.428087 0.849182 0.425452 0.858434 0.451242 0.859079 0.45256 0.849398
3 0.405874 0.908778 0.430535 0.907487 0.430535 0.91179 0.405497 0.91222
2 0.406062 0.905766 0.436182 0.904905 0.435617 0.917169 0.404179 0.91846
3 0.294992 0.975473 0.293298 0.981067 0.322289 0.982358 0.32436 0.976119
2 0.293675 0.965361 0.285392 0.984509 0.322854 0.986231 0.328313 0.967728
5 0.227221 0.967943 0.262801 0.967943 0.260919 0.974828 0.225151 0.974828
4 0.22741 0.965792 0.222703 0.975904 0.261295 0.975904 0.26506 0.966652
3 0.112575 0.932874 0.136483 0.935671 0.133283 0.940189 0.110505 0.937392
2 0.115399 0.925559 0.104104 0.939114 0.133095 0.943632 0.141566 0.929002
3 0.28125 0.891351 0.279744 0.895009 0.301958 0.895654 0.302899 0.891997
2 0.280685 0.890275 0.276355 0.899957 0.302523 0.901248 0.309111 0.891351
5 0.288027 0.885327 0.314006 0.885757 0.313253 0.88963 0.286898 0.888554
4 0.287651 0.884897 0.314571 0.885542 0.313441 0.89006 0.286521 0.8892
5 0.322477 0.83821 0.346009 0.836919 0.345821 0.841652 0.32323 0.842298
4 0.321913 0.837564 0.346386 0.836058 0.346386 0.842083 0.322477 0.842513
3 0.372929 0.803787 0.3718 0.806799 0.39006 0.807229 0.39119 0.803787
2 0.373682 0.795826 0.368976 0.807014 0.389872 0.808305 0.394578 0.796041
3 0.437312 0.778614 0.454066 0.777108 0.454066 0.780766 0.437876 0.781411
2 0.436559 0.777969 0.435994 0.787651 0.455761 0.785929 0.455572 0.776463
3 0.331702 0.819707 0.350527 0.819062 0.349774 0.821429 0.330384 0.822289
2 0.330384 0.818417 0.327937 0.825732 0.350904 0.825947 0.353163 0.818417
5 0.342997 0.7571 0.359563 0.756024 0.359563 0.759682 0.343374 0.760327
4 0.342432 0.756454 0.34262 0.760972 0.360128 0.760542 0.35994 0.755594
5 0.104104 0.800559 0.125565 0.787866 0.125753 0.793244 0.102221 0.805508 0.101092 0.802065
4 0.099962 0.80142 0.12613 0.78679 0.127259 0.794105 0.101845 0.806799
3 0.544051 0.978055 0.573042 0.974182 0.573983 0.980637 0.543863 0.983434
2 0.541227 0.975043 0.57756 0.970955 0.580761 0.992685 0.545369 0.996988
3 0.61314 0.921472 0.644202 0.91889 0.645331 0.924053 0.615211 0.92599
2 0.60994 0.918675 0.615587 0.934596 0.653991 0.931583 0.646461 0.915663
3 0.742282 0.824226 0.744541 0.82315 0.757718 0.835413 0.753765 0.837134
2 0.737011 0.82401 0.746235 0.822074 0.76186 0.837564 0.747176 0.839501
