1 0.338102 0.247849 0.336973 0.253012 0.347703 0.253442 0.359752 0.253873 0.373117 0.254088 0.373682 0.248709 0.356175 0.248279 0.34488 0.248064
1 0.334714 0.25753 0.333961 0.263124 0.34695 0.263339 0.358622 0.263124 0.370482 0.263339 0.370858 0.25796 0.354669 0.257745 0.341491 0.257745
1 0.334714 0.266136 0.334149 0.271084 0.346574 0.271945 0.355798 0.27216 0.367846 0.27216 0.368788 0.266566 0.352598 0.265921 0.345821 0.265921
0 0.338102 0.233434 0.33189 0.256454 0.325113 0.275387 0.385542 0.277539 0.396837 0.23494 0.367846 0.233434
1 0.077184 0.289587 0.076054 0.296256 0.088102 0.299484 0.097515 0.299699 0.111634 0.297762 0.111634 0.291954 0.100339 0.29346 0.091303 0.29432 0.084337 0.291308
1 0.076054 0.30142 0.075113 0.305293 0.087161 0.30809 0.093373 0.30852 0.109563 0.305723 0.109563 0.30142 0.099021 0.302711 0.092244 0.303571 0.088667 0.302496 0.080196 0.30099 0.076431 0.300129
1 0.076054 0.310456 0.075489 0.316695 0.086032 0.318417 0.096197 0.316265 0.106363 0.314114 0.105798 0.30895 0.094691 0.310886 0.087538 0.312177
0 0.07436 0.270654 0.069465 0.292169 0.064194 0.319707 0.079443 0.321429 0.11747 0.314329 0.128953 0.27883 0.112387 0.280766 0.101845 0.27926 0.087538 0.275387
1 0.675264 0.193201 0.67677 0.196859 0.687876 0.195353 0.699925 0.193847 0.713291 0.191695 0.711032 0.187177 0.701619 0.188683 0.691642 0.190189 0.685429 0.191265 0.679029 0.19191
1 0.676205 0.200086 0.677334 0.20525 0.687688 0.203313 0.693712 0.202238 0.702184 0.200516 0.716114 0.199441 0.714797 0.194492 0.705384 0.195998 0.69936 0.196859 0.691453 0.19815 0.686182 0.198795
1 0.67997 0.208046 0.682041 0.212995 0.693901 0.211059 0.706325 0.208477 0.718562 0.207401 0.719691 0.206756 0.71762 0.201807 0.709714 0.203528 0.696348 0.204819 0.691077 0.206325
0 0.664345 0.183305 0.674134 0.214071 0.676017 0.216437 0.699736 0.21364 0.716114 0.210843 0.740776 0.208477 0.73381 0.19148 0.727598 0.176635 0.726657 0.171256 0.714797 0.174699 0.703878 0.178356 0.691642 0.179217 0.681852 0.180077 0.67131 0.181583
1 0.677523 0.228701 0.679217 0.234079 0.696348 0.231713 0.715926 0.229131 0.714985 0.224182 0.708961 0.224182 0.695595 0.226549 0.685806 0.227194 0.678087 0.229131
0 0.664721 0.217298 0.674699 0.258821 0.706137 0.254948 0.743599 0.251506 0.732116 0.210843 0.716114 0.21278 0.698419 0.214931 0.682794 0.217513 0.676393 0.217728 0.672063 0.216867
1 0.68637 0.268718 0.688253 0.273021 0.700866 0.27216 0.71555 0.271084 0.72948 0.270009 0.728916 0.26506 0.716867 0.265706 0.703878 0.266781 0.695407 0.267642
1 0.689947 0.277754 0.6907 0.283563 0.712161 0.282057 0.732681 0.28012 0.731739 0.274527 0.713667 0.275818 0.701807 0.276678
1 0.690136 0.287866 0.691642 0.293675 0.712914 0.292169 0.733998 0.290663 0.733434 0.285284 0.707831 0.28636
0 0.677899 0.259682 0.682229 0.282917 0.685617 0.298408 0.714985 0.297332 0.74247 0.296041 0.758283 0.292599 0.748306 0.253873 0.743976 0.253227 0.718938 0.255379 0.696724 0.257745 0.681288 0.259466
1 0.774473 0.644578 0.77692 0.658348 0.814006 0.661145 0.847327 0.664587 0.85994 0.663726 0.855422 0.651248 0.835279 0.649527 0.816265 0.647375 0.796687 0.645439
0 0.763366 0.587349 0.765813 0.622848 0.774096 0.665663 0.868599 0.671041 0.857869 0.643072 0.852221 0.629088 0.843938 0.597461 0.809488 0.594019 0.777108 0.589071
1 0.010166 0.616609 0.010354 0.628012 0.026544 0.625645 0.056476 0.621127 0.058547 0.609725 0.040098 0.612522 0.022779 0.615103
0 0.019578 0.56562 0.012801 0.578313 0.012048 0.592943 0.00866 0.601549 0.006965 0.615103 0.006965 0.63296 0.056852 0.629518 0.061182 0.612522 0.066453 0.600904 0.067395 0.591652 0.067395 0.579174 0.070595 0.567556 0.073795 0.561317 0.047063 0.564544 0.032191 0.565189
