5 0.607304 0.259251 0.613893 0.259251 0.60994 0.309596 0.60448 0.308735
4 0.606551 0.245912 0.615776 0.246773 0.611634 0.310026 0.603351 0.308735
7 0.472327 0.245912 0.480422 0.244621 0.482681 0.324871 0.472515 0.32315
6 0.471386 0.244191 0.481175 0.24247 0.48494 0.326592 0.471386 0.325516
3 0.320595 0.273451 0.346574 0.269148 0.347327 0.275818 0.322101 0.279045
2 0.315889 0.262478 0.345444 0.258606 0.348268 0.276033 0.319465 0.280766
3 0.869164 0.298193 0.905685 0.303571 0.904179 0.313683 0.866717 0.307014
2 0.87067 0.280336 0.908509 0.286575 0.910203 0.292599 0.903803 0.316265 0.86314 0.307444
5 0.799699 0.321213 0.861822 0.322719 0.859563 0.334337 0.798758 0.33154
4 0.807982 0.271084 0.838855 0.274096 0.830008 0.320998 0.863517 0.321429 0.860881 0.335413 0.79631 0.332186
