1 0.491717 0.335413 0.492282 0.340361 0.501694 0.339931 0.509036 0.339501 0.51506 0.339501 0.518825 0.338855 0.526167 0.339071 0.525791 0.333046 0.516943 0.333692 0.50753 0.334337 0.498117 0.334768
1 0.503765 0.324871 0.503765 0.329819 0.51186 0.329604 0.525414 0.328959 0.524849 0.323365 0.513742 0.32401
0 0.484375 0.310671 0.487387 0.354346 0.511672 0.353916 0.546498 0.351119 0.541792 0.307444 0.518261 0.30852 0.497929 0.309165
1 0.73494 0.259682 0.73494 0.26463 0.74247 0.26506 0.748682 0.26506 0.75753 0.266136 0.765248 0.266351 0.764684 0.261618 0.755459 0.260972 0.744917 0.260542
1 0.736822 0.268503 0.737199 0.273236 0.744917 0.273881 0.754518 0.274527 0.766378 0.275818 0.766754 0.270224 0.751318 0.269148 0.743223 0.268503
1 0.737575 0.277539 0.737952 0.283133 0.748306 0.283563 0.759413 0.284639 0.766754 0.285499 0.766566 0.27969 0.750941 0.278614
0 0.728539 0.246773 0.731551 0.265491 0.733246 0.276893 0.73381 0.285499 0.746235 0.288081 0.764684 0.289587 0.781815 0.290017 0.779932 0.269578 0.777297 0.251936 0.776355 0.248279
1 0.741717 0.302711 0.742658 0.307229 0.745858 0.307444 0.750376 0.308305 0.75433 0.30938 0.763931 0.310671 0.77052 0.311102 0.770331 0.305938 0.762425 0.305077 0.75753 0.304862 0.751506 0.304217 0.748494 0.303571
0 0.733622 0.287866 0.735693 0.30142 0.736258 0.307014 0.73814 0.317126 0.73927 0.329604 0.754895 0.330465 0.771084 0.331756 0.789533 0.334122 0.787462 0.327238 0.786709 0.319492 0.785392 0.314759 0.785015 0.305293 0.783321 0.293675 0.760166 0.290878 0.746235 0.288726
1 0.198042 0.349828 0.197101 0.357788 0.211032 0.357143 0.220068 0.356067 0.240964 0.356067 0.24134 0.348107 0.221197 0.349398 0.20802 0.349182
0 0.19616 0.31691 0.193336 0.335843 0.191265 0.350904 0.189759 0.361876 0.211032 0.361231 0.244541 0.360155 0.248306 0.34617 0.249624 0.329174 0.251506 0.314759 0.22948 0.314544 0.207643 0.315404
0 0.942771 0.283348 0.93863 0.295826 0.937688 0.310241 0.942395 0.32315 0.962161 0.329819 0.978727 0.333046 0.973268 0.320998 0.972892 0.30852 0.973456 0.298408 0.961032 0.292814 0.951807 0.287866
1 0.942959 0.309165 0.943336 0.313038 0.94936 0.314114 0.954819 0.31648 0.958961 0.319062 0.962914 0.320138 0.962726 0.316265 0.960279 0.314974 0.953878 0.312608 0.949736 0.311102 0.94616 0.309596
3 0.425075 0.437392 0.425264 0.44062 0.434676 0.440404 0.443524 0.439759 0.443712 0.436317 0.437688 0.436747 0.430723 0.436962
2 0.423004 0.430293 0.423004 0.441695 0.432982 0.44148 0.443336 0.440835 0.443901 0.440835 0.444089 0.435241 0.443336 0.429647 0.435053 0.430077 0.427899 0.430293
3 0.484752 0.464286 0.484752 0.471386 0.484563 0.479991 0.484563 0.483434 0.487952 0.483219 0.488328 0.470525 0.487952 0.463855
2 0.478539 0.463425 0.477974 0.473107 0.477598 0.4858 0.488893 0.486016 0.489081 0.46321
3 0.793486 0.422547 0.793675 0.425344 0.798758 0.426205 0.802711 0.42642 0.805723 0.427065 0.807982 0.427281 0.80817 0.423838 0.805911 0.423408 0.803087 0.423838 0.800452 0.423408 0.796875 0.422978
2 0.791604 0.416308 0.792169 0.421687 0.792357 0.425774 0.799887 0.42685 0.809111 0.428141 0.808358 0.41846 0.80177 0.417599 0.795557 0.416738
2 0.815889 0.465361 0.818901 0.475043 0.834714 0.473752 0.834526 0.47031 0.833773 0.467943 0.832267 0.464286 0.824736 0.464501
3 0.819089 0.471601 0.819842 0.473967 0.825301 0.473967 0.827184 0.473537 0.829443 0.473752 0.833773 0.473322 0.834337 0.472892 0.833396 0.470095 0.826619 0.470525 0.824925 0.47074 0.822101 0.470955
