1 0.061182 0.303141 0.058547 0.313038 0.088667 0.313468 0.091679 0.304432
0 0.05817 0.271299 0.036145 0.317771 0.089608 0.317126 0.109563 0.270224
8 0.346762 0.238597 0.344691 0.254088 0.376883 0.256239 0.380271 0.240964
8 0.341114 0.273021 0.338667 0.288296 0.373306 0.292599 0.376694 0.276463
8 0.315889 0.349398 0.313065 0.365534 0.351092 0.364458 0.353163 0.348537
3 0.404179 0.275172 0.403426 0.27883 0.415098 0.27883 0.415663 0.275602
2 0.403426 0.269148 0.402108 0.27926 0.423193 0.279475 0.424887 0.269793
3 0.395143 0.323365 0.395143 0.328098 0.407568 0.327883 0.407944 0.323795
2 0.393637 0.317341 0.393261 0.328528 0.416792 0.328313 0.416792 0.317986
8 0.439194 0.285714 0.437688 0.304432 0.474586 0.303356 0.476468 0.284854
8 0.436747 0.342513 0.434864 0.361446 0.475527 0.361016 0.47628 0.342728
8 0.509036 0.338425 0.506589 0.359725 0.542357 0.358434 0.542169 0.337995
8 0.583584 0.339286 0.585467 0.357573 0.627071 0.357143 0.62387 0.336489
8 0.582643 0.285069 0.582455 0.305077 0.62387 0.304217 0.620858 0.284423
8 0.51073 0.245052 0.510919 0.262909 0.543675 0.260972 0.543863 0.244621
8 0.572666 0.241824 0.572854 0.259251 0.612011 0.25667 0.611069 0.240318
8 0.664721 0.337565 0.667545 0.358003 0.708584 0.356067 0.705384 0.337349
3 0.679782 0.268503 0.679782 0.27173 0.69183 0.271084 0.69183 0.268072
2 0.676393 0.262909 0.678276 0.272806 0.697477 0.27173 0.696724 0.261618
3 0.046875 0.44105 0.04631 0.444923 0.062877 0.443632 0.06363 0.44062
2 0.047628 0.43395 0.044428 0.445998 0.063065 0.445353 0.06683 0.43395
3 0.050264 0.475043 0.049511 0.479561 0.065324 0.479991 0.066453 0.475688
2 0.051393 0.467728 0.046875 0.481067 0.066265 0.481067 0.07003 0.468804
3 0.012425 0.482143 0.010919 0.486016 0.020896 0.486876 0.022214 0.482788 0.012989 0.482143
2 0.012425 0.476549 0.00866 0.487522 0.025038 0.487737 0.029744 0.482573 0.031627 0.475688 0.017319 0.475473 0.01506 0.476979
3 0.075678 0.499139 0.07436 0.504088 0.084902 0.503657 0.085843 0.498924
2 0.077184 0.491179 0.072666 0.505594 0.09375 0.505379 0.097139 0.493761 0.096009 0.491179
3 0.204255 0.417814 0.200678 0.430723 0.206137 0.431583 0.208961 0.41889
2 0.203313 0.416954 0.198419 0.438468 0.211596 0.439329 0.215926 0.417599
3 0.19183 0.487091 0.188818 0.503227 0.193901 0.503227 0.197666 0.486446
2 0.187688 0.476549 0.181099 0.506885 0.195971 0.507315 0.202372 0.476549
8 0.205572 0.497633 0.201242 0.523236 0.24134 0.522375 0.245482 0.497633
3 0.216679 0.483003 0.216114 0.487952 0.228916 0.487306 0.22948 0.483003
2 0.216114 0.475473 0.214232 0.489243 0.237575 0.488382 0.239834 0.479346 0.239646 0.475043
3 0.240211 0.453959 0.239834 0.457831 0.252447 0.457186 0.252824 0.452883
2 0.240587 0.447074 0.23927 0.458692 0.257907 0.457831 0.258848 0.446429
8 0.214797 0.450301 0.212161 0.461704 0.232492 0.462349 0.234187 0.449656
3 0.272779 0.450086 0.271837 0.45525 0.285392 0.45611 0.286333 0.452022
2 0.271837 0.443201 0.269767 0.455465 0.292922 0.457186 0.295369 0.444707
3 0.304593 0.439329 0.303464 0.443201 0.316077 0.443847 0.317395 0.439329
2 0.30497 0.431153 0.301581 0.444707 0.320595 0.443847 0.324172 0.443632 0.326431 0.431153 0.305535 0.431368
8 0.30384 0.445568 0.302899 0.455895 0.324172 0.454174 0.325113 0.444062
3 0.317959 0.405336 0.317395 0.410069 0.330008 0.410499 0.330572 0.406411
2 0.317583 0.398881 0.315136 0.410714 0.335843 0.41136 0.338291 0.399096
8 0.337538 0.429217 0.336596 0.440404 0.358057 0.438253 0.35881 0.427496
8 0.336785 0.45611 0.336408 0.467728 0.356551 0.466867 0.357681 0.455895
8 0.33509 0.478701 0.333396 0.490318 0.355798 0.489673 0.356928 0.47784
8 0.331137 0.501291 0.330196 0.513984 0.352598 0.513554 0.353539 0.501936 0.331514 0.501506
3 0.368788 0.471386 0.365587 0.493761 0.370105 0.49333 0.373117 0.471601
2 0.360693 0.470095 0.356928 0.495912 0.37067 0.495697 0.374059 0.470525
3 0.365399 0.511403 0.365211 0.515921 0.388742 0.513984 0.388931 0.509251
2 0.36314 0.502797 0.362387 0.517857 0.39006 0.515491 0.390625 0.502367 0.388366 0.5
3 0.401355 0.485155 0.400602 0.489888 0.424322 0.490749 0.424699 0.486016
2 0.400414 0.476979 0.399096 0.491394 0.423758 0.49204 0.426205 0.490534 0.42677 0.47784
3 0.36747 0.456756 0.366905 0.461274 0.378953 0.459983 0.379142 0.456325
2 0.367282 0.449656 0.365776 0.461704 0.38366 0.460198 0.384789 0.44858
3 0.434488 0.481067 0.433923 0.4858 0.44823 0.4858 0.448795 0.481497
2 0.432417 0.473107 0.431852 0.487522 0.458773 0.487091 0.459526 0.473107
8 0.466303 0.447504 0.466491 0.470955 0.509977 0.469019 0.509601 0.444923
3 0.513178 0.485585 0.513178 0.490103 0.537462 0.490318 0.537274 0.48537
2 0.511295 0.476979 0.511295 0.491179 0.538404 0.490749 0.538027 0.479991 0.536521 0.476549
3 0.753953 0.427065 0.754518 0.431368 0.767884 0.430077 0.767319 0.426205
2 0.749247 0.419966 0.753765 0.432444 0.768637 0.431153 0.774285 0.417814
3 0.01506 0.574656 0.013931 0.579389 0.033133 0.579819 0.034262 0.575086
2 0.016378 0.564974 0.012236 0.58025 0.033321 0.58068 0.035768 0.568847 0.033321 0.564759
3 0.000188 0.6321 0.000377 0.637478 0.016378 0.64006 0.017319 0.634682
2 0.0 0.622633 0.0 0.638339 0.017131 0.641136 0.019014 0.625645
3 0.145896 0.597461 0.14439 0.602625 0.159827 0.604346 0.160956 0.599613
2 0.145331 0.58821 0.142131 0.6037 0.170369 0.606713 0.174511 0.591007
8 0.139872 0.615318 0.138178 0.628012 0.160203 0.627367 0.162086 0.615534
3 0.136295 0.649957 0.136295 0.655981 0.158886 0.653614 0.159262 0.648451
2 0.135542 0.639845 0.133283 0.656411 0.159074 0.655336 0.161333 0.638554
3 0.164721 0.645869 0.163592 0.651678 0.185241 0.654475 0.186559 0.649312
2 0.164721 0.635757 0.161521 0.652539 0.186935 0.656411 0.189759 0.639415
7 0.182605 0.58111 0.182982 0.590146 0.210843 0.583046 0.209902 0.576592
6 0.181852 0.579819 0.181852 0.591652 0.211785 0.584768 0.211032 0.575086
3 0.221197 0.602625 0.219126 0.608434 0.233245 0.611016 0.235316 0.606067
2 0.222327 0.592943 0.217809 0.608864 0.241905 0.614028 0.246423 0.598537
3 0.253765 0.590361 0.253012 0.59617 0.267508 0.596601 0.267696 0.592083
2 0.252824 0.580895 0.250565 0.597246 0.277297 0.597461 0.277673 0.586704 0.276355 0.581756
3 0.260166 0.625215 0.258848 0.630809 0.273343 0.632745 0.274285 0.627152
2 0.259224 0.615749 0.256589 0.6321 0.283321 0.634682 0.286709 0.619191
3 0.29311 0.578098 0.288404 0.606067 0.292733 0.606282 0.298193 0.579604
3 0.301393 0.604561 0.301017 0.609509 0.323607 0.610155 0.324172 0.605852
2 0.285768 0.575732 0.279556 0.607573 0.293486 0.609294 0.299322 0.577238
2 0.30064 0.594664 0.298946 0.611446 0.324548 0.611876 0.325678 0.595525
3 0.295181 0.653399 0.291416 0.684165 0.295746 0.68438 0.299511 0.654475
2 0.294616 0.650818 0.290851 0.685456 0.304782 0.686317 0.308735 0.650818
3 0.381965 0.648666 0.381965 0.65512 0.397967 0.654475 0.398155 0.648666
2 0.379518 0.638339 0.378953 0.656196 0.408509 0.65469 0.409262 0.637478
3 0.4343 0.613382 0.433735 0.618546 0.459526 0.621343 0.459902 0.615318
2 0.432794 0.602625 0.431852 0.619836 0.460843 0.622418 0.462161 0.605207
8 0.474398 0.665878 0.472892 0.695998 0.523155 0.697289 0.523532 0.667384
8 0.526732 0.666738 0.526167 0.697289 0.57869 0.697289 0.577748 0.665878 0.52805 0.667169
8 0.58942 0.666308 0.590926 0.696644 0.64006 0.695353 0.637613 0.664587
8 0.649849 0.659423 0.649849 0.674268 0.677523 0.675344 0.67677 0.660714
3 0.68863 0.686102 0.689006 0.692126 0.704819 0.691265 0.704443 0.685241
2 0.685429 0.675129 0.68637 0.692771 0.715738 0.691695 0.713479 0.673408
8 0.898343 0.657272 0.901544 0.671472 0.925828 0.66932 0.922063 0.654475
8 0.895143 0.605207 0.898343 0.621127 0.922816 0.618976 0.918863 0.60327
