1 0.078502 0.206325 0.07756 0.210198 0.084714 0.208477 0.094503 0.206756 0.107116 0.204174 0.106551 0.200301 0.09262 0.203098 0.084337 0.20525
1 0.073795 0.213855 0.072477 0.217298 0.080572 0.216437 0.086408 0.214501 0.092432 0.21364 0.102221 0.212349 0.103351 0.206971 0.096574 0.208907 0.087538 0.210628 0.081137 0.212349
1 0.070783 0.220955 0.07003 0.225688 0.078313 0.223752 0.087914 0.222461 0.099398 0.219664 0.099774 0.214286 0.091491 0.216007 0.082831 0.217728 0.075678 0.219664
0 0.079631 0.197935 0.062312 0.226119 0.066453 0.227625 0.076242 0.226334 0.100527 0.221816 0.113705 0.217943 0.126506 0.188683 0.113893 0.188898 0.10241 0.192126 0.092432 0.194062
0 0.055158 0.229131 0.046687 0.247203 0.038404 0.268933 0.060806 0.266351 0.087726 0.260972 0.097139 0.237306 0.103163 0.223107 0.080572 0.226334 0.064006 0.229131
1 0.05497 0.24247 0.053464 0.246773 0.06137 0.244836 0.069654 0.243115 0.081325 0.240964 0.082267 0.236015 0.068524 0.238382 0.060617 0.240749
0 0.03878 0.271515 0.031062 0.284208 0.024473 0.298838 0.018449 0.308735 0.040286 0.307229 0.056476 0.305508 0.070971 0.302065 0.081514 0.286145 0.090173 0.263554 0.076995 0.264415 0.064947 0.267427 0.050452 0.270009
1 0.035956 0.280551 0.034639 0.283563 0.041227 0.283993 0.050828 0.282487 0.066642 0.280981 0.068148 0.275602 0.052146 0.277969 0.043675 0.279475
1 0.033509 0.288941 0.032191 0.29432 0.037274 0.293675 0.04744 0.292814 0.061747 0.291308 0.064194 0.285284 0.055911 0.285929 0.05064 0.28679 0.04311 0.287435 0.038215 0.288081
1 0.028614 0.299053 0.026732 0.304432 0.041039 0.302711 0.058358 0.300129 0.060053 0.295611 0.048946 0.296472 0.037274 0.297332
1 0.326242 0.245482 0.326242 0.250645 0.336973 0.250645 0.350527 0.250861 0.362764 0.250645 0.36314 0.244836 0.343938 0.245482 0.332455 0.245697
1 0.323042 0.255594 0.321913 0.260542 0.337349 0.260542 0.345068 0.260112 0.361069 0.260542 0.361446 0.255379 0.341679 0.254948 0.330572 0.254948
1 0.318524 0.26506 0.317771 0.270224 0.333584 0.269363 0.34808 0.269578 0.358246 0.268933 0.359187 0.264415 0.342432 0.263769 0.328502 0.264415
1 0.40738 0.247203 0.40625 0.251506 0.416039 0.254733 0.432982 0.2571 0.433547 0.251076 0.421687 0.250215 0.418486 0.25
1 0.393261 0.251291 0.392131 0.25753 0.404744 0.262263 0.411898 0.263984 0.431476 0.265706 0.432041 0.260757 0.412274 0.258176 0.405685 0.256239
1 0.389496 0.261403 0.388554 0.268503 0.400979 0.271084 0.411145 0.273451 0.42997 0.275172 0.42997 0.269578 0.407756 0.267427 0.403238 0.266566
0 0.320595 0.224398 0.318901 0.233649 0.317395 0.247203 0.3157 0.260112 0.309111 0.275818 0.339608 0.274096 0.355798 0.27259 0.377071 0.27173 0.383471 0.246773 0.387989 0.230422 0.357492 0.230422 0.343562 0.229131 0.33189 0.226334
0 0.391943 0.22074 0.387613 0.236015 0.38253 0.253657 0.37933 0.271299 0.408509 0.277539 0.424699 0.279475 0.450678 0.283778 0.45802 0.238382 0.432794 0.234725 0.417545 0.234509 0.411898 0.233003
0 0.705008 0.245697 0.708584 0.269578 0.712914 0.292814 0.742093 0.294966 0.762425 0.297762 0.782568 0.297762 0.773908 0.27259 0.769767 0.252797 0.736634 0.248709
1 0.717432 0.262478 0.718185 0.268072 0.732304 0.269793 0.753389 0.27173 0.753012 0.266781 0.735316 0.264415 0.724586 0.263124
1 0.718562 0.273236 0.719315 0.278399 0.732304 0.27926 0.741529 0.28012 0.756212 0.281626 0.754895 0.276248 0.735504 0.274527 0.724398 0.273666
1 0.718374 0.282487 0.719691 0.288296 0.730045 0.288726 0.740023 0.290017 0.750376 0.290878 0.75866 0.291954 0.757907 0.285929 0.743035 0.284854 0.729669 0.282917
0 0.705196 0.245267 0.708773 0.270224 0.712914 0.293244 0.750753 0.295826 0.783321 0.298623 0.775038 0.273236 0.769955 0.251936 0.740211 0.249355
1 0.164345 0.650172 0.164157 0.664587 0.193901 0.666523 0.220256 0.668244 0.243788 0.670396 0.243976 0.655551 0.197666 0.652324
0 0.174511 0.590792 0.169804 0.612522 0.162651 0.627367 0.160015 0.654905 0.157944 0.671256 0.201995 0.67642 0.247364 0.678787 0.249059 0.648666 0.255836 0.619191 0.260354 0.594664 0.213102 0.592083
1 0.551205 0.637694 0.551017 0.652108 0.596197 0.655766 0.631777 0.656626 0.631777 0.642642 0.588855 0.639415
0 0.545746 0.577883 0.544616 0.660499 0.637236 0.664157 0.635166 0.614888 0.63253 0.583262 0.581325 0.579604
0 0.821536 0.605207 0.825866 0.617685 0.830196 0.645869 0.842056 0.685671 0.884789 0.683305 0.916039 0.682659 0.903991 0.649742 0.900979 0.629733 0.897967 0.61833 0.893449 0.611231 0.891943 0.6037
1 0.838291 0.663511 0.843938 0.677065 0.865211 0.67599 0.88686 0.674699 0.907756 0.674053 0.903238 0.660929 0.869729 0.66179
