2 0.884036 0.376291 0.89119 0.393072 0.922063 0.388769 0.915474 0.371773
3 0.89119 0.385757 0.893825 0.392212 0.92131 0.387694 0.918486 0.381239
3 0.773155 0.363812 0.774285 0.370697 0.804217 0.370697 0.802711 0.364028
2 0.767508 0.354131 0.770708 0.371988 0.805158 0.371773 0.802523 0.354346
3 0.643637 0.452668 0.644578 0.459768 0.676958 0.458262 0.676393 0.451377
2 0.639496 0.442771 0.64119 0.461274 0.678087 0.461059 0.676393 0.441695
3 0.503765 0.455895 0.503577 0.462349 0.53445 0.462565 0.53445 0.45654
2 0.50113 0.445998 0.500377 0.464716 0.535768 0.465577 0.53558 0.446859
3 0.25866 0.454604 0.257154 0.460843 0.282568 0.464071 0.284262 0.457831
2 0.258848 0.444923 0.253953 0.46278 0.282756 0.466007 0.286898 0.448365
3 0.174887 0.465146 0.175075 0.470525 0.199736 0.465361 0.200678 0.459768
2 0.174322 0.456756 0.173193 0.458262 0.172816 0.472676 0.185806 0.47031 0.199925 0.468158 0.202748 0.45611 0.202748 0.451592
3 0.062688 0.555293 0.061935 0.561532 0.086408 0.561962 0.087726 0.555938
2 0.064194 0.544105 0.060241 0.561962 0.087726 0.562392 0.091491 0.545611
3 0.093938 0.564544 0.092432 0.571213 0.109752 0.572074 0.110881 0.56562
2 0.096386 0.554002 0.091679 0.57315 0.119541 0.574871 0.122929 0.560671 0.122176 0.555938
3 0.049134 0.610585 0.048193 0.617255 0.069654 0.6179 0.070218 0.611231
2 0.049699 0.598752 0.046122 0.617685 0.07003 0.618546 0.072854 0.599828
3 0.03991 0.66932 0.039157 0.676635 0.053464 0.677711 0.05497 0.670396
2 0.03991 0.657057 0.036898 0.677711 0.054405 0.679002 0.058358 0.658348
3 0.17884 0.588425 0.178087 0.59617 0.204819 0.598107 0.206137 0.591222
2 0.179029 0.576807 0.174134 0.596816 0.205384 0.600258 0.208961 0.582186 0.208396 0.578959
3 0.257342 0.594449 0.256401 0.601549 0.286145 0.605207 0.287274 0.598107
2 0.256401 0.58111 0.251694 0.602625 0.286898 0.607143 0.290663 0.585628
3 0.375941 0.687608 0.375 0.696859 0.407756 0.703313 0.410015 0.695353
2 0.374624 0.673408 0.370294 0.697719 0.407756 0.705895 0.409639 0.704174 0.413215 0.681799
3 0.509036 0.683735 0.507907 0.692771 0.543486 0.702022 0.545369 0.693632
2 0.507154 0.669105 0.502824 0.693632 0.544616 0.704819 0.548381 0.679432
3 0.648155 0.693847 0.648155 0.702883 0.685806 0.703098 0.685994 0.694062
2 0.643449 0.680077 0.645143 0.703313 0.689947 0.703313 0.687124 0.679432
3 0.804029 0.586058 0.806288 0.594234 0.840173 0.587134 0.838102 0.578744
2 0.796875 0.572719 0.79631 0.57401 0.802146 0.596601 0.804782 0.596601 0.839797 0.590146 0.840926 0.586489 0.835467 0.566695 0.833584 0.565835
3 0.913404 0.688898 0.914157 0.697935 0.952372 0.697504 0.951054 0.688683
2 0.907568 0.674484 0.910768 0.697935 0.912462 0.699871 0.951807 0.699656 0.953313 0.698365 0.94936 0.673408
3 0.28125 0.192986 0.28012 0.211704 0.28445 0.211059 0.285956 0.192986
2 0.274096 0.194707 0.28125 0.192341 0.286521 0.19191 0.285203 0.211704 0.27372 0.214716
3 0.300075 0.263124 0.293863 0.285069 0.298946 0.285069 0.304029 0.263124
2 0.300452 0.260327 0.292922 0.285714 0.306099 0.284854 0.311559 0.260112
3 0.379518 0.223322 0.379518 0.226979 0.402108 0.224398 0.402485 0.221386
2 0.378577 0.217513 0.37613 0.227625 0.401732 0.225258 0.402861 0.224182 0.403426 0.215146
3 0.352221 0.203959 0.348645 0.221601 0.35448 0.220955 0.356551 0.203744
2 0.352033 0.201807 0.34808 0.222246 0.360504 0.22117 0.363705 0.200947
3 0.270896 0.105422 0.270708 0.108434 0.288968 0.108434 0.288968 0.105637
2 0.269202 0.104131 0.267884 0.112306 0.288592 0.112306 0.290098 0.111446 0.291039 0.104561
3 0.519767 0.221816 0.519767 0.226334 0.543675 0.225043 0.544051 0.220955
2 0.516566 0.214931 0.516754 0.226764 0.544616 0.225904 0.543675 0.214071
3 0.516566 0.239673 0.516754 0.243761 0.542733 0.24204 0.54198 0.236876
2 0.514684 0.233864 0.515437 0.246127 0.544239 0.2429 0.542545 0.231713
3 0.602221 0.270654 0.602786 0.275172 0.630271 0.273021 0.629518 0.268072
2 0.598268 0.263769 0.601092 0.276248 0.631212 0.273666 0.6282 0.260327
3 0.70689 0.174268 0.70802 0.178356 0.733434 0.17685 0.732681 0.172117
2 0.70256 0.166954 0.705384 0.179432 0.733998 0.177496 0.731175 0.165232
3 0.736069 0.251506 0.736446 0.257315 0.764684 0.257745 0.764119 0.252367
2 0.731739 0.245267 0.734375 0.258606 0.765625 0.259466 0.763366 0.245482
3 0.830196 0.25753 0.830949 0.263984 0.853916 0.262263 0.852598 0.25667
2 0.824736 0.249139 0.826054 0.26506 0.85448 0.263124 0.85128 0.247203
3 0.815324 0.216437 0.815889 0.22074 0.840738 0.221816 0.84055 0.217298
2 0.809864 0.208262 0.814006 0.222031 0.842056 0.222676 0.839044 0.208907
3 0.779556 0.142857 0.779556 0.146945 0.789721 0.149312 0.80064 0.150818 0.802146 0.148236
2 0.776732 0.138769 0.777673 0.148021 0.78991 0.150172 0.803464 0.152324 0.804029 0.144148
3 0.767131 0.121988 0.767884 0.126506 0.78991 0.124139 0.789157 0.119836
2 0.762989 0.115749 0.765813 0.127797 0.790663 0.12457 0.787274 0.112737
3 0.756212 0.100473 0.775791 0.095955 0.777673 0.099398 0.757154 0.10241
2 0.749435 0.095525 0.753012 0.102194 0.758848 0.10284 0.778991 0.100473 0.77259 0.090792
3 0.012048 0.466867 0.011295 0.472676 0.030873 0.471386 0.03238 0.465361
2 0.014495 0.456756 0.008471 0.475688 0.029932 0.476549 0.035392 0.45568
7 0.944654 0.175344 0.946913 0.185886 1.0 0.186317 0.999812 0.175775
6 0.943148 0.173623 0.945783 0.186962 1.0 0.187608 1.0 0.173623
8 0.233622 0.387909 0.225339 0.425129 0.28012 0.421256 0.286145 0.38253
7 0.514872 0.260972 0.514684 0.270654 0.570971 0.267427 0.570407 0.257315
6 0.514119 0.259466 0.514307 0.27216 0.572289 0.268287 0.570783 0.255809
