1 0.066077 0.27173 0.123306 0.27173 0.120858 0.279905 0.064194 0.28012
0 0.080572 0.246558 0.072289 0.25796 0.062312 0.273881 0.060241 0.284639 0.083773 0.284639 0.122741 0.284208 0.134977 0.242255 0.113705 0.243115 0.092809 0.245267
1 0.334149 0.308305 0.393825 0.298193 0.394578 0.307014 0.333773 0.31605
0 0.336596 0.278399 0.332455 0.291523 0.32869 0.322289 0.355986 0.317126 0.369729 0.314544 0.398532 0.311102 0.399661 0.287435 0.40192 0.271945 0.354857 0.273451
1 0.625376 0.24204 0.680535 0.244406 0.682229 0.251076 0.626883 0.249139
0 0.613328 0.216222 0.620294 0.241394 0.623494 0.254518 0.68637 0.256454 0.685806 0.245482 0.674699 0.218158 0.658321 0.214931 0.630083 0.214931
5 0.097139 0.693417 0.126318 0.695568 0.124812 0.701592 0.096386 0.69901
4 0.103539 0.66975 0.11634 0.669535 0.112011 0.693632 0.127071 0.694062 0.125377 0.702238 0.095068 0.699871
3 0.014307 0.703959 0.036709 0.704174 0.034639 0.711274 0.012801 0.709337
2 0.015625 0.69148 0.041792 0.694062 0.034827 0.714716 0.007718 0.712134
3 0.040474 0.597892 0.060429 0.598967 0.059676 0.604131 0.039345 0.602194
2 0.040663 0.58864 0.064571 0.589716 0.060617 0.605207 0.057794 0.607788 0.03445 0.606713
3 0.09375 0.464931 0.113328 0.464716 0.112199 0.468804 0.092997 0.469449
2 0.093938 0.458262 0.115964 0.457401 0.11314 0.470095 0.090361 0.470525
3 0.143261 0.571429 0.157568 0.571429 0.155874 0.577238 0.142319 0.576592
2 0.143449 0.562177 0.167169 0.562177 0.164345 0.577883 0.139684 0.577883
3 0.226845 0.660499 0.252636 0.65512 0.252636 0.661575 0.227221 0.665878
2 0.223833 0.651033 0.252824 0.646515 0.254142 0.662436 0.225151 0.668029
3 0.248306 0.540878 0.272214 0.538942 0.271837 0.54389 0.248117 0.545611
2 0.2468 0.532487 0.273908 0.530766 0.27259 0.545826 0.245294 0.547547
3 0.315512 0.556153 0.33942 0.556153 0.33942 0.560886 0.315512 0.561532
2 0.315512 0.546687 0.34375 0.546902 0.342244 0.561962 0.312876 0.562177
3 0.3125 0.667169 0.3125 0.673193 0.338479 0.673838 0.339044 0.667599
2 0.312312 0.656626 0.342809 0.657917 0.340926 0.679217 0.307229 0.678787 0.310429 0.672332
3 0.437688 0.656626 0.456325 0.655981 0.456325 0.662005 0.438253 0.662651
2 0.437312 0.646084 0.467809 0.644363 0.467997 0.662651 0.43637 0.664157
3 0.443524 0.53636 0.459902 0.534208 0.460467 0.539372 0.444465 0.540663
2 0.442206 0.527539 0.470256 0.524527 0.471009 0.539587 0.442206 0.542169
3 0.55817 0.556799 0.570407 0.555508 0.570783 0.559165 0.558547 0.560671
2 0.556476 0.550129 0.577372 0.548193 0.578313 0.559596 0.55817 0.561747
3 0.589797 0.643933 0.607681 0.641781 0.608057 0.647375 0.59055 0.649742
2 0.58622 0.633391 0.617282 0.629733 0.619917 0.6463 0.618976 0.647806 0.587726 0.651678
3 0.722327 0.633391 0.738893 0.631885 0.739646 0.638339 0.723645 0.63963
2 0.718185 0.623709 0.721009 0.641136 0.750753 0.638554 0.748682 0.622203 0.746423 0.620697
3 0.806288 0.609079 0.832078 0.608649 0.832831 0.614673 0.807605 0.614028
2 0.802146 0.598537 0.830761 0.598537 0.832267 0.601979 0.833773 0.615534 0.805346 0.616179 0.80384 0.613812
