3 0.292169 0.355207 0.291416 0.3608 0.313253 0.361016 0.315324 0.355422
2 0.292169 0.34488 0.330384 0.345095 0.330761 0.347892 0.326242 0.363167 0.286709 0.361876
3 0.560241 0.362737 0.582643 0.364458 0.582643 0.370267 0.560617 0.368976
2 0.556476 0.35327 0.59695 0.354776 0.599774 0.370267 0.596197 0.372633 0.555911 0.370697
3 0.629142 0.380594 0.629706 0.386833 0.667545 0.390706 0.667357 0.384466
2 0.625753 0.368761 0.66811 0.373494 0.669239 0.393503 0.626318 0.388124
3 0.764872 0.439114 0.765248 0.447289 0.80384 0.451162 0.802523 0.442556
2 0.757718 0.426635 0.800828 0.430077 0.804593 0.452668 0.760919 0.44858
3 0.803087 0.408563 0.804217 0.413726 0.836973 0.41846 0.836408 0.412866
2 0.796122 0.395439 0.83302 0.401033 0.836408 0.411145 0.838291 0.420181 0.799699 0.414802
3 0.260919 0.762478 0.292545 0.765491 0.290474 0.77883 0.258095 0.773881
2 0.261483 0.739458 0.317583 0.744836 0.319842 0.747848 0.313253 0.783348 0.255083 0.777539 0.253577 0.773666
3 0.358998 0.767427 0.413968 0.765706 0.414157 0.778184 0.360504 0.780336
2 0.356928 0.745912 0.415851 0.743976 0.41491 0.783993 0.351657 0.784208
3 0.510354 0.77883 0.544616 0.774312 0.546498 0.78679 0.511295 0.791954
2 0.504706 0.756454 0.560241 0.74957 0.5657 0.755809 0.568524 0.788726 0.506965 0.794966
3 0.694277 0.632745 0.722892 0.636188 0.722892 0.645869 0.695218 0.641781
2 0.688253 0.614458 0.739646 0.620482 0.740776 0.651033 0.738893 0.651678 0.689947 0.644793
3 0.813818 0.627367 0.839608 0.627152 0.841679 0.637048 0.816642 0.636618
2 0.806288 0.610155 0.853163 0.611016 0.861258 0.640275 0.811935 0.638769
3 0.886107 0.655336 0.924887 0.649312 0.928276 0.659208 0.888931 0.664372
2 0.877259 0.637909 0.919804 0.633821 0.929217 0.661575 0.884789 0.668029
7 0.935053 0.616179 0.970821 0.613167 0.977221 0.618115 0.981363 0.628227 0.937688 0.629088
6 0.931852 0.615318 0.935617 0.632315 0.983998 0.629088 0.977033 0.611016
