1 0.138942 0.402564 0.135577 0.409936 0.186058 0.415705 0.18774 0.408013
0 0.14399 0.382692 0.128846 0.410897 0.188702 0.419231 0.194471 0.405769 0.202644 0.389103
1 0.308894 0.422436 0.307692 0.428526 0.355769 0.432051 0.356731 0.426282
0 0.310817 0.399679 0.300962 0.431731 0.358894 0.435577 0.364904 0.404167
3 0.447596 0.541667 0.447356 0.544872 0.465385 0.545833 0.466106 0.542949
2 0.447596 0.53718 0.445913 0.545833 0.466587 0.546474 0.467548 0.538141
3 0.701923 0.553526 0.703365 0.556731 0.720673 0.558654 0.720192 0.555769
2 0.698317 0.549038 0.702163 0.557372 0.721875 0.559295 0.71875 0.550962
3 0.841106 0.514103 0.842067 0.518269 0.860577 0.516667 0.859135 0.5125
2 0.83726 0.510256 0.841346 0.519231 0.862019 0.517308 0.858413 0.508654
7 0.832452 0.546795 0.835096 0.558333 0.910096 0.549038 0.90625 0.536538
6 0.830769 0.544551 0.833894 0.560256 0.9125 0.550641 0.907933 0.533974
3 0.142788 0.706731 0.142067 0.711859 0.164663 0.71218 0.166106 0.707692
2 0.143269 0.700321 0.138702 0.71218 0.165144 0.713782 0.169471 0.700962
3 0.240385 0.684936 0.239663 0.689103 0.261538 0.688782 0.2625 0.684295
2 0.239663 0.678205 0.236298 0.690064 0.2625 0.690064 0.264904 0.678205
3 0.230529 0.714423 0.230288 0.71859 0.252885 0.71859 0.253846 0.714744
2 0.229567 0.707372 0.227404 0.715705 0.225721 0.720192 0.253365 0.720513 0.25601 0.707692
3 0.592067 0.714423 0.592067 0.71891 0.613462 0.71891 0.613221 0.716026
2 0.588942 0.707692 0.589904 0.720833 0.615385 0.719872 0.614183 0.707372
3 0.665865 0.717308 0.665625 0.721154 0.672115 0.724038 0.676683 0.724359 0.677164 0.721154
2 0.665625 0.710256 0.663702 0.721154 0.66899 0.72468 0.690865 0.725641 0.691106 0.717628
3 0.846394 0.658974 0.847115 0.66282 0.868029 0.664103 0.866587 0.659295
2 0.841586 0.652564 0.845192 0.663782 0.86899 0.664423 0.864183 0.652244
3 0.860337 0.691026 0.861058 0.694872 0.882692 0.695513 0.881731 0.691346
2 0.855288 0.684295 0.859615 0.696154 0.884615 0.697115 0.880529 0.684615
3 0.947115 0.688462 0.947115 0.692308 0.969712 0.692949 0.968269 0.688782
2 0.941106 0.680449 0.947115 0.694551 0.971635 0.694551 0.965625 0.68141
3 0.908654 0.63109 0.910096 0.633654 0.926442 0.628526 0.92476 0.625
2 0.901202 0.625962 0.908894 0.635897 0.929087 0.628526 0.923558 0.622115 0.905769 0.623718
1 0.471154 0.400641 0.466587 0.404167 0.466346 0.408013 0.480048 0.411859 0.498077 0.409936 0.497837 0.402885 0.476442 0.402564
0 0.494712 0.377244 0.464663 0.403205 0.463462 0.408333 0.475 0.415385 0.503365 0.413141 0.501683 0.377885
3 0.293269 0.507051 0.29375 0.509936 0.312019 0.507692 0.311538 0.504808
2 0.291587 0.503846 0.292308 0.511859 0.312981 0.509936 0.311779 0.500641
