5 0.294051 0.202022 0.323419 0.196429 0.323795 0.202022 0.294428 0.20654
4 0.28125 0.19815 0.324736 0.193417 0.325113 0.204389 0.280497 0.207831
5 0.1907 0.189544 0.21988 0.187177 0.219126 0.193417 0.187312 0.195783
4 0.180346 0.187177 0.221574 0.184596 0.220256 0.195138 0.175075 0.196644
5 0.142131 0.65426 0.172252 0.654475 0.171122 0.66136 0.141566 0.66136
4 0.128577 0.651678 0.173758 0.652108 0.172628 0.663296 0.127824 0.663081
3 0.197477 0.680938 0.223645 0.676635 0.224209 0.683305 0.198419 0.686962
2 0.195595 0.670181 0.22308 0.668244 0.226468 0.684165 0.194277 0.688683
3 0.211973 0.614888 0.235881 0.620052 0.234187 0.626291 0.210467 0.621773
2 0.212538 0.605207 0.240399 0.611016 0.236822 0.629088 0.208584 0.621988
7 0.281626 0.655981 0.326431 0.653184 0.356175 0.648881 0.358434 0.667169 0.283697 0.676205
6 0.280309 0.648021 0.363705 0.644578 0.366905 0.675774 0.277108 0.683735
3 0.419992 0.592943 0.449736 0.594664 0.448983 0.601979 0.419428 0.599828
2 0.420181 0.584122 0.450866 0.584552 0.450489 0.60284 0.418298 0.601334
3 0.548946 0.58778 0.578878 0.58821 0.579631 0.595525 0.549699 0.594019
2 0.547252 0.576807 0.578502 0.578959 0.580572 0.597676 0.548381 0.59531
3 0.676393 0.589931 0.707455 0.591867 0.70802 0.598967 0.676581 0.596816
2 0.673569 0.579389 0.707267 0.58068 0.710467 0.600258 0.675075 0.598107
3 0.76939 0.572504 0.796875 0.564759 0.800075 0.572504 0.772402 0.579174 0.768825 0.572719
2 0.76506 0.562608 0.793486 0.554217 0.802146 0.572935 0.771649 0.581971
3 0.850151 0.562177 0.876883 0.555077 0.879518 0.560886 0.852974 0.567556
2 0.845068 0.552711 0.872741 0.546472 0.877259 0.552711 0.880459 0.563253 0.850527 0.569277
