8 0.153125 0.716987 0.145913 0.747756 0.186058 0.749359 0.191106 0.716987
8 0.178365 0.519872 0.172356 0.541667 0.186298 0.541667 0.205529 0.54391 0.210337 0.521474
8 0.498317 0.414103 0.498077 0.433333 0.527644 0.432372 0.526202 0.412821
8 0.721154 0.491987 0.72476 0.511859 0.754567 0.511218 0.74976 0.490705 0.722596 0.490705
8 0.89351 0.380449 0.896154 0.388782 0.898558 0.400641 0.922115 0.397115 0.914904 0.38109
8 0.959615 0.548077 0.963221 0.570192 0.992548 0.573397 0.9875 0.550641
8 0.801442 0.789103 0.807212 0.823077 0.84375 0.821154 0.836779 0.788462
8 0.454808 0.795192 0.453606 0.830769 0.492548 0.830128 0.492308 0.794551
8 0.455529 0.713782 0.454087 0.742628 0.489423 0.742949 0.488702 0.714423
8 0.478125 0.498397 0.48101 0.51859 0.508654 0.515064 0.50601 0.494551
3 0.813942 0.318269 0.815144 0.322436 0.838942 0.322115 0.83726 0.316987
2 0.807452 0.309936 0.813221 0.324359 0.840144 0.322756 0.838462 0.316987 0.832452 0.308013
3 0.435577 0.357051 0.436538 0.36218 0.463942 0.357372 0.462981 0.351923
2 0.43125 0.349038 0.433894 0.364103 0.465144 0.358013 0.461538 0.342308 0.43125 0.348077
3 0.252163 0.617308 0.251442 0.625 0.285817 0.628846 0.28774 0.621154
2 0.247115 0.602244 0.241827 0.626923 0.2875 0.633333 0.290385 0.607372 0.247837 0.600962
