8 0.205048 0.308333 0.225962 0.310897 0.222356 0.320833 0.202885 0.317949
8 0.198558 0.355769 0.220433 0.357692 0.217548 0.369872 0.196635 0.366667 0.195673 0.366346
8 0.186298 0.405769 0.208654 0.40609 0.206731 0.421154 0.183413 0.41891
8 0.250962 0.405449 0.273317 0.405449 0.270913 0.419231 0.249038 0.417949
8 0.260577 0.36282 0.28125 0.365064 0.278606 0.375641 0.257692 0.373397
8 0.322115 0.385577 0.343029 0.386218 0.342067 0.397436 0.320913 0.397115 0.321394 0.385897
8 0.319712 0.420833 0.34351 0.422756 0.341587 0.434615 0.319471 0.432692
8 0.119471 0.636218 0.145913 0.637821 0.143029 0.654808 0.116346 0.652564
8 0.076923 0.767628 0.108654 0.768269 0.104567 0.788782 0.071394 0.788141
3 0.235817 0.730769 0.265625 0.733013 0.265144 0.738782 0.234375 0.737179
2 0.235096 0.71891 0.267548 0.721474 0.265865 0.740064 0.23125 0.737179
9 0.393269 0.666987 0.444712 0.669231 0.444712 0.705769 0.391587 0.705449
9 0.414183 0.7125 0.470673 0.714103 0.470913 0.75641 0.414183 0.754167
3 0.45 0.61859 0.476442 0.616987 0.476923 0.62468 0.450481 0.624359
2 0.449279 0.610897 0.477404 0.610897 0.478846 0.625641 0.45 0.62532 0.448317 0.610897
9 0.509375 0.717628 0.561538 0.721795 0.563942 0.763462 0.509856 0.758333 0.507452 0.717949
8 0.610817 0.755449 0.637981 0.758974 0.640144 0.78141 0.613942 0.775962
8 0.713221 0.74968 0.740625 0.75032 0.745433 0.771154 0.71875 0.771154
8 0.685336 0.646474 0.711779 0.648718 0.715144 0.666346 0.688942 0.663462
8 0.672596 0.552244 0.695913 0.551603 0.699279 0.567308 0.675481 0.567308
8 0.82524 0.733654 0.851683 0.733013 0.85649 0.754167 0.832212 0.753526
8 0.83125 0.758654 0.85625 0.758333 0.864183 0.78109 0.837981 0.78109
8 0.840144 0.78782 0.868269 0.789103 0.872836 0.81218 0.847115 0.809936
8 0.846875 0.814103 0.877164 0.814744 0.88125 0.836218 0.853606 0.834936
