1 0.019202 0.620912 0.076995 0.614458 0.074548 0.626721 0.016943 0.632315
0 0.029744 0.578528 0.009413 0.638984 0.077184 0.632745 0.08509 0.592943 0.088479 0.570783
1 0.105045 0.406196 0.152297 0.396299 0.151355 0.40426 0.104104 0.414372
0 0.107681 0.376936 0.099586 0.419535 0.153238 0.407272 0.157944 0.395224 0.160768 0.362737 0.107492 0.374785
1 0.254518 0.381454 0.307605 0.374785 0.307041 0.384036 0.254518 0.390491
0 0.255648 0.34574 0.25433 0.362306 0.251694 0.383606 0.249247 0.393933 0.311935 0.387048 0.313253 0.366179 0.314383 0.337565
1 0.416039 0.352194 0.474586 0.344019 0.475151 0.353485 0.416416 0.362091
0 0.414533 0.324656 0.414533 0.34617 0.412274 0.348752 0.412651 0.36747 0.479857 0.358003 0.478916 0.338855 0.480045 0.339071 0.479104 0.319707
1 0.626318 0.298623 0.681664 0.291523 0.683547 0.300129 0.628577 0.307874
0 0.612387 0.268072 0.624435 0.312392 0.689194 0.304432 0.685053 0.29432 0.6843 0.289372 0.674699 0.263339 0.654932 0.262694 0.627636 0.264845 0.612575 0.267212
8 0.007907 0.564759 0.003012 0.601979 0.020143 0.601549 0.028803 0.577453 0.047816 0.575301 0.05064 0.55809
