8 0.10561 0.324441 0.112387 0.353701 0.1282 0.35284 0.122741 0.32315
8 0.076619 0.332831 0.084526 0.362091 0.099398 0.361446 0.093373 0.332616
3 0.074172 0.326807 0.073983 0.33111 0.086785 0.331971 0.08622 0.327453
2 0.072101 0.319062 0.073607 0.331971 0.09055 0.332186 0.089044 0.319707
3 0.114081 0.361876 0.114646 0.366609 0.127824 0.366394 0.127447 0.362091
2 0.112764 0.354776 0.11427 0.36747 0.132154 0.36747 0.129895 0.354561
3 0.051581 0.342298 0.052334 0.347031 0.070407 0.345095 0.070595 0.340792
2 0.048569 0.334337 0.051205 0.348107 0.072666 0.346816 0.071348 0.340792 0.066453 0.332831
3 0.002447 0.345095 0.004142 0.349613 0.021649 0.347676 0.021273 0.343374
2 0.0 0.33778 0.003012 0.350688 0.022779 0.349613 0.022214 0.343158 0.016002 0.335843
2 0.024661 0.337349 0.02805 0.351119 0.048193 0.350043 0.045934 0.336489
3 0.027861 0.34531 0.028614 0.349398 0.047252 0.348752 0.046687 0.343804
3 0.036145 0.31691 0.037274 0.321429 0.0593 0.320783 0.058358 0.31605
2 0.033697 0.30938 0.036898 0.322504 0.060617 0.321429 0.056664 0.30852
7 0.090173 0.135542 0.090173 0.144793 0.113517 0.143933 0.113893 0.135327
6 0.08189 0.130809 0.082267 0.137263 0.081137 0.141781 0.081137 0.146945 0.125753 0.145224 0.126883 0.132315
