3 0.081325 0.830465 0.080761 0.83864 0.115023 0.837995 0.115964 0.830034
2 0.07756 0.814974 0.074925 0.841652 0.116529 0.841007 0.118035 0.826807 0.113893 0.813898
3 0.154932 0.742255 0.155309 0.748709 0.189947 0.743115 0.189383 0.73537
2 0.152673 0.72741 0.153803 0.751076 0.192395 0.744836 0.189759 0.72031
4 0.207267 0.708692 0.207831 0.726119 0.252824 0.709337 0.251318 0.696859
5 0.21988 0.708692 0.220633 0.717728 0.251506 0.706756 0.250565 0.698795
4 0.080572 0.726549 0.078313 0.747203 0.130459 0.744836 0.131024 0.733864 0.09262 0.734509 0.091491 0.727625
5 0.089797 0.737306 0.08942 0.745912 0.129518 0.743976 0.129895 0.73494
4 0.084337 0.648021 0.081702 0.667384 0.136483 0.662866 0.135919 0.653399 0.093938 0.655981 0.09488 0.648236
5 0.094691 0.657917 0.094503 0.665878 0.13366 0.66222 0.134036 0.654475
4 0.139307 0.644148 0.138178 0.660069 0.189759 0.656411 0.191077 0.643933
5 0.15738 0.64716 0.157568 0.655766 0.189194 0.65426 0.189194 0.646515
3 0.550075 0.189544 0.55064 0.193632 0.576619 0.194062 0.576242 0.189759
2 0.547628 0.182874 0.549134 0.195353 0.578502 0.195353 0.576807 0.182659
3 0.295934 0.744621 0.295934 0.753227 0.334149 0.753227 0.333961 0.745052
2 0.294428 0.729991 0.292357 0.754733 0.335843 0.754733 0.335843 0.731497 0.332455 0.729131 0.298193 0.729561
3 0.295369 0.825732 0.295557 0.833692 0.334149 0.828528 0.333773 0.820783
2 0.291416 0.809811 0.292733 0.835628 0.336596 0.830465 0.333208 0.802926
3 0.42884 0.797332 0.429029 0.805508 0.464985 0.802926 0.464608 0.794535
2 0.426205 0.782702 0.426393 0.80895 0.467244 0.805508 0.465361 0.781626
