1 0.241106 0.491667 0.239904 0.502244 0.25649 0.502885 0.26875 0.502885 0.296635 0.502564 0.297356 0.492308 0.26899 0.492628 0.254327 0.492308
0 0.24399 0.457051 0.240144 0.476923 0.238462 0.495513 0.236298 0.50641 0.257452 0.508013 0.275 0.508013 0.300962 0.50609 0.30649 0.45609 0.278846 0.457372 0.259856 0.457051
5 0.411058 0.428205 0.411058 0.433974 0.422837 0.433974 0.440865 0.433013 0.440625 0.427244 0.422356 0.427244
4 0.391346 0.427244 0.391106 0.436538 0.414423 0.435577 0.441587 0.434615 0.441346 0.425
1 0.407212 0.5125 0.407692 0.523397 0.426923 0.523718 0.446635 0.522436 0.464423 0.522436 0.464904 0.511538 0.436779 0.509936 0.41851 0.510577
0 0.40649 0.475321 0.403606 0.528526 0.428606 0.527564 0.468269 0.525962 0.46875 0.474359 0.439423 0.476282
1 0.531971 0.516346 0.532212 0.527885 0.544471 0.528526 0.559615 0.527885 0.577644 0.527885 0.590144 0.527885 0.589183 0.517628 0.563702 0.516346 0.545913 0.516987
0 0.528606 0.480769 0.528606 0.50641 0.529327 0.530769 0.548317 0.532692 0.568269 0.532692 0.59399 0.533333 0.591346 0.480769 0.573317 0.480769 0.547356 0.481731
5 0.532692 0.436538 0.533173 0.441987 0.545433 0.442628 0.554087 0.442628 0.563221 0.442308 0.56274 0.436538
4 0.513702 0.435256 0.513942 0.443269 0.534135 0.44359 0.550721 0.44391 0.563942 0.44359 0.564423 0.434936
5 0.645914 0.438782 0.647356 0.447756 0.703365 0.446474 0.702404 0.4375 0.677885 0.437179 0.656971 0.4375
4 0.616587 0.419551 0.620192 0.450962 0.653365 0.450962 0.70625 0.448718 0.703846 0.434295 0.652644 0.434936 0.632692 0.436859 0.630048 0.417949
1 0.624038 0.546154 0.624279 0.558013 0.65625 0.558013 0.684856 0.557051 0.682933 0.545833 0.652404 0.546795 0.632933 0.546795
0 0.616106 0.509936 0.621635 0.560897 0.675721 0.561538 0.688702 0.560577 0.680048 0.507051
3 0.158173 0.670833 0.157452 0.67532 0.171154 0.675641 0.171875 0.671154
2 0.159615 0.663141 0.156731 0.675962 0.173798 0.676603 0.176923 0.664744
3 0.305288 0.661218 0.304567 0.665705 0.310337 0.666987 0.316587 0.667628 0.317788 0.6625 0.311298 0.661538
2 0.30625 0.654487 0.304087 0.666346 0.320192 0.668269 0.322596 0.656731
3 0.371875 0.664423 0.371635 0.669551 0.384135 0.669872 0.384375 0.665064
2 0.371154 0.657051 0.370673 0.670192 0.388702 0.670513 0.388942 0.657372
3 0.89375 0.460577 0.894712 0.464423 0.90649 0.463462 0.905529 0.459936
2 0.891106 0.454167 0.894471 0.465385 0.914183 0.463141 0.909856 0.452564
3 0.817788 0.499038 0.822356 0.516026 0.826442 0.514423 0.821635 0.498077
2 0.810577 0.496154 0.816587 0.517628 0.827404 0.515705 0.821394 0.494231
3 0.883654 0.414744 0.884615 0.418269 0.895673 0.417308 0.894712 0.414103
2 0.88101 0.409615 0.884135 0.419231 0.902885 0.416667 0.899519 0.408013
8 0.964663 0.441987 0.969712 0.452885 0.98726 0.450962 0.982212 0.439423
8 0.972115 0.696474 0.97476 0.713462 0.986538 0.715064 0.99351 0.716987 0.991106 0.7 0.980529 0.697756
8 0.926683 0.859615 0.93125 0.877564 0.952404 0.878205 0.948077 0.859936
