3 0.768269 0.384615 0.76859 0.388462 0.800641 0.381971 0.80032 0.378125
2 0.765385 0.378846 0.765385 0.390144 0.801923 0.383173 0.80032 0.370913
3 0.634295 0.512981 0.634615 0.517067 0.664744 0.513462 0.663782 0.508894
2 0.633654 0.50625 0.632372 0.518029 0.665705 0.514183 0.665385 0.502885
3 0.628205 0.484856 0.628205 0.489423 0.658974 0.483894 0.658013 0.480048
2 0.62532 0.479087 0.625962 0.491827 0.661218 0.486298 0.659615 0.473558
3 0.641346 0.404808 0.641987 0.408173 0.669872 0.399519 0.669231 0.395673
2 0.636859 0.399279 0.639744 0.409375 0.671474 0.4 0.670833 0.391587 0.668269 0.389904 0.644872 0.397115
3 0.495833 0.453606 0.495833 0.457692 0.521154 0.452885 0.521154 0.449519
2 0.494872 0.448558 0.494551 0.459615 0.522756 0.454087 0.520833 0.444231
3 0.421154 0.467548 0.420833 0.470673 0.444551 0.466106 0.444551 0.462981
2 0.419231 0.46226 0.418269 0.472115 0.445513 0.466827 0.444872 0.457212
3 0.260256 0.585817 0.258654 0.589183 0.276282 0.592067 0.278526 0.588702
2 0.261218 0.579808 0.255449 0.589663 0.277244 0.593029 0.283013 0.581731
3 0.233333 0.569231 0.233013 0.572596 0.253526 0.569712 0.253205 0.566587
2 0.232692 0.563702 0.231731 0.573077 0.254167 0.570433 0.254808 0.560096
3 0.240385 0.556731 0.240064 0.559856 0.258974 0.55649 0.260256 0.552885
2 0.240385 0.550721 0.239103 0.558173 0.239423 0.560577 0.259936 0.557692 0.261538 0.546875
3 0.267628 0.552164 0.267308 0.555769 0.286538 0.552164 0.2875 0.548317
2 0.266346 0.546635 0.265705 0.556731 0.288141 0.553125 0.288462 0.543029
3 0.32532 0.53774 0.324038 0.541346 0.345513 0.542788 0.346795 0.538462
2 0.326282 0.533894 0.322756 0.541827 0.346154 0.543269 0.349359 0.532933 0.332051 0.533173
1 0.069231 0.417788 0.067628 0.423798 0.102244 0.412981 0.102244 0.407212
0 0.072436 0.39399 0.067308 0.411779 0.061218 0.429327 0.103846 0.415625 0.114423 0.379087
1 0.215064 0.355769 0.213782 0.36226 0.225962 0.360817 0.244231 0.357692 0.245513 0.350721
0 0.207692 0.334135 0.192949 0.363702 0.188782 0.36899 0.203526 0.36851 0.245833 0.360817 0.258654 0.323317
1 0.431731 0.337981 0.43109 0.345433 0.465385 0.337019 0.499359 0.328846 0.498718 0.321154 0.453526 0.332452
0 0.430128 0.306731 0.42532 0.35 0.501923 0.33101 0.503846 0.286058
1 0.660577 0.249279 0.661538 0.256971 0.744231 0.232692 0.746154 0.231731 0.74359 0.224038
0 0.651603 0.21851 0.653526 0.2625 0.752885 0.234615 0.746474 0.187981
3 0.047756 0.591346 0.046474 0.594231 0.060256 0.592548 0.061218 0.589423
2 0.048077 0.586538 0.044872 0.595914 0.061218 0.59375 0.063141 0.587981 0.0625 0.584375
3 0.079167 0.513942 0.078846 0.516346 0.090705 0.514663 0.091026 0.512019
2 0.079808 0.509615 0.076603 0.517548 0.092628 0.516106 0.094872 0.507692
3 0.017628 0.555048 0.017308 0.557452 0.028205 0.55601 0.029487 0.552885
2 0.017628 0.55 0.015385 0.558173 0.029487 0.556971 0.032372 0.548798
3 0.016346 0.523317 0.015385 0.52524 0.028205 0.522356 0.027885 0.520433
2 0.016667 0.51851 0.013782 0.526683 0.029167 0.523077 0.030769 0.515144
2 0.090705 0.48149 0.089423 0.488942 0.102885 0.487019 0.104808 0.480048
3 0.091346 0.486538 0.090385 0.488221 0.102244 0.486779 0.102564 0.484856
