7 0.155309 0.688038 0.198795 0.679002 0.199172 0.685886 0.156438 0.696859
6 0.15305 0.687177 0.200301 0.677065 0.200866 0.687177 0.154367 0.698795
7 0.140248 0.760757 0.185806 0.753873 0.185806 0.763984 0.139872 0.770869
7 0.201995 0.764415 0.247553 0.757315 0.247553 0.767427 0.201619 0.774527
7 0.262236 0.76463 0.309676 0.758391 0.309864 0.767427 0.26186 0.774742
7 0.276355 0.687823 0.317771 0.680508 0.318524 0.689544 0.276544 0.69901
6 0.275038 0.685886 0.319465 0.678571 0.320595 0.691695 0.273532 0.700947
6 0.26186 0.763554 0.309864 0.755809 0.311935 0.768503 0.260166 0.777108
6 0.200301 0.763124 0.248306 0.755164 0.250376 0.768072 0.198607 0.776678
6 0.138554 0.760112 0.186559 0.752367 0.18863 0.76506 0.13686 0.773666
3 0.379518 0.762909 0.407944 0.762909 0.407191 0.769148 0.379706 0.768718
2 0.377636 0.750861 0.409639 0.751506 0.409074 0.769793 0.405685 0.770654 0.377447 0.770009
5 0.465173 0.655336 0.512048 0.654475 0.512048 0.663511 0.464985 0.663296
4 0.450301 0.65469 0.450489 0.666308 0.513178 0.664157 0.512425 0.653614
5 0.649849 0.718804 0.695971 0.716867 0.696913 0.725904 0.651544 0.727194
4 0.636483 0.718158 0.697101 0.716007 0.698042 0.72741 0.636295 0.729776
