8 0.470673 0.458654 0.485096 0.458654 0.486298 0.465705 0.470192 0.465385
8 0.577163 0.465705 0.593029 0.466667 0.594471 0.473397 0.578125 0.473397
8 0.709615 0.47468 0.724279 0.475321 0.726683 0.48141 0.711538 0.482372 0.709135 0.476603
8 0.08149 0.557692 0.103125 0.558333 0.098798 0.56859 0.077163 0.567949
5 0.136058 0.598077 0.152644 0.563462 0.161538 0.565064 0.145913 0.599038
4 0.133413 0.6 0.152644 0.560897 0.16226 0.5625 0.162981 0.563782 0.145673 0.604487
5 0.247837 0.570513 0.271154 0.573077 0.270913 0.577244 0.245192 0.575
4 0.236298 0.567628 0.273077 0.571474 0.272356 0.579487 0.233654 0.575
8 0.203606 0.681731 0.229087 0.680449 0.228606 0.694231 0.203846 0.695833
8 0.269231 0.670192 0.293029 0.670833 0.291106 0.684295 0.267308 0.683974
8 0.546875 0.692628 0.569471 0.697436 0.568029 0.710897 0.546394 0.70641
5 0.80625 0.610256 0.827644 0.610577 0.829327 0.616667 0.807452 0.615705
4 0.804567 0.608974 0.828606 0.608974 0.832452 0.61859 0.805769 0.619231
5 0.493029 0.898718 0.534375 0.899038 0.535096 0.907372 0.493269 0.906731
4 0.492308 0.896795 0.535577 0.897115 0.536298 0.908654 0.492308 0.908654
5 0.891827 0.906731 0.926202 0.90641 0.927885 0.9125 0.894471 0.913141 0.892308 0.907372
4 0.891106 0.90609 0.927644 0.905128 0.929567 0.915705 0.894231 0.915705
