1 0.726202 0.439744 0.728125 0.449038 0.763702 0.44968 0.76274 0.439744
0 0.688702 0.408974 0.700962 0.452244 0.770914 0.455769 0.76226 0.429808 0.755769 0.411859
3 0.499038 0.760256 0.499279 0.765705 0.51899 0.765705 0.51875 0.760256
2 0.497837 0.75 0.497115 0.766346 0.519712 0.766346 0.518029 0.75032
3 0.529567 0.791346 0.529567 0.797115 0.545192 0.797436 0.545673 0.791667
2 0.526442 0.780769 0.526923 0.798397 0.55601 0.798397 0.555288 0.780769
3 0.679327 0.659936 0.679808 0.665385 0.703606 0.665385 0.702644 0.660256
2 0.675721 0.651603 0.678125 0.666667 0.704567 0.666346 0.700721 0.650641
8 0.725721 0.657372 0.726442 0.663462 0.754567 0.664103 0.753365 0.657372
5 0.704567 0.601282 0.705529 0.605769 0.734856 0.605769 0.733654 0.600962
4 0.70024 0.590064 0.705048 0.607051 0.735577 0.606731 0.734375 0.6 0.713702 0.59968 0.710817 0.589744
3 0.524519 0.715705 0.52476 0.720833 0.543269 0.720833 0.542788 0.716346
2 0.523077 0.708974 0.523317 0.721154 0.545673 0.721154 0.546635 0.708654
