1 0.330048 0.312179 0.329087 0.31859 0.377404 0.322756 0.377163 0.316346
0 0.330048 0.289423 0.323077 0.321474 0.380769 0.325641 0.384375 0.29359
1 0.525962 0.25 0.526202 0.255769 0.567788 0.259295 0.567548 0.253526
0 0.521635 0.231731 0.520913 0.257692 0.571154 0.261859 0.569231 0.2375
1 0.702163 0.259295 0.703125 0.265385 0.745433 0.26859 0.74399 0.2625
0 0.694952 0.241346 0.699519 0.26891 0.749038 0.270513 0.741827 0.242308
1 0.91226 0.360577 0.914423 0.366667 0.95649 0.374359 0.953846 0.366667
0 0.900721 0.33782 0.910577 0.367949 0.961779 0.376923 0.95 0.346474
9 0.685817 0.923718 0.685577 0.974038 0.693269 0.974359 0.692067 0.924679
8 0.811058 0.836538 0.814183 0.85609 0.838221 0.857692 0.833654 0.838141
9 0.224038 0.955128 0.223317 0.96282 0.255048 0.958333 0.255529 0.950321
9 0.857933 0.585577 0.859135 0.590064 0.881971 0.590705 0.880048 0.585577
9 0.833173 0.924359 0.840865 0.974359 0.848798 0.972436 0.840385 0.923718
9 0.585096 0.735897 0.574279 0.882051 0.581971 0.883013 0.592548 0.73782
9 0.564664 0.647115 0.551683 0.76859 0.561058 0.771154 0.574279 0.65032
9 0.539904 0.652244 0.524279 0.773397 0.535817 0.775641 0.548317 0.653846
9 0.496154 0.784615 0.471635 0.938141 0.484135 0.940064 0.50625 0.78782
9 0.163462 0.607372 0.136058 0.732372 0.147837 0.734615 0.174038 0.609615
9 0.139423 0.603846 0.10625 0.727244 0.118269 0.729167 0.150962 0.605128
9 0.113221 0.6 0.075962 0.723718 0.088702 0.72532 0.123077 0.600962
