3 0.542169 0.840361 0.542169 0.847031 0.575678 0.849613 0.575678 0.842298
2 0.539533 0.824871 0.539157 0.849398 0.577748 0.85241 0.576996 0.827022
3 0.543675 0.598537 0.544051 0.603916 0.571348 0.607143 0.571724 0.601549
2 0.541416 0.587564 0.540098 0.605207 0.572477 0.608649 0.573042 0.593804 0.571348 0.591007
7 0.084902 0.744621 0.081137 0.759036 0.154744 0.768718 0.158321 0.75043
6 0.082267 0.7358 0.071536 0.747848 0.069277 0.758606 0.1843 0.776033 0.184676 0.769578 0.183547 0.7642 0.184864 0.758821 0.189383 0.75043
3 0.303276 0.795396 0.302334 0.802711 0.333961 0.813038 0.335843 0.805938
2 0.304593 0.779045 0.297816 0.80185 0.334337 0.814759 0.338855 0.799268 0.337726 0.790232 0.307041 0.77926
7 0.877824 0.823365 0.881212 0.841222 0.898532 0.840146 0.930911 0.834768 0.929405 0.819492 0.913404 0.820353
6 0.850904 0.818632 0.849398 0.833262 0.852974 0.844664 0.92131 0.842513 0.980798 0.840577 0.979669 0.835843 0.974021 0.83025 0.970068 0.819923 0.971386 0.814329 0.916039 0.818632 0.90192 0.817986
3 0.345256 0.591652 0.345068 0.596816 0.373682 0.599828 0.374624 0.593804
2 0.344691 0.578744 0.341303 0.598107 0.374624 0.600904 0.376694 0.582831 0.375 0.581756
