1 0.565705 0.415865 0.565385 0.426202 0.623077 0.43149 0.655449 0.434856 0.655769 0.424279
0 0.566026 0.376683 0.563462 0.399279 0.558974 0.429808 0.659936 0.439663 0.666667 0.385096
1 0.44391 0.040385 0.44359 0.046635 0.474038 0.046875 0.497436 0.048317 0.498077 0.042308 0.465705 0.040144
1 0.440705 0.050481 0.440705 0.05649 0.45641 0.05601 0.496154 0.057933 0.497436 0.052163 0.466346 0.050721
0 0.434295 0.02524 0.430449 0.072356 0.525962 0.075962 0.527244 0.028606
1 0.532372 0.043029 0.532372 0.049519 0.586538 0.050721 0.586218 0.044712
1 0.535577 0.054327 0.535897 0.060096 0.586218 0.061538 0.585897 0.055288
1 0.528526 0.063942 0.529167 0.070913 0.585897 0.073317 0.585897 0.066106
0 0.616987 0.032452 0.615705 0.080529 0.526603 0.075962 0.528205 0.028606
1 0.126282 0.033173 0.125 0.042548 0.173718 0.045192 0.17532 0.0375
0 0.100321 0.000721 0.083974 0.045192 0.086859 0.047356 0.177885 0.055288 0.189744 0.003365 0.116346 0.000962
