1 0.653426 0.572935 0.654179 0.58025 0.700489 0.579819 0.700678 0.571859
0 0.647779 0.545611 0.650602 0.584337 0.705384 0.585198 0.700678 0.550774 0.684676 0.538511 0.661898 0.540232
1 0.657191 0.402969 0.657191 0.408993 0.682982 0.410714 0.681852 0.404475
0 0.638554 0.3892 0.64119 0.413081 0.691265 0.414157 0.686747 0.39006
1 0.429029 0.406842 0.429405 0.410929 0.454443 0.410284 0.454443 0.407057
1 0.427146 0.414157 0.427146 0.418029 0.453878 0.417384 0.45369 0.413941
0 0.424511 0.396299 0.422252 0.429217 0.467056 0.427926 0.469503 0.405981 0.469126 0.394793
1 0.088291 0.446644 0.087161 0.452453 0.092244 0.453959 0.098645 0.455034 0.104669 0.454389 0.11747 0.452668 0.118976 0.447504 0.112764 0.448365 0.104292 0.449441 0.099398 0.450086 0.091867 0.447504
0 0.084902 0.445783 0.084149 0.45525 0.096386 0.458262 0.119164 0.455895 0.12067 0.443201 0.122741 0.435241 0.106928 0.432229 0.093185 0.44105
1 0.064759 0.591437 0.06363 0.597676 0.071348 0.597461 0.089232 0.59617 0.091491 0.592513 0.091303 0.590146 0.075866 0.590792 0.071913 0.590792
0 0.069277 0.56605 0.063818 0.583907 0.059864 0.60327 0.092432 0.599398 0.092244 0.595525 0.093938 0.591007 0.092432 0.586274 0.092432 0.583477 0.095256 0.579604 0.096762 0.574656 0.097892 0.571429 0.098268 0.564544
1 0.177523 0.586058 0.176581 0.593374 0.211032 0.591222 0.210655 0.584337
0 0.195407 0.55852 0.217244 0.555508 0.213479 0.575947 0.213291 0.579604 0.212349 0.595095 0.174699 0.596386 0.17884 0.567771 0.189383 0.562392
1 0.309676 0.606282 0.308735 0.613812 0.335279 0.611661 0.351092 0.611231 0.350904 0.603916
0 0.309864 0.576807 0.305723 0.617685 0.352598 0.615318 0.355986 0.572289
1 0.509413 0.608003 0.510542 0.615534 0.556099 0.609294 0.554217 0.601119
0 0.5032 0.576162 0.506965 0.621773 0.559864 0.613382 0.552899 0.568417
1 0.479857 0.809811 0.48061 0.819062 0.533321 0.817126 0.532756 0.807874
0 0.476092 0.768503 0.47741 0.822719 0.535768 0.822719 0.532944 0.766566
