3 0.200113 0.491609 0.199925 0.497418 0.227033 0.493976 0.22741 0.488597
2 0.199925 0.483003 0.196913 0.500645 0.227974 0.496558 0.230233 0.483003 0.22628 0.479346
3 0.097515 0.531196 0.09695 0.536575 0.122553 0.532272 0.123117 0.526463
2 0.09695 0.521299 0.093373 0.538081 0.12387 0.534639 0.124059 0.518287
3 0.323795 0.538942 0.323795 0.544966 0.35448 0.542814 0.354669 0.53679 0.353539 0.536575
2 0.321348 0.528184 0.32003 0.547332 0.355422 0.544105 0.355986 0.532702 0.355233 0.524742 0.322289 0.527539
3 0.488517 0.552926 0.489081 0.55895 0.519578 0.556583 0.518637 0.550344
2 0.483434 0.541523 0.484563 0.561747 0.521273 0.55852 0.519578 0.538942 0.517508 0.538726
7 0.649096 0.580895 0.652297 0.592943 0.659827 0.591437 0.666792 0.590577 0.676393 0.58821 0.682041 0.586704 0.68637 0.58778 0.694842 0.589501 0.695407 0.586274 0.693148 0.580034 0.687876 0.578959 0.679217 0.578098 0.668298 0.578744
6 0.639872 0.577453 0.639684 0.58068 0.649661 0.596386 0.665098 0.59488 0.694277 0.59531 0.702748 0.597892 0.698983 0.585413 0.694654 0.578098 0.694465 0.576162 0.685053 0.573795 0.665098 0.573795 0.644955 0.576807
7 0.704443 0.55938 0.708961 0.570783 0.718374 0.567556 0.721009 0.564974 0.726657 0.563683 0.73381 0.561532 0.738705 0.560456 0.743411 0.560026 0.740211 0.552496 0.732304 0.553787 0.722892 0.554647 0.716867 0.555938
6 0.697854 0.55852 0.693712 0.563468 0.696913 0.567126 0.701996 0.572289 0.705761 0.576377 0.720256 0.570783 0.736069 0.568632 0.746047 0.567556 0.745294 0.559811 0.740211 0.548623 0.734375 0.548193 0.725904 0.549053 0.716679 0.551635 0.708961 0.553571 0.704066 0.554862 0.700866 0.55809 0.698607 0.55895
3 0.818524 0.546041 0.818524 0.55185 0.834902 0.553787 0.834526 0.547978
2 0.814759 0.534639 0.816453 0.550344 0.817395 0.552926 0.836032 0.554647 0.846574 0.556153 0.849398 0.553141 0.84695 0.538511 0.815136 0.534423
3 0.89759 0.527754 0.899285 0.533348 0.924887 0.52969 0.92244 0.523881
2 0.893072 0.518072 0.898532 0.535069 0.915663 0.533348 0.926017 0.531196 0.919804 0.514415 0.914533 0.51506
3 0.875565 0.44815 0.877259 0.453313 0.899285 0.452453 0.900038 0.451162 0.898532 0.447289 0.878953 0.447719
2 0.869917 0.438468 0.874812 0.454389 0.899285 0.453528 0.901167 0.451162 0.896461 0.437392
2 0.84262 0.358003 0.846386 0.372203 0.872741 0.372203 0.87387 0.368761 0.8718 0.359509 0.87067 0.357573 0.845633 0.357143
3 0.847327 0.365318 0.848645 0.370267 0.873117 0.369836 0.872364 0.364888
2 0.778991 0.37543 0.782756 0.389845 0.808735 0.388554 0.804782 0.374139 0.779556 0.374785
3 0.784074 0.383391 0.785392 0.388124 0.798946 0.387263 0.798004 0.38253
3 0.650791 0.488597 0.651167 0.493976 0.676581 0.498279 0.676581 0.49247
2 0.647402 0.478701 0.647967 0.495912 0.677523 0.499785 0.677334 0.491179 0.677711 0.485585 0.674887 0.482573
3 0.584149 0.482358 0.593938 0.512478 0.599021 0.510757 0.589232 0.481067
2 0.58189 0.479776 0.59262 0.513339 0.599021 0.511833 0.608057 0.508176 0.605233 0.496127 0.597892 0.475258 0.584149 0.478485
3 0.796122 0.467943 0.79744 0.473107 0.811559 0.472676 0.810617 0.467298
2 0.792169 0.459768 0.795934 0.474398 0.821913 0.473752 0.819089 0.458262
3 0.478163 0.404905 0.477974 0.409639 0.504142 0.414157 0.504142 0.409854
2 0.477221 0.395224 0.474021 0.410499 0.504518 0.416523 0.506777 0.401463
7 0.525979 0.3679 0.525602 0.379948 0.548946 0.380379 0.568336 0.3821 0.572666 0.381885 0.572101 0.371773 0.550264 0.371342 0.53991 0.369621
6 0.525414 0.366824 0.524661 0.380809 0.573419 0.38296 0.572854 0.371127 0.55064 0.369836
1 0.372176 0.142212 0.372176 0.150602 0.411521 0.151463 0.411898 0.143287
0 0.350715 0.118546 0.345821 0.146945 0.345633 0.156196 0.41698 0.155766 0.418298 0.11833
1 0.703125 0.175775 0.705008 0.18309 0.727786 0.187392 0.76073 0.194923 0.759977 0.186747 0.736258 0.182229
0 0.688065 0.149742 0.700866 0.185886 0.768072 0.201592 0.759036 0.170826 0.755083 0.162651 0.75433 0.158993 0.725904 0.153184
1 0.021649 0.260327 0.018449 0.264415 0.018637 0.265275 0.031062 0.26506 0.043863 0.264415 0.05817 0.26463 0.061182 0.259897 0.045745 0.259251
0 0.091303 0.242685 0.069277 0.28679 0.014495 0.292814 0.000753 0.295611 0.0 0.274957 0.015813 0.255164 0.044616 0.25 0.068524 0.247418
4 0.259036 0.520224 0.255648 0.543675 0.319842 0.541523 0.321348 0.526893 0.321724 0.520224
5 0.288592 0.527754 0.288027 0.535069 0.32003 0.534423 0.320971 0.527108
