3 0.30064 0.093589 0.318524 0.093373 0.318148 0.096816 0.30064 0.097246
2 0.30177 0.088855 0.32003 0.088855 0.319089 0.099398 0.299511 0.098537 0.301017 0.088855
3 0.299887 0.133606 0.319465 0.133606 0.319465 0.137478 0.299699 0.137048
2 0.301393 0.127797 0.320407 0.128227 0.32003 0.1392 0.299134 0.138554 0.300264 0.127797 0.300828 0.127582
3 0.29744 0.170396 0.317959 0.16932 0.317959 0.173193 0.297252 0.174053
2 0.298381 0.164802 0.318524 0.164587 0.318336 0.175344 0.296687 0.175559 0.297628 0.164802
3 0.291416 0.213855 0.312688 0.212995 0.312688 0.217298 0.291604 0.218158
2 0.292357 0.208046 0.313441 0.207401 0.313253 0.219234 0.290851 0.22074 0.291416 0.208262
3 0.337538 0.085843 0.356363 0.082616 0.356363 0.086489 0.337726 0.089286
2 0.336032 0.080034 0.335655 0.090792 0.357304 0.08778 0.356175 0.075947 0.336408 0.079174
3 0.33509 0.103916 0.353727 0.10284 0.353727 0.105637 0.334714 0.106928
2 0.333773 0.098967 0.332455 0.107788 0.35448 0.107573 0.355422 0.098322 0.334337 0.098322
3 0.348456 0.115534 0.346762 0.133821 0.351092 0.133606 0.352598 0.115534
2 0.342997 0.114888 0.340173 0.135972 0.350904 0.135757 0.352221 0.135757 0.354292 0.114243 0.343374 0.114028
3 0.333584 0.171687 0.354669 0.16975 0.354669 0.174268 0.333396 0.175775 0.333584 0.172332
2 0.33302 0.166738 0.356175 0.165017 0.35561 0.177065 0.332078 0.179217 0.332455 0.166738
3 0.331702 0.217298 0.354104 0.215146 0.354104 0.219449 0.331514 0.220955
2 0.330196 0.211274 0.330008 0.223537 0.354669 0.221816 0.354292 0.209768
3 0.391002 0.086059 0.410392 0.082186 0.410956 0.086059 0.391566 0.089716
2 0.389307 0.08111 0.41058 0.076807 0.412086 0.087134 0.390437 0.091222
3 0.396461 0.137694 0.418298 0.135327 0.418675 0.137909 0.396461 0.140491 0.396461 0.138124
2 0.394014 0.132745 0.418863 0.130594 0.419428 0.138769 0.394767 0.141566
3 0.481363 0.038081 0.501318 0.03636 0.501694 0.039802 0.481363 0.041523
2 0.479292 0.033133 0.47948 0.042814 0.502071 0.040232 0.501694 0.031411
3 0.594503 0.174699 0.615776 0.174268 0.616152 0.178356 0.594691 0.178356
2 0.592997 0.168675 0.59375 0.179217 0.617093 0.179002 0.616152 0.168029
3 0.583208 0.060886 0.602598 0.060241 0.603163 0.063468 0.583584 0.064329
2 0.581514 0.056368 0.602033 0.055938 0.603916 0.063898 0.58302 0.065404
5 0.737387 0.182874 0.761107 0.18438 0.76186 0.188253 0.737575 0.186962
4 0.736446 0.182014 0.762048 0.183305 0.762801 0.189329 0.736634 0.188038
5 0.726845 0.129518 0.750565 0.131024 0.751318 0.134897 0.727033 0.133391
4 0.725904 0.128657 0.751694 0.129948 0.752259 0.135972 0.726092 0.134682
5 0.694089 0.110155 0.717809 0.111661 0.718562 0.115534 0.694277 0.114028
4 0.693148 0.109294 0.71875 0.110585 0.719503 0.116609 0.693336 0.115318
5 0.712538 0.032702 0.736258 0.034208 0.737011 0.038296 0.712726 0.03679
4 0.711596 0.032057 0.737199 0.033348 0.737952 0.039372 0.711785 0.038081
