3 0.215173 0.484725 0.231363 0.486016 0.229857 0.489888 0.21442 0.488382
2 0.216491 0.478055 0.23381 0.479776 0.230798 0.490534 0.213102 0.488812
3 0.246611 0.484079 0.264496 0.481497 0.264496 0.48494 0.246988 0.487306
2 0.2468 0.47741 0.26619 0.475688 0.265625 0.4858 0.245294 0.487737
3 0.739458 0.472461 0.753765 0.472892 0.753953 0.477625 0.740211 0.476764
2 0.736822 0.466437 0.761483 0.466007 0.763931 0.47827 0.738328 0.476979
3 0.35881 0.644148 0.372741 0.64716 0.3718 0.652108 0.357492 0.648881
3 0.420934 0.649096 0.435429 0.648236 0.435241 0.653399 0.42131 0.65383
2 0.359375 0.634036 0.383095 0.639845 0.379895 0.655551 0.354292 0.649742
2 0.419051 0.638769 0.445971 0.637909 0.445595 0.65426 0.41811 0.65512
3 0.548946 0.645439 0.563818 0.645869 0.564194 0.651463 0.548946 0.650602
2 0.542733 0.645224 0.542733 0.635757 0.578878 0.635757 0.580384 0.651893 0.542922 0.651248
3 0.683358 0.64759 0.700489 0.64716 0.700489 0.652324 0.684488 0.652969
2 0.680723 0.636833 0.710655 0.637694 0.712726 0.652539 0.682794 0.654045
3 0.766002 0.657487 0.792357 0.655336 0.793863 0.661145 0.767319 0.662651
2 0.760166 0.646945 0.790286 0.645224 0.794616 0.66222 0.764872 0.665232
3 0.805723 0.728485 0.834337 0.725904 0.835467 0.733003 0.807229 0.734725
2 0.800452 0.715792 0.831325 0.713425 0.836785 0.732358 0.804217 0.736231 0.798758 0.717298
3 0.803276 0.765275 0.832267 0.760757 0.834149 0.767427 0.804782 0.771515
2 0.797063 0.753227 0.829631 0.748494 0.835279 0.766351 0.834337 0.769363 0.802334 0.773666
3 0.118411 0.52969 0.126318 0.52926 0.125377 0.533348 0.117093 0.532917
2 0.121423 0.523021 0.134977 0.522375 0.130271 0.534208 0.115964 0.533563
3 0.021649 0.509897 0.034639 0.511618 0.033697 0.515275 0.020143 0.513124
2 0.022967 0.503442 0.034827 0.504733 0.036333 0.507745 0.03558 0.510327 0.034262 0.516566 0.018825 0.513769
3 0.037839 0.612522 0.051958 0.612306 0.05177 0.616179 0.037651 0.616179
2 0.040098 0.604346 0.05497 0.604991 0.052334 0.616824 0.035015 0.616394
