1 0.036145 0.342943 0.033509 0.349182 0.072854 0.346816 0.07436 0.340577
0 0.037839 0.314329 0.038027 0.326592 0.036333 0.33864 0.025791 0.351764 0.038968 0.35284 0.061935 0.350043 0.073795 0.350043 0.078502 0.341007 0.080761 0.325947 0.081702 0.30895
1 0.176205 0.322289 0.175828 0.327022 0.202184 0.322719 0.202372 0.317771
1 0.173758 0.328959 0.171875 0.333046 0.188818 0.33154 0.200678 0.330034 0.200866 0.325732
0 0.173758 0.310241 0.170934 0.327238 0.167545 0.333046 0.164345 0.336059 0.161709 0.337565 0.161333 0.33864 0.178464 0.340361 0.200678 0.33821 0.210655 0.336489 0.214985 0.328313 0.217056 0.315835 0.218562 0.307659 0.21762 0.30142
1 0.356363 0.320568 0.354857 0.328528 0.403614 0.327668 0.404556 0.320998
0 0.356928 0.288941 0.350339 0.331756 0.406438 0.332831 0.409074 0.311962 0.409074 0.304862 0.411898 0.289372
1 0.521273 0.302281 0.521273 0.310241 0.568524 0.30895 0.568148 0.301635
0 0.51506 0.27173 0.51619 0.314329 0.573607 0.313253 0.570971 0.268718
1 0.676958 0.327668 0.678464 0.334552 0.723456 0.335198 0.72195 0.327883
0 0.669239 0.29475 0.673946 0.338425 0.727598 0.340146 0.719691 0.297117
1 0.832267 0.309596 0.834714 0.317341 0.87933 0.319923 0.877071 0.312608
0 0.823795 0.278184 0.82756 0.303356 0.830572 0.320783 0.861822 0.32315 0.882154 0.32401 0.877259 0.301205 0.873494 0.280981
8 0.943901 0.273666 0.951996 0.314759 0.974398 0.315835 0.9968 0.317771 0.999812 0.31691 0.999059 0.304647 0.990023 0.275602
