3 0.126506 0.177496 0.125377 0.180723 0.145331 0.181583 0.146649 0.177926
2 0.129518 0.171256 0.123682 0.181368 0.145708 0.182874 0.150979 0.172978
3 0.160203 0.186102 0.159262 0.189544 0.180346 0.190189 0.181664 0.187177
2 0.162462 0.180938 0.156062 0.19105 0.17997 0.191695 0.185053 0.181368
3 0.099962 0.218589 0.098645 0.222246 0.118599 0.220955 0.120858 0.217943
2 0.104104 0.211489 0.096009 0.223537 0.119164 0.222031 0.125 0.211919
5 0.088291 0.226334 0.088479 0.231282 0.119917 0.229346 0.121611 0.224182
4 0.092244 0.207186 0.087161 0.216437 0.086785 0.231928 0.121047 0.230207 0.122176 0.222676 0.093373 0.224398 0.103539 0.207186
5 0.153991 0.210413 0.15305 0.215361 0.177899 0.215146 0.179593 0.211059
4 0.14439 0.207831 0.137989 0.218589 0.177523 0.217943 0.180911 0.208907
3 0.32436 0.113382 0.323607 0.115749 0.34488 0.118976 0.345821 0.116609
2 0.32436 0.109294 0.32116 0.116609 0.344691 0.120267 0.347892 0.115749 0.345821 0.112306
3 0.300075 0.172332 0.298758 0.175775 0.32116 0.180508 0.322477 0.177281
2 0.302146 0.166523 0.296687 0.175344 0.321536 0.181368 0.326996 0.171472
3 0.271461 0.255379 0.270708 0.259466 0.297816 0.261833 0.298758 0.25796
2 0.273343 0.247633 0.269955 0.259682 0.298004 0.262909 0.302146 0.250215
3 0.435806 0.069707 0.435241 0.071644 0.454254 0.075086 0.454631 0.07315
2 0.435429 0.06605 0.434111 0.072504 0.454819 0.076592 0.455572 0.070353
3 0.419428 0.120912 0.418675 0.123494 0.438818 0.128873 0.440324 0.126721
2 0.419239 0.116179 0.415663 0.123064 0.43863 0.129948 0.442395 0.122633
3 0.410956 0.171472 0.409827 0.174699 0.43317 0.179432 0.4343 0.17685
2 0.411145 0.166093 0.406626 0.174484 0.432982 0.180723 0.435429 0.174268 0.434488 0.170396
3 0.393449 0.254518 0.392884 0.258391 0.419616 0.262263 0.419992 0.258391
2 0.395331 0.247203 0.391378 0.258391 0.419804 0.263339 0.421122 0.260972 0.420369 0.258391 0.417545 0.2571 0.416604 0.251506
3 0.478727 0.263769 0.477974 0.268503 0.505836 0.271515 0.506965 0.267642
2 0.479104 0.256239 0.476845 0.269148 0.50866 0.27259 0.509601 0.258821
3 0.582831 0.174268 0.583208 0.177281 0.605798 0.179432 0.605045 0.17642
2 0.58189 0.169966 0.582831 0.177926 0.606175 0.180077 0.604292 0.171687
3 0.580384 0.208907 0.580949 0.21278 0.605233 0.214501 0.605045 0.210843
2 0.578502 0.204174 0.580008 0.21364 0.605798 0.215361 0.604669 0.205034
3 0.587349 0.250861 0.587914 0.254518 0.613328 0.256024 0.612952 0.252151
2 0.58509 0.245482 0.587161 0.255164 0.614081 0.25667 0.611446 0.245697
3 0.643825 0.144793 0.643825 0.147375 0.665286 0.149957 0.664157 0.14759
2 0.642131 0.13963 0.642319 0.148451 0.666416 0.151248 0.66378 0.141351
3 0.637613 0.194923 0.637613 0.198365 0.661521 0.202883 0.661145 0.199656
2 0.63686 0.189544 0.637048 0.199441 0.662086 0.204174 0.661145 0.193632
3 0.641378 0.231928 0.64119 0.2358 0.667169 0.240318 0.66698 0.236876
2 0.64006 0.226549 0.64006 0.236015 0.667545 0.240964 0.666604 0.230637
3 0.650602 0.285069 0.650791 0.289157 0.678652 0.290878 0.677523 0.286575
2 0.648155 0.277754 0.649285 0.290017 0.679405 0.291523 0.676017 0.279045
3 0.704066 0.207401 0.70369 0.211059 0.727033 0.214716 0.72741 0.210843
2 0.701242 0.200732 0.701807 0.212134 0.728539 0.215792 0.728916 0.205034
3 0.707078 0.233434 0.706514 0.237952 0.730045 0.242685 0.730798 0.238382
2 0.706137 0.226764 0.705761 0.238812 0.730233 0.24333 0.731175 0.238382 0.730422 0.231282
2 0.71442 0.251936 0.713291 0.267427 0.741905 0.272375 0.741717 0.25667
3 0.715173 0.261618 0.715173 0.266566 0.740964 0.270654 0.741529 0.265706
2 0.714044 0.285714 0.713855 0.300559 0.747741 0.302711 0.746611 0.288296
3 0.718562 0.294105 0.718562 0.299053 0.744541 0.30185 0.745482 0.296687
3 0.850527 0.241824 0.851092 0.245267 0.875188 0.24957 0.874059 0.245482
2 0.847139 0.2358 0.849586 0.246988 0.877447 0.251291 0.872929 0.239028
3 0.884413 0.304862 0.886107 0.309596 0.91058 0.312823 0.909074 0.307014
2 0.879706 0.297978 0.883095 0.311317 0.911709 0.314329 0.908133 0.300774
3 0.091867 0.348537 0.079255 0.375645 0.084714 0.375 0.096197 0.348752
2 0.083773 0.348537 0.070218 0.380379 0.083584 0.379303 0.097515 0.347461
3 0.018072 0.473537 0.015625 0.480207 0.040663 0.482143 0.043298 0.475904
2 0.020708 0.462565 0.012236 0.481928 0.040474 0.484079 0.044992 0.475688 0.047252 0.468804 0.047063 0.464501
3 0.175828 0.383606 0.174887 0.389845 0.203502 0.388339 0.204443 0.382745
2 0.175452 0.37457 0.170934 0.390921 0.204255 0.390275 0.207455 0.381239 0.185617 0.379518 0.186559 0.37457
3 0.139119 0.464071 0.137236 0.470095 0.166227 0.476119 0.169051 0.468804
2 0.141002 0.452238 0.133848 0.472461 0.167733 0.47741 0.171498 0.466437 0.146461 0.463855 0.150414 0.453744
3 0.26073 0.393503 0.260166 0.399312 0.29311 0.399742 0.294239 0.393503
2 0.261107 0.383606 0.258471 0.400387 0.294616 0.400818 0.295369 0.384251
3 0.235881 0.481282 0.234187 0.488812 0.267319 0.49333 0.26939 0.486661
2 0.237575 0.469449 0.23061 0.489243 0.267131 0.495697 0.273343 0.474828
2 0.349586 0.470525 0.347892 0.491824 0.388366 0.492255 0.389684 0.472031
3 0.352786 0.483219 0.352033 0.490103 0.387989 0.490749 0.388554 0.484079
3 0.492658 0.391351 0.492093 0.39716 0.524473 0.399312 0.524849 0.393933
2 0.489834 0.380809 0.488893 0.398451 0.525226 0.400818 0.525979 0.383821
3 0.484563 0.5071 0.484563 0.51463 0.520896 0.516997 0.521273 0.510327
2 0.482681 0.495912 0.48061 0.516781 0.521461 0.518503 0.522026 0.498279
2 0.602033 0.387478 0.60128 0.40383 0.638742 0.405981 0.638742 0.388554
3 0.604669 0.396945 0.604669 0.402539 0.637613 0.40469 0.63686 0.399096
3 0.60881 0.495912 0.60881 0.502582 0.644767 0.504948 0.644767 0.498709
2 0.605798 0.484725 0.60561 0.503873 0.645331 0.506239 0.645143 0.487091
7 0.053464 0.623924 0.050264 0.633176 0.080384 0.636618 0.084714 0.627152 0.054029 0.623709
6 0.053464 0.621988 0.048569 0.634466 0.080761 0.638984 0.086032 0.625215
3 0.336408 0.697074 0.335843 0.707186 0.377824 0.711058 0.378577 0.701807
2 0.334714 0.680508 0.330572 0.709768 0.378389 0.713855 0.380459 0.685026
7 0.427523 0.674053 0.422816 0.695138 0.531815 0.703313 0.541039 0.679432 0.515248 0.67685 0.501694 0.680293 0.485504 0.680723
6 0.425828 0.667169 0.420746 0.696859 0.532756 0.706756 0.543863 0.677281
2 0.611822 0.692986 0.611446 0.723537 0.66058 0.724828 0.660203 0.694707
3 0.615587 0.711058 0.615964 0.72117 0.658509 0.722676 0.658509 0.713855
3 0.727033 0.649096 0.727221 0.657702 0.766754 0.659639 0.766002 0.650818
2 0.723833 0.634682 0.725715 0.66222 0.769202 0.663081 0.765437 0.635972
3 0.735504 0.723752 0.736258 0.733649 0.776732 0.73494 0.775414 0.725043
2 0.729292 0.70568 0.731363 0.737091 0.778803 0.736876 0.775602 0.708262
3 0.814383 0.68395 0.814947 0.692771 0.853727 0.692771 0.852221 0.68395
2 0.808358 0.66846 0.811559 0.695568 0.855233 0.695568 0.850339 0.668675
3 0.874624 0.654045 0.891566 0.701377 0.899661 0.69858 0.881777 0.651893
2 0.8718 0.652539 0.890248 0.703313 0.90625 0.69901 0.910203 0.695568 0.892319 0.64716
