5 0.615023 0.217298 0.615587 0.224398 0.669804 0.226334 0.670934 0.220095
4 0.582455 0.215361 0.671875 0.217728 0.670557 0.226764 0.582455 0.225258
7 0.874247 0.476119 0.877824 0.489673 0.91058 0.489028 0.908133 0.476549
6 0.872741 0.475258 0.875753 0.490534 0.917545 0.490964 0.911709 0.474398
3 0.158886 0.703744 0.157756 0.712564 0.19183 0.714071 0.193901 0.705895
2 0.159639 0.689544 0.152673 0.714716 0.192206 0.716437 0.19823 0.69062
5 0.168675 0.623064 0.167169 0.6321 0.211032 0.633606 0.212726 0.624785
4 0.151544 0.619191 0.146837 0.635112 0.211032 0.637263 0.213667 0.621773
5 0.329819 0.620267 0.328502 0.632745 0.393449 0.634036 0.39439 0.623279
4 0.294239 0.612522 0.28878 0.637048 0.39439 0.638339 0.395896 0.616179
5 0.487199 0.623709 0.486822 0.637048 0.55384 0.637048 0.554593 0.625
5 0.652297 0.619836 0.65192 0.633176 0.718938 0.633176 0.719691 0.621127
4 0.443524 0.614888 0.442018 0.640491 0.557041 0.639845 0.557605 0.61704
4 0.605422 0.614243 0.607116 0.637694 0.720633 0.637048 0.721197 0.614243
5 0.804217 0.618976 0.806099 0.630809 0.867658 0.628873 0.865023 0.6179
4 0.763554 0.611446 0.766754 0.637478 0.869164 0.630594 0.865399 0.608649
5 0.919428 0.626291 0.922628 0.635327 0.967244 0.634251 0.965361 0.625645
4 0.902673 0.622848 0.907003 0.639845 0.968185 0.635542 0.966114 0.621773
8 0.824925 0.680938 0.825301 0.69062 0.868223 0.689114 0.867282 0.679862
8 0.932605 0.681583 0.935053 0.691695 0.97628 0.689114 0.975715 0.679432
