1 0.001202 0.239103 0.026683 0.236538 0.024279 0.243269 0.000481 0.245192
1 0.022356 0.247115 0.020192 0.254167 0.00024 0.254487 0.0 0.248718
0 0.0 0.225 0.053365 0.219551 0.046635 0.234615 0.032212 0.266667 0.0 0.269231
1 0.3125 0.244551 0.350721 0.245833 0.349519 0.250641 0.310817 0.250321
1 0.307933 0.255128 0.346154 0.25641 0.345192 0.26218 0.30625 0.260897
1 0.304087 0.264744 0.343269 0.266026 0.341587 0.271474 0.302404 0.270192
1 0.291587 0.3 0.332933 0.297115 0.33149 0.305128 0.290385 0.30641
0 0.313221 0.225962 0.347837 0.225321 0.377404 0.227885 0.361298 0.278526 0.29375 0.274359
0 0.292308 0.280449 0.359856 0.279167 0.346394 0.329808 0.273558 0.33141 0.286058 0.30032
1 0.660817 0.195192 0.695673 0.195192 0.70601 0.195513 0.70625 0.201603 0.660817 0.201282
1 0.66274 0.205769 0.697356 0.205769 0.706731 0.20641 0.70649 0.212821 0.6625 0.211859
0 0.654086 0.180769 0.67476 0.179487 0.697115 0.179487 0.713942 0.180449 0.729086 0.18141 0.732933 0.230128 0.711538 0.227885 0.705529 0.227885 0.698798 0.228846 0.654086 0.226603
3 0.351683 0.595513 0.377644 0.596154 0.377163 0.602564 0.351442 0.601603
2 0.351202 0.584936 0.380048 0.585577 0.377885 0.603526 0.35024 0.601603
3 0.207452 0.569872 0.232452 0.569551 0.231731 0.573397 0.22476 0.575 0.207212 0.57468
2 0.207933 0.559615 0.234856 0.559295 0.231971 0.575 0.216346 0.575321 0.205769 0.575
3 0.108173 0.509295 0.130769 0.505449 0.130048 0.510577 0.108173 0.513782
2 0.108173 0.500641 0.132212 0.496474 0.132452 0.499679 0.13125 0.510897 0.105529 0.514744
8 0.067067 0.523077 0.10625 0.524359 0.094471 0.558013 0.053846 0.555769
3 0.950721 0.732692 0.980769 0.73109 0.98125 0.7375 0.952163 0.738782
2 0.944471 0.720513 0.977404 0.71859 0.982452 0.739103 0.949038 0.740064
3 0.833414 0.723718 0.863462 0.723077 0.864183 0.730128 0.835096 0.730128
2 0.829087 0.709936 0.858654 0.710897 0.866346 0.730449 0.832452 0.73109
5 0.686538 0.757051 0.753846 0.75609 0.752644 0.765705 0.68726 0.766667
4 0.647596 0.74968 0.672596 0.749038 0.673317 0.755769 0.754808 0.753846 0.753365 0.766667 0.674519 0.767308 0.674279 0.771474 0.648317 0.771474
3 0.558894 0.798397 0.589423 0.8 0.589423 0.807372 0.558654 0.805769
2 0.557933 0.784295 0.58149 0.786218 0.581971 0.792628 0.589904 0.799038 0.589904 0.807692 0.556731 0.805769
5 0.543269 0.707372 0.604808 0.708333 0.605529 0.719231 0.54375 0.716026
4 0.502885 0.69391 0.527404 0.69391 0.527644 0.702564 0.606971 0.705769 0.60649 0.720513 0.501923 0.715385
3 0.448798 0.741667 0.463221 0.75 0.461058 0.755449 0.445913 0.747115
2 0.45024 0.729167 0.476923 0.74391 0.470192 0.76218 0.44351 0.746474
3 0.373317 0.75609 0.401442 0.753526 0.401442 0.760256 0.373077 0.7625
2 0.372837 0.743269 0.403365 0.740385 0.403365 0.760577 0.371154 0.762821
3 0.298798 0.721795 0.316106 0.719872 0.315865 0.726282 0.299038 0.727885
2 0.298558 0.709936 0.329087 0.70641 0.327885 0.726282 0.296154 0.728846
5 0.131731 0.770192 0.176683 0.773077 0.176202 0.781731 0.129087 0.777885
4 0.114904 0.766346 0.178365 0.771154 0.176923 0.783013 0.11226 0.779808
3 0.141106 0.719551 0.167067 0.718269 0.167067 0.724359 0.139663 0.72532
2 0.140385 0.708333 0.169952 0.70609 0.167548 0.725641 0.137981 0.726603
5 0.176923 0.697436 0.231731 0.698718 0.23101 0.708974 0.176442 0.707372
4 0.144231 0.686538 0.135817 0.705128 0.157933 0.704808 0.173798 0.704487 0.174519 0.707372 0.232933 0.710897 0.233894 0.696795 0.16226 0.694872 0.164423 0.68782
8 0.266827 0.807051 0.303846 0.807051 0.297837 0.842949 0.261058 0.84359
8 0.387981 0.817308 0.423317 0.820833 0.420192 0.857051 0.384856 0.853526
8 0.426442 0.82468 0.461779 0.825641 0.459615 0.860897 0.423798 0.859295
3 0.008413 0.713141 0.021394 0.680128 0.025481 0.68109 0.0125 0.714103
2 0.01274 0.678205 0.023558 0.678205 0.026923 0.680769 0.012981 0.715385 0.0 0.714423 0.001683 0.707051 0.009856 0.684936
3 0.584375 0.603846 0.612019 0.605769 0.611779 0.613462 0.584856 0.610256
2 0.583654 0.591987 0.614183 0.595833 0.613702 0.614103 0.582692 0.610256
