5 0.001202 0.446474 0.000481 0.458333 0.064423 0.469872 0.064663 0.457692
4 0.0 0.439744 0.0 0.461538 0.065144 0.472436 0.066106 0.448718
1 0.493029 0.323718 0.492067 0.335256 0.525962 0.345513 0.544231 0.35 0.545913 0.339103
0 0.482933 0.289423 0.486058 0.304487 0.488702 0.336538 0.514423 0.345833 0.550481 0.353846 0.549519 0.34391 0.54351 0.314103 0.542548 0.301923
1 0.714663 0.447115 0.741587 0.451282 0.756971 0.45641 0.758654 0.466346 0.736058 0.459615 0.716586 0.457051
0 0.699279 0.411218 0.705769 0.432692 0.71274 0.460577 0.734615 0.463141 0.763221 0.471474 0.75649 0.447115 0.747836 0.419231 0.728846 0.415385
1 0.611298 0.725641 0.613942 0.741026 0.672596 0.746154 0.669712 0.733333
0 0.598317 0.667949 0.611538 0.747115 0.678365 0.753205 0.660817 0.673397
1 0.786298 0.72468 0.787019 0.740064 0.835096 0.746795 0.834375 0.733013
0 0.770433 0.672756 0.775962 0.701603 0.779808 0.710897 0.78149 0.730769 0.782212 0.745192 0.845673 0.755449 0.826683 0.682692
