1 0.580008 0.462349 0.620482 0.537651 0.631777 0.530551 0.618035 0.501506 0.602786 0.473967 0.589797 0.454174
0 0.631589 0.406842 0.570218 0.459337 0.584337 0.481928 0.599774 0.511403 0.616529 0.54389 0.618035 0.549053 0.683547 0.507745 0.643825 0.427065
1 0.684111 0.203313 0.687124 0.210628 0.721386 0.210628 0.749812 0.213855 0.748117 0.206325 0.73494 0.204604 0.714232 0.202883 0.702372 0.202883
0 0.668863 0.175129 0.681099 0.217083 0.758283 0.221816 0.740776 0.177926
1 0.309111 0.137909 0.311182 0.152969 0.378012 0.160714 0.377259 0.145654
0 0.298758 0.129518 0.311747 0.181368 0.390437 0.17642 0.386672 0.167384 0.385542 0.152754 0.384224 0.139415
3 0.224209 0.504088 0.222515 0.509036 0.245294 0.51506 0.24887 0.510972
2 0.226092 0.493976 0.219315 0.507745 0.221009 0.509466 0.243411 0.515706 0.245858 0.515921 0.251694 0.509682 0.2532 0.506885 0.25433 0.501506 0.227974 0.493546
4 0.726468 0.532487 0.729292 0.554647 0.781062 0.52969 0.773343 0.50796
5 0.738893 0.530336 0.74134 0.54346 0.775602 0.524527 0.771461 0.510972
4 0.843374 0.47741 0.851468 0.508606 0.951431 0.498924 0.94503 0.472676
5 0.8782 0.483219 0.881212 0.5 0.948607 0.493761 0.944842 0.478485
