3 0.868269 0.783333 0.869231 0.790385 0.898077 0.791987 0.896875 0.785256
2 0.864664 0.772115 0.867788 0.792308 0.900721 0.793269 0.895914 0.773397
3 0.856971 0.729167 0.859135 0.735577 0.886058 0.730769 0.883413 0.724038
2 0.852404 0.718269 0.859375 0.73782 0.888942 0.733013 0.879087 0.71282
3 0.789183 0.804487 0.791106 0.810577 0.805769 0.8125 0.80649 0.805128
2 0.783654 0.792949 0.786298 0.805769 0.790865 0.8125 0.820913 0.815385 0.815865 0.79359
3 0.769952 0.752244 0.770914 0.758654 0.8 0.761218 0.798558 0.753526
2 0.765865 0.740385 0.767308 0.759936 0.801683 0.763141 0.798317 0.742308
3 0.677164 0.802885 0.678606 0.810577 0.697115 0.80609 0.694712 0.799359
2 0.671394 0.791346 0.677644 0.813782 0.709615 0.805769 0.703125 0.783974
3 0.136779 0.526282 0.140865 0.528846 0.155769 0.503205 0.151202 0.500962
2 0.135096 0.527244 0.14399 0.532692 0.149519 0.529487 0.151923 0.527244 0.166346 0.504808 0.152163 0.498397 0.149279 0.501923
3 0.238221 0.476282 0.238942 0.479808 0.242548 0.479167 0.265385 0.471474 0.264183 0.466987
2 0.236058 0.475962 0.239423 0.489103 0.240865 0.489103 0.26899 0.478846 0.265865 0.465385 0.251442 0.469872
3 0.571394 0.31891 0.571635 0.322756 0.593029 0.323077 0.592308 0.31891
2 0.568269 0.3125 0.569712 0.324038 0.59375 0.324038 0.592548 0.311859
3 0.431971 0.309936 0.43125 0.313141 0.450962 0.318269 0.454087 0.31859 0.453846 0.314744
2 0.432452 0.303526 0.429327 0.311859 0.429327 0.313462 0.451923 0.319872 0.454567 0.319872 0.455769 0.307372
4 0.898317 0.761218 0.912981 0.816346 0.920913 0.814744 0.907692 0.760897
5 0.904567 0.776923 0.913942 0.815064 0.919471 0.813462 0.909856 0.775962
4 0.840625 0.701282 0.853125 0.751282 0.861779 0.749359 0.857933 0.736538 0.851683 0.717628 0.846875 0.700321
5 0.842548 0.702244 0.845914 0.715705 0.851683 0.736218 0.856971 0.734936 0.851683 0.720192 0.846875 0.701923
