3 0.64759 0.446859 0.662839 0.446429 0.663968 0.451377 0.648155 0.450947
2 0.646837 0.437823 0.672628 0.438038 0.674134 0.452453 0.646084 0.452883
3 0.698607 0.416308 0.713479 0.415232 0.714797 0.421687 0.698795 0.421256
2 0.694277 0.406411 0.722515 0.406842 0.724209 0.422762 0.695407 0.423193
3 0.640248 0.517212 0.65512 0.516351 0.655497 0.521945 0.639496 0.523451
2 0.638931 0.506885 0.66378 0.506454 0.66491 0.522375 0.639307 0.524527 0.638554 0.524312
3 0.204631 0.590146 0.220821 0.592083 0.219315 0.597676 0.203502 0.596386
2 0.204443 0.579819 0.227786 0.582831 0.227221 0.598967 0.200678 0.59617
3 0.133283 0.654905 0.150038 0.658133 0.148532 0.663942 0.132907 0.661575
2 0.135166 0.645009 0.155685 0.650172 0.160956 0.650172 0.156062 0.665663 0.130459 0.660714
3 0.279556 0.637263 0.297628 0.638984 0.296687 0.645439 0.27805 0.643503
2 0.280309 0.627797 0.310806 0.630164 0.305911 0.651463 0.274661 0.646945
3 0.833584 0.621988 0.852974 0.625 0.851657 0.63296 0.834337 0.628227
2 0.832455 0.611876 0.86314 0.619621 0.862387 0.637048 0.832267 0.629303 0.831514 0.611016
