3 0.153426 0.364673 0.177146 0.367255 0.175452 0.371773 0.152108 0.368976
3 0.115023 0.453313 0.14119 0.452238 0.139684 0.457831 0.11427 0.458477
3 0.19616 0.461274 0.224398 0.460628 0.223456 0.466437 0.195407 0.466222
3 0.290663 0.362522 0.316265 0.366824 0.314759 0.371558 0.289345 0.366824
3 0.261483 0.474828 0.291039 0.473322 0.291039 0.479346 0.260919 0.480637
3 0.365587 0.378442 0.392319 0.379088 0.391754 0.384682 0.365023 0.383391
3 0.452372 0.458907 0.483246 0.462995 0.482304 0.468804 0.451996 0.464286
3 0.527485 0.46364 0.558547 0.466652 0.558547 0.473107 0.527673 0.46988
3 0.608998 0.465577 0.628765 0.465146 0.629142 0.47074 0.609752 0.47117
3 0.725527 0.465146 0.744164 0.467298 0.744729 0.472676 0.725715 0.47074
3 0.03238 0.611231 0.059488 0.61833 0.057041 0.624785 0.029932 0.618115 0.031815 0.612306
3 0.075866 0.618976 0.104104 0.62543 0.101468 0.63253 0.073607 0.625861
3 0.127259 0.62543 0.159262 0.625 0.158509 0.632745 0.126506 0.63253
3 0.181476 0.623709 0.214232 0.628227 0.212538 0.635112 0.180911 0.630809
3 0.256589 0.642857 0.291039 0.64673 0.289345 0.65426 0.255459 0.650172
3 0.33622 0.642642 0.371611 0.64673 0.370105 0.65426 0.33509 0.649742
3 0.478539 0.647375 0.514496 0.648666 0.514496 0.655981 0.478539 0.65512
3 0.622553 0.656196 0.657568 0.658778 0.657568 0.666954 0.622553 0.663942
3 0.708584 0.671041 0.743599 0.673838 0.743976 0.681153 0.708584 0.678787
3 0.779367 0.658133 0.81137 0.652969 0.813253 0.660929 0.781438 0.665663
3 0.843185 0.648021 0.875941 0.649096 0.877071 0.656842 0.844503 0.655551
3 0.149096 0.760112 0.184111 0.760972 0.18317 0.769363 0.148155 0.768503
3 0.19183 0.785929 0.228727 0.79475 0.226468 0.803787 0.190512 0.794966
3 0.313065 0.760972 0.352221 0.765275 0.351657 0.774312 0.311559 0.770009
3 0.384224 0.76463 0.422628 0.766136 0.422252 0.775172 0.38366 0.773451
3 0.473456 0.765491 0.511672 0.769363 0.510919 0.777969 0.472703 0.774312
3 0.586785 0.777969 0.625 0.781626 0.624435 0.790448 0.58622 0.78679
3 0.705384 0.773451 0.743599 0.777324 0.743035 0.785929 0.704819 0.782272
3 0.806288 0.766136 0.840173 0.7642 0.841867 0.772806 0.807794 0.774312
3 0.879142 0.771515 0.91378 0.77216 0.915098 0.78012 0.880648 0.77969
3 0.956137 0.798193 0.987387 0.797547 0.988893 0.805938 0.957643 0.806153
3 0.308735 0.197074 0.322101 0.196859 0.321348 0.200516 0.307605 0.200732
2 0.308547 0.191265 0.305723 0.201592 0.328878 0.202238 0.331702 0.191695
3 0.339232 0.258391 0.360504 0.263124 0.358622 0.266781 0.337726 0.262048 0.338667 0.259682
2 0.341491 0.252151 0.33622 0.262478 0.358998 0.268287 0.363893 0.2571
3 0.441077 0.250645 0.467997 0.249355 0.46762 0.254088 0.440889 0.253873
2 0.440512 0.245267 0.471197 0.244836 0.470256 0.25667 0.440136 0.256024
3 0.536333 0.254303 0.562124 0.252582 0.562688 0.25667 0.536521 0.258391
2 0.534262 0.248064 0.562876 0.246558 0.564383 0.258176 0.535203 0.260542
3 0.58302 0.256885 0.608057 0.262694 0.607681 0.266566 0.582267 0.260542 0.58302 0.257745
2 0.583396 0.250861 0.609752 0.25667 0.608434 0.268503 0.580761 0.262478 0.581702 0.250861
3 0.624247 0.209552 0.646461 0.211704 0.646649 0.214501 0.623682 0.212565 0.623494 0.209552
2 0.622553 0.203959 0.646084 0.20654 0.647402 0.215577 0.622553 0.21364 0.622176 0.204174
3 0.622553 0.263984 0.649285 0.264415 0.650038 0.268933 0.623117 0.267857
2 0.621611 0.257315 0.649473 0.258606 0.651167 0.270224 0.622176 0.269578 0.621047 0.258176
3 0.715361 0.270224 0.737764 0.271299 0.738328 0.274742 0.715926 0.274096
2 0.71122 0.263554 0.736634 0.263984 0.740211 0.275387 0.71442 0.275387 0.710467 0.263984
3 0.698795 0.211919 0.719126 0.212565 0.720444 0.215361 0.699172 0.214716
2 0.696348 0.206971 0.698607 0.216867 0.72195 0.217298 0.718374 0.207831
3 0.39119 0.261833 0.415474 0.258391 0.415474 0.261403 0.39119 0.265275
2 0.389119 0.255809 0.389307 0.266351 0.417169 0.262694 0.415851 0.252367
3 0.298946 0.255594 0.32323 0.255379 0.322101 0.258821 0.298004 0.259682
2 0.299887 0.249785 0.325301 0.24957 0.32323 0.260112 0.29744 0.260757
2 0.155309 0.356282 0.148908 0.370267 0.176205 0.373494 0.180911 0.358864
2 0.116905 0.443201 0.111258 0.459983 0.140248 0.459768 0.144767 0.442126
2 0.197666 0.450086 0.19183 0.467298 0.225527 0.467728 0.227974 0.449656
2 0.292545 0.353701 0.286145 0.367685 0.316077 0.373924 0.319842 0.357788
2 0.260919 0.46364 0.257154 0.482358 0.292169 0.481928 0.294428 0.46321
2 0.36427 0.370267 0.361822 0.385112 0.393261 0.386188 0.394578 0.370482
2 0.451054 0.44815 0.447854 0.465792 0.483622 0.470955 0.485881 0.453098
2 0.525226 0.452668 0.524473 0.47074 0.5593 0.474182 0.559676 0.456756
2 0.606175 0.455034 0.607869 0.473107 0.642131 0.471816 0.639872 0.453744
2 0.722892 0.455034 0.723645 0.471601 0.757718 0.475043 0.756024 0.458477
2 0.035392 0.599398 0.027108 0.619621 0.057982 0.627152 0.066077 0.605637
2 0.07756 0.606928 0.070971 0.627152 0.101657 0.634897 0.109752 0.613382
2 0.128012 0.611661 0.123117 0.634251 0.15945 0.633821 0.162086 0.612306
2 0.182605 0.610155 0.17677 0.630809 0.214608 0.637263 0.21875 0.614673
2 0.256024 0.628657 0.251318 0.651893 0.288215 0.655981 0.289533 0.656196 0.291792 0.64006 0.289721 0.63296
2 0.334149 0.628442 0.329819 0.651893 0.370294 0.656842 0.374247 0.633391
2 0.476092 0.633176 0.474774 0.656626 0.515248 0.657272 0.515248 0.634682
3 0.544051 0.652969 0.578313 0.66179 0.577184 0.66975 0.542922 0.660714
2 0.543298 0.638339 0.540663 0.661145 0.579254 0.671687 0.582455 0.648881
2 0.618976 0.641136 0.619917 0.665232 0.659074 0.667814 0.65625 0.643503
2 0.70369 0.657917 0.705949 0.681153 0.745858 0.682014 0.741529 0.659208 0.704066 0.656626
2 0.772967 0.643718 0.809111 0.639845 0.815136 0.66179 0.778614 0.667599
2 0.838479 0.634466 0.842997 0.657702 0.878953 0.657917 0.873494 0.635972 0.839232 0.633821 0.838479 0.633391
2 0.148908 0.744191 0.14439 0.770009 0.184111 0.770869 0.187876 0.744621 0.14872 0.743546
2 0.192959 0.769148 0.185617 0.796041 0.227033 0.806583 0.233245 0.779475
2 0.313441 0.745697 0.310053 0.77173 0.353727 0.776248 0.356175 0.748924
2 0.381965 0.749139 0.380648 0.775818 0.423004 0.777108 0.425264 0.750645
2 0.470256 0.74957 0.468562 0.775818 0.511672 0.78012 0.512613 0.758176 0.507342 0.752797 0.470444 0.748709
2 0.582831 0.761188 0.582455 0.788511 0.62613 0.792384 0.625753 0.765921
2 0.701619 0.755164 0.702372 0.783778 0.746611 0.789802 0.743223 0.763124
2 0.799699 0.750861 0.804217 0.777108 0.845256 0.774312 0.838291 0.748279
2 0.872364 0.755164 0.877636 0.781626 0.917357 0.781842 0.911709 0.758821 0.907003 0.755594
2 0.948419 0.781842 0.95256 0.800559 0.955572 0.80142 0.956702 0.807874 0.990964 0.807229 0.983998 0.780981
3 0.775979 0.22031 0.792922 0.222246 0.793675 0.224613 0.776355 0.222892
2 0.772402 0.215577 0.775038 0.224182 0.795746 0.225688 0.791039 0.217083 0.772026 0.215361
3 0.615776 0.162005 0.636107 0.163296 0.636483 0.166523 0.616152 0.164587 0.615964 0.163081
2 0.613893 0.156842 0.614834 0.165448 0.637236 0.167814 0.635542 0.158563
3 0.549322 0.14759 0.565324 0.147806 0.565512 0.151248 0.549322 0.150602
2 0.548381 0.145224 0.568148 0.145224 0.568148 0.152324 0.548193 0.151678
3 0.42244 0.166954 0.440512 0.170181 0.439759 0.172762 0.422063 0.170181
2 0.422816 0.162435 0.420369 0.170611 0.442018 0.174699 0.444465 0.167169
3 0.236822 0.185026 0.258283 0.182229 0.258283 0.185456 0.236634 0.187608
2 0.237952 0.179862 0.259977 0.178141 0.259036 0.188683 0.235505 0.189974 0.237199 0.180077
3 0.801205 0.27926 0.822477 0.28012 0.82323 0.283133 0.801581 0.282487
2 0.798193 0.27259 0.82116 0.273236 0.824925 0.285069 0.80064 0.284208 0.798381 0.273881
