1 0.349398 0.245482 0.412274 0.247633 0.410956 0.256885 0.350715 0.255164
0 0.352598 0.211704 0.423193 0.214931 0.415663 0.261188 0.341679 0.258821
1 0.690136 0.261188 0.744352 0.276248 0.745482 0.283348 0.692959 0.269148
0 0.685053 0.221816 0.700489 0.228916 0.735316 0.238382 0.739081 0.250861 0.747929 0.287435 0.687688 0.27216 0.681099 0.238382
1 0.766378 0.624785 0.819465 0.624355 0.822477 0.640491 0.768825 0.63963
0 0.720633 0.560456 0.816642 0.559811 0.832267 0.649096 0.779556 0.649527 0.734187 0.64716 0.729292 0.626506
1 0.432417 0.677281 0.521461 0.674268 0.521461 0.692986 0.43317 0.693847
0 0.425075 0.606282 0.525791 0.604776 0.532568 0.702668 0.422063 0.704174
1 0.189571 0.649742 0.275038 0.659639 0.27259 0.675129 0.187688 0.665017
0 0.197289 0.585628 0.287086 0.597246 0.275038 0.68395 0.179405 0.671687
