3 0.174699 0.241179 0.174511 0.245482 0.192395 0.24333 0.192206 0.239028
2 0.173569 0.233864 0.173569 0.246127 0.193148 0.244836 0.192395 0.232358
3 0.17997 0.187608 0.178652 0.192556 0.196536 0.19191 0.196536 0.187392
2 0.179782 0.181583 0.177146 0.193417 0.197101 0.193417 0.197101 0.181799
3 0.310994 0.183735 0.310429 0.188038 0.329066 0.187392 0.328878 0.183735
2 0.309864 0.17685 0.308923 0.188468 0.330384 0.188038 0.331514 0.177065
3 0.295181 0.242255 0.294616 0.246343 0.315136 0.245267 0.315512 0.240964
2 0.294051 0.23537 0.292357 0.248064 0.3157 0.246558 0.317395 0.234294
3 0.361822 0.173193 0.361822 0.177065 0.382907 0.175559 0.382718 0.171902
2 0.360504 0.166738 0.360316 0.177926 0.383471 0.17642 0.383848 0.165663
3 0.440136 0.093804 0.440136 0.098107 0.460655 0.095955 0.460467 0.092728
2 0.438065 0.088855 0.438253 0.099398 0.461785 0.097461 0.461596 0.087349
3 0.43317 0.13167 0.43317 0.134897 0.453878 0.133176 0.453502 0.129303
2 0.430346 0.125861 0.430723 0.136403 0.454631 0.133821 0.45369 0.122849
3 0.420746 0.175129 0.420557 0.179862 0.440136 0.178356 0.440324 0.174914
2 0.419428 0.16975 0.419051 0.181368 0.442206 0.179862 0.441265 0.168675
5 0.493035 0.068201 0.492846 0.072935 0.524849 0.071429 0.525791 0.066265
4 0.481175 0.065189 0.480045 0.075301 0.525602 0.072719 0.527297 0.063468
3 0.885354 0.242255 0.885919 0.246127 0.903426 0.246558 0.902297 0.243115
2 0.881401 0.23537 0.884789 0.246988 0.904932 0.247203 0.899096 0.236231
3 0.875753 0.189114 0.875753 0.192771 0.886107 0.193201 0.89119 0.194277 0.891002 0.191265
2 0.873494 0.18438 0.873682 0.193847 0.892319 0.195998 0.89119 0.190404 0.889119 0.186317
3 0.000377 0.452453 0.000377 0.458262 0.012801 0.455465 0.012425 0.450086
2 0.0 0.444923 0.0 0.459337 0.013366 0.457186 0.013931 0.442556
3 0.207078 0.098322 0.206702 0.102194 0.223268 0.10241 0.223645 0.098967
2 0.205949 0.092083 0.203878 0.102194 0.215926 0.103485 0.224586 0.10327 0.228539 0.093158
3 0.3093 0.090146 0.308735 0.09488 0.327937 0.094664 0.328125 0.090792
2 0.307982 0.084552 0.307041 0.09531 0.329631 0.095955 0.331702 0.085628
3 0.194277 0.143718 0.194465 0.146945 0.210655 0.146299 0.210843 0.143072
2 0.192395 0.137909 0.192206 0.147375 0.21122 0.14759 0.21122 0.137694
