1 0.202184 0.140491 0.201619 0.145009 0.228916 0.145869 0.22948 0.141351
0 0.201242 0.130594 0.19616 0.145224 0.243411 0.14759 0.248306 0.13296
1 0.195218 0.15469 0.193901 0.160284 0.224021 0.160929 0.22628 0.156196
1 0.194089 0.161575 0.193148 0.166093 0.222703 0.166954 0.223645 0.162866
0 0.195783 0.145654 0.186559 0.170396 0.236069 0.174699 0.243788 0.148021
1 0.186935 0.183305 0.185994 0.188683 0.214044 0.186532 0.215173 0.182444
1 0.183547 0.189974 0.182417 0.194923 0.202184 0.194062 0.212349 0.193201 0.213291 0.188253
1 0.181288 0.196644 0.180535 0.201807 0.198607 0.200947 0.210467 0.199871 0.211596 0.195353
0 0.186747 0.171256 0.175828 0.202453 0.225151 0.203528 0.232116 0.175129
1 0.186747 0.211274 0.185806 0.216222 0.205572 0.217513 0.206702 0.21278
1 0.174134 0.219664 0.187312 0.218804 0.198983 0.219449 0.205196 0.22031 0.203878 0.224613 0.184488 0.223752 0.173946 0.224613
0 0.17564 0.202668 0.169428 0.225258 0.189194 0.226334 0.212538 0.225688 0.217244 0.225473 0.223833 0.203744 0.196913 0.203313
1 0.419428 0.237737 0.419428 0.242685 0.441453 0.24204 0.441453 0.236661
1 0.418486 0.245697 0.418486 0.250861 0.440512 0.25 0.440512 0.244836
1 0.419239 0.253873 0.419051 0.259036 0.441077 0.258391 0.441077 0.253012
0 0.403614 0.225688 0.398908 0.260327 0.458773 0.258176 0.460655 0.224398
1 0.401732 0.273236 0.401355 0.278399 0.43863 0.279045 0.439006 0.273451
1 0.401355 0.280766 0.400414 0.286575 0.437688 0.28722 0.438065 0.281842
1 0.399473 0.290232 0.39872 0.296902 0.438065 0.295826 0.437124 0.289802
0 0.399096 0.260972 0.394955 0.297332 0.457078 0.297547 0.458773 0.258606
1 0.39759 0.311317 0.397026 0.317986 0.417922 0.316695 0.435806 0.318632 0.43637 0.312392 0.408133 0.310456
1 0.397967 0.321213 0.39759 0.328098 0.416227 0.326377 0.435241 0.328098 0.435617 0.322504 0.413968 0.320353
1 0.400038 0.331756 0.419804 0.330895 0.434676 0.331756 0.434488 0.33778 0.400038 0.337565
0 0.395143 0.297978 0.390625 0.343374 0.413968 0.343374 0.425452 0.342943 0.454443 0.343158 0.457267 0.298193
1 0.550075 0.241824 0.550075 0.251076 0.600151 0.246773 0.599021 0.237737
0 0.543486 0.215146 0.544804 0.254518 0.605422 0.25043 0.603539 0.231497 0.601845 0.223322 0.601468 0.211489
1 0.90625 0.199656 0.907568 0.204604 0.923004 0.207616 0.92244 0.202883
1 0.899849 0.203959 0.901167 0.209122 0.92677 0.214716 0.925075 0.209768
1 0.903426 0.211919 0.905685 0.216867 0.928652 0.221816 0.928276 0.216007
0 0.887048 0.185886 0.892884 0.19901 0.896461 0.209122 0.900979 0.216652 0.928087 0.223107 0.944842 0.223107 0.932041 0.193417
1 0.910015 0.229346 0.911521 0.234725 0.936935 0.239028 0.93637 0.234294
1 0.911898 0.237737 0.913968 0.24333 0.9407 0.246988 0.939006 0.241609
1 0.914533 0.246127 0.916227 0.251506 0.929782 0.253227 0.944842 0.254303 0.942959 0.249139
0 0.902673 0.217513 0.907568 0.240318 0.911898 0.252797 0.959526 0.256885 0.945407 0.223537 0.927899 0.223537
1 0.924322 0.263339 0.926393 0.268718 0.951807 0.274312 0.949925 0.268718
1 0.927146 0.271515 0.929217 0.277539 0.94616 0.281196 0.955196 0.281842 0.95369 0.277324 0.93637 0.273021
1 0.931099 0.280981 0.948983 0.284423 0.957831 0.284854 0.959337 0.290448 0.94183 0.288296 0.931852 0.28679
0 0.917733 0.253657 0.928276 0.288296 0.973833 0.292814 0.96009 0.257315
1 0.935994 0.30185 0.936559 0.307444 0.965738 0.311317 0.964608 0.305293
1 0.939383 0.311532 0.941265 0.317556 0.969126 0.319923 0.967997 0.314114
0 0.928652 0.288941 0.932417 0.308735 0.941077 0.330465 0.990399 0.335413 0.975339 0.293244
3 0.239458 0.496988 0.238705 0.501076 0.249059 0.501936 0.249435 0.497849
2 0.239646 0.489673 0.236069 0.501936 0.253389 0.503442 0.25753 0.501506 0.259413 0.491394
3 0.268825 0.530766 0.268261 0.534854 0.287086 0.535714 0.287839 0.531626
2 0.267884 0.523236 0.265813 0.536145 0.288215 0.53679 0.289345 0.525172
7 0.449548 0.535499 0.449548 0.538942 0.460467 0.538942 0.460655 0.535714
6 0.449172 0.534639 0.448795 0.539372 0.461032 0.539802 0.461032 0.535069
3 0.867282 0.484294 0.867658 0.488812 0.878577 0.489673 0.8782 0.485585
2 0.864646 0.477625 0.865964 0.489028 0.885354 0.49204 0.884036 0.479776
3 0.865776 0.537436 0.866905 0.542169 0.877824 0.540878 0.876694 0.535714
2 0.862575 0.530336 0.865776 0.54346 0.886107 0.540448 0.882342 0.527108
3 0.917545 0.484294 0.91811 0.488382 0.928464 0.488382 0.927899 0.484509
2 0.912839 0.477625 0.916227 0.489458 0.935429 0.489673 0.932417 0.477625
3 0.948419 0.527539 0.949548 0.532272 0.967244 0.532272 0.966114 0.527969
2 0.944277 0.520654 0.947289 0.533133 0.968374 0.533348 0.964608 0.520439
3 0.162274 0.657702 0.161333 0.662436 0.17997 0.666308 0.181099 0.66222
2 0.162839 0.649957 0.158321 0.662866 0.175452 0.667384 0.180346 0.667169 0.183547 0.655551 0.181664 0.652754
3 0.157944 0.680508 0.157191 0.686102 0.174699 0.688683 0.176205 0.68395
2 0.158886 0.672332 0.154367 0.685886 0.175264 0.689759 0.178652 0.675774
3 0.229669 0.696859 0.229292 0.701807 0.249812 0.703313 0.250188 0.69858
2 0.229669 0.687823 0.228727 0.703313 0.25 0.70525 0.251506 0.689329
3 0.263742 0.685026 0.262989 0.689759 0.283886 0.692986 0.284827 0.688468
2 0.263178 0.675559 0.261483 0.69062 0.283886 0.694062 0.287462 0.678571
3 0.240399 0.613597 0.240776 0.618546 0.260919 0.618761 0.261295 0.614028
2 0.240211 0.604991 0.23927 0.618761 0.261672 0.619406 0.262236 0.605852
3 0.271084 0.636188 0.270896 0.641351 0.291416 0.641136 0.291604 0.636618
2 0.269955 0.627582 0.268825 0.642427 0.292169 0.642212 0.29198 0.628012
3 0.310429 0.636403 0.309864 0.641351 0.331325 0.641566 0.33189 0.636833
2 0.309111 0.627152 0.307229 0.642857 0.331514 0.644148 0.333208 0.628873
3 0.305723 0.723967 0.305535 0.728916 0.327937 0.729776 0.328125 0.724828
2 0.30384 0.714716 0.302523 0.730637 0.328502 0.731713 0.329254 0.716007
3 0.338855 0.725473 0.338479 0.731497 0.352598 0.731282 0.352598 0.726119
2 0.337161 0.715361 0.335279 0.732143 0.362199 0.732143 0.362575 0.715577
3 0.382342 0.696429 0.38253 0.701807 0.396273 0.700516 0.396273 0.695353
2 0.379895 0.687823 0.380271 0.703528 0.407191 0.700516 0.405497 0.684165
3 0.423569 0.644148 0.423569 0.649096 0.445783 0.64759 0.445783 0.642857
2 0.421687 0.635542 0.421498 0.650387 0.446348 0.649312 0.445971 0.634251
3 0.818524 0.693417 0.818901 0.69901 0.841303 0.696859 0.840361 0.692126
2 0.816265 0.68438 0.818524 0.700301 0.842056 0.69858 0.839232 0.682874
3 0.873306 0.649096 0.873306 0.65426 0.887048 0.65469 0.887425 0.649742
2 0.871047 0.641997 0.871235 0.646945 0.871988 0.653614 0.873494 0.656196 0.895143 0.657487 0.893449 0.642857
3 0.885919 0.697504 0.885542 0.703098 0.898343 0.702883 0.898532 0.697935
2 0.882718 0.689544 0.88366 0.699441 0.883848 0.705034 0.907003 0.70525 0.905685 0.689974
3 0.941077 0.635112 0.942018 0.640275 0.961973 0.638124 0.960655 0.632745
2 0.935806 0.627152 0.938818 0.641781 0.962538 0.638984 0.958773 0.62457
3 0.961408 0.69858 0.961785 0.703744 0.982492 0.702668 0.980798 0.697504
2 0.957455 0.689974 0.959714 0.704819 0.983434 0.703528 0.979104 0.688468
