1 0.257154 0.175775 0.34488 0.179647 0.344503 0.194062 0.256589 0.189329
0 0.257154 0.131024 0.248494 0.194277 0.351468 0.201807 0.353539 0.137263
1 0.544992 0.171902 0.618035 0.178787 0.618976 0.188898 0.546122 0.183735
0 0.533321 0.130594 0.611258 0.139845 0.623494 0.195568 0.537274 0.188253 0.530874 0.130594
1 0.525414 0.026678 0.591491 0.038081 0.593185 0.046902 0.526544 0.03636
0 0.518449 0.0 0.521084 0.039587 0.59695 0.050344 0.589044 0.011188 0.538027 0.001936
1 0.719126 0.059165 0.748682 0.063898 0.77372 0.071429 0.775414 0.079819 0.74567 0.069492 0.721009 0.067556
0 0.707267 0.029905 0.737764 0.03722 0.764119 0.044966 0.779556 0.084552 0.749812 0.074225 0.741905 0.07401 0.718938 0.068417
0 0.776544 0.193632 0.826807 0.203744 0.829254 0.214286 0.778426 0.204819
0 0.757907 0.154045 0.763178 0.162005 0.765248 0.177496 0.772779 0.20654 0.795934 0.212995 0.807605 0.216007 0.836973 0.220095 0.831514 0.200947 0.817583 0.169105 0.778426 0.158348
