1 0.41851 0.397436 0.463462 0.402564 0.463221 0.407051 0.417308 0.401282
1 0.413942 0.404487 0.461538 0.409295 0.460577 0.414744 0.4125 0.408333
1 0.438942 0.391346 0.464663 0.39391 0.463942 0.40032 0.436298 0.397115
0 0.416827 0.375321 0.40625 0.411218 0.421154 0.4125 0.438462 0.413782 0.46226 0.416987 0.485577 0.417628 0.491827 0.382692 0.459375 0.376923 0.440144 0.375962 0.430048 0.374359
5 0.4625 0.315064 0.469231 0.315064 0.469952 0.345513 0.4625 0.346154
4 0.461058 0.314103 0.470673 0.313462 0.473317 0.357372 0.459856 0.357051
0 0.002885 0.453526 0.077644 0.454487 0.076202 0.466987 0.00024 0.465385
0 0.020192 0.420513 0.101202 0.421154 0.079087 0.470513 0.00024 0.46859 0.000721 0.45
8 0.192548 0.695192 0.220913 0.7 0.216827 0.719551 0.185577 0.715385
8 0.16851 0.79391 0.201202 0.794551 0.195673 0.81859 0.163221 0.816987
8 0.191346 0.845192 0.224038 0.845833 0.219471 0.869551 0.186058 0.868269
8 0.09375 0.830769 0.125481 0.833974 0.120913 0.857372 0.086538 0.855769
8 0.246875 0.766987 0.277404 0.769872 0.27476 0.789744 0.240385 0.78782
8 0.261538 0.695833 0.291346 0.698718 0.289183 0.717308 0.257692 0.714744
8 0.141106 0.675962 0.171875 0.68109 0.16899 0.69968 0.13726 0.694872
8 0.129808 0.733974 0.159135 0.740064 0.152404 0.757692 0.122596 0.752885
3 0.101202 0.785897 0.107933 0.784615 0.103606 0.820192 0.096875 0.820192
2 0.088702 0.7875 0.084375 0.828205 0.103846 0.822115 0.110096 0.782372
3 0.219231 0.842308 0.25024 0.848718 0.245433 0.85641 0.224038 0.851282 0.22476 0.845513 0.217548 0.844872
2 0.220673 0.827885 0.255769 0.83718 0.246154 0.859615 0.223317 0.852244 0.224519 0.845833 0.21274 0.844551
3 0.149279 0.734295 0.18101 0.736859 0.178846 0.741667 0.161058 0.740385 0.158654 0.738462 0.148798 0.737179
2 0.152163 0.727564 0.184615 0.729808 0.179808 0.744872 0.159615 0.742308 0.159615 0.740385 0.148317 0.73782
3 0.284856 0.691987 0.314663 0.692628 0.313942 0.698077 0.291827 0.697756 0.284615 0.696795
2 0.285817 0.683333 0.316346 0.683974 0.313942 0.700641 0.291587 0.698077 0.281971 0.696795
3 0.275721 0.763141 0.307452 0.759295 0.307212 0.765064 0.282452 0.767949 0.275721 0.768269
2 0.275481 0.753526 0.308413 0.748397 0.307692 0.766346 0.27476 0.76859
8 0.305288 0.851282 0.301202 0.877564 0.336058 0.877885 0.33774 0.851603
3 0.33726 0.840385 0.369712 0.833974 0.370433 0.840705 0.335577 0.847115 0.335096 0.841026
2 0.331971 0.830128 0.363221 0.824038 0.365625 0.822756 0.369952 0.828526 0.371394 0.841987 0.33149 0.84968
8 0.423558 0.73109 0.452644 0.728205 0.453365 0.75 0.423077 0.752244
8 0.422837 0.832051 0.45601 0.831731 0.454567 0.85641 0.422596 0.857051
3 0.44399 0.804808 0.465144 0.810577 0.464663 0.81859 0.443029 0.811859
2 0.444471 0.791667 0.478125 0.801282 0.479567 0.806731 0.476202 0.823397 0.439904 0.811218
3 0.456731 0.70609 0.474038 0.703526 0.475 0.710577 0.45625 0.7125
2 0.452644 0.696154 0.485096 0.694231 0.486779 0.711538 0.453606 0.713462
