3 0.25866 0.40383 0.267131 0.402108 0.267131 0.405336 0.257907 0.406626
2 0.259789 0.398451 0.272779 0.396945 0.272402 0.405551 0.256777 0.407917
3 0.232492 0.381024 0.23927 0.379733 0.239458 0.383391 0.232116 0.384036
2 0.233245 0.377151 0.244729 0.375215 0.244352 0.38296 0.231175 0.384466
3 0.309111 0.384682 0.323607 0.382315 0.323419 0.385327 0.309111 0.387909
2 0.310429 0.380164 0.32436 0.378012 0.323983 0.386403 0.307982 0.388554
3 0.317959 0.347246 0.318336 0.349613 0.332455 0.34531 0.332078 0.342728
2 0.318148 0.342083 0.335467 0.33821 0.334714 0.345955 0.317395 0.349613
3 0.272214 0.361231 0.283886 0.358219 0.28445 0.361231 0.271649 0.364028
2 0.272967 0.356497 0.271084 0.364673 0.285956 0.361876 0.286521 0.354131
3 0.363517 0.341437 0.362575 0.344234 0.377071 0.343374 0.377824 0.340577
2 0.364081 0.336704 0.362011 0.34488 0.377636 0.343804 0.378577 0.336274
3 0.394578 0.38167 0.403803 0.376936 0.41058 0.376076 0.410203 0.379088 0.394767 0.384682
2 0.392884 0.376936 0.396461 0.374139 0.409827 0.371342 0.412086 0.372203 0.411333 0.379518 0.393449 0.385112
3 0.429405 0.280336 0.444465 0.276248 0.444089 0.27969 0.429593 0.282917
2 0.42677 0.276678 0.444277 0.271515 0.445407 0.272375 0.445218 0.27969 0.427334 0.284423 0.427334 0.283348
3 0.463479 0.246773 0.478539 0.240964 0.478916 0.243761 0.463667 0.249139
2 0.461785 0.242685 0.479292 0.236661 0.479857 0.244191 0.461785 0.249785
3 0.461408 0.265706 0.461785 0.267857 0.477033 0.263554 0.477033 0.260972
2 0.459149 0.262048 0.459337 0.268503 0.459902 0.269148 0.46988 0.266351 0.477598 0.2642 0.477786 0.257315 0.476657 0.256239
3 0.467432 0.28012 0.478727 0.276893 0.48381 0.276033 0.484187 0.27883 0.475527 0.280551 0.470821 0.281411 0.46762 0.282487
2 0.466867 0.275602 0.483434 0.27173 0.484752 0.279045 0.467056 0.283133
3 0.482681 0.311102 0.494164 0.30852 0.493976 0.311532 0.482869 0.313468
2 0.481551 0.305508 0.497176 0.302711 0.497553 0.311102 0.481928 0.313683
3 0.470256 0.35327 0.481928 0.350258 0.481551 0.354346 0.470444 0.356713
2 0.467809 0.347461 0.488705 0.342513 0.490023 0.35241 0.468562 0.357358
3 0.518449 0.337349 0.52692 0.335843 0.535015 0.334983 0.538404 0.334983 0.537839 0.337995 0.525226 0.339501 0.518637 0.340146
2 0.516754 0.331325 0.522402 0.33025 0.538968 0.328744 0.53878 0.33821 0.537651 0.338855 0.516754 0.341007
3 0.512236 0.285714 0.530309 0.281842 0.530874 0.284854 0.512613 0.288941
2 0.510166 0.280766 0.528991 0.276033 0.531062 0.276678 0.532003 0.285499 0.511672 0.289802 0.51073 0.288941
3 0.515625 0.239458 0.532756 0.236231 0.532944 0.239028 0.515813 0.24247
2 0.514496 0.235585 0.532756 0.232143 0.533697 0.239673 0.514872 0.243115
3 0.574172 0.356928 0.586785 0.354561 0.587349 0.358649 0.57436 0.36037
2 0.57003 0.350473 0.595068 0.346816 0.596009 0.358434 0.572477 0.3608
3 0.60881 0.313683 0.621047 0.311102 0.6218 0.314329 0.60881 0.317126
2 0.60561 0.307874 0.619729 0.305077 0.629706 0.303356 0.630648 0.304432 0.631401 0.313468 0.607681 0.318201
3 0.612952 0.260327 0.625376 0.258821 0.625188 0.261833 0.61314 0.263339
2 0.610316 0.255164 0.623117 0.253227 0.631965 0.251506 0.633283 0.252151 0.634036 0.261188 0.610693 0.263984
3 0.669051 0.305077 0.683358 0.302711 0.683923 0.306368 0.669804 0.30895
2 0.665474 0.299053 0.691453 0.294535 0.693712 0.305938 0.66698 0.30938
3 0.666227 0.211059 0.67884 0.208046 0.67884 0.211059 0.667169 0.214071
2 0.662651 0.207186 0.684111 0.201162 0.686182 0.203528 0.687124 0.209552 0.66491 0.214931
3 0.747553 0.265491 0.76073 0.262909 0.76186 0.265706 0.748117 0.268718
2 0.743035 0.259682 0.767319 0.254733 0.771273 0.264415 0.746047 0.268933
3 0.858622 0.247418 0.883095 0.24333 0.885166 0.247633 0.860316 0.25043
3 0.930158 0.233649 0.954631 0.229346 0.956702 0.233864 0.931852 0.236446
3 0.876883 0.150387 0.901355 0.146299 0.903426 0.150602 0.878577 0.153399
3 0.945971 0.14006 0.970444 0.135972 0.972515 0.140491 0.947666 0.143072
3 0.823983 0.169966 0.848456 0.165878 0.851092 0.16932 0.826054 0.173408
2 0.820783 0.164372 0.847139 0.158563 0.852786 0.16975 0.825113 0.175559
2 0.874059 0.146084 0.900414 0.14006 0.90625 0.151248 0.878577 0.157057
2 0.942771 0.135112 0.969126 0.129303 0.974962 0.140491 0.947289 0.146299
2 0.926205 0.228055 0.954066 0.222892 0.959902 0.233864 0.932229 0.239673
2 0.852786 0.242255 0.880836 0.236876 0.886672 0.248064 0.858998 0.253873
3 0.128953 0.662436 0.128577 0.666308 0.140813 0.667169 0.141378 0.662866
2 0.12933 0.65426 0.126694 0.666308 0.142131 0.668244 0.143261 0.655551
3 0.089608 0.657487 0.09808 0.656411 0.097892 0.660714 0.089985 0.66179
2 0.091114 0.650172 0.104857 0.649096 0.103539 0.660929 0.088102 0.662866
3 0.115587 0.58068 0.122929 0.581971 0.1218 0.585413 0.113893 0.583692
2 0.116529 0.574226 0.125377 0.575947 0.121988 0.586489 0.11314 0.584337
3 0.146649 0.540017 0.153803 0.537866 0.153803 0.541308 0.146837 0.54389
2 0.147026 0.532702 0.15305 0.531411 0.16058 0.529905 0.158321 0.541738 0.145331 0.544966
3 0.431852 0.630594 0.445971 0.629518 0.445595 0.635542 0.432417 0.635112
3 0.377071 0.603916 0.391378 0.603055 0.391002 0.608864 0.377636 0.608434
3 0.421875 0.555077 0.435994 0.554002 0.435241 0.559165 0.42244 0.559596
3 0.473645 0.548193 0.495858 0.545181 0.497553 0.549268 0.474209 0.552711
3 0.534074 0.540663 0.559111 0.542384 0.558923 0.546902 0.534639 0.545181
3 0.474209 0.475473 0.4968 0.471601 0.496235 0.476764 0.475151 0.479131
3 0.593562 0.534639 0.61634 0.532272 0.616717 0.537005 0.594503 0.539587
3 0.671687 0.523451 0.700113 0.519793 0.700678 0.526678 0.67244 0.528399
3 0.737199 0.515275 0.765625 0.511618 0.766378 0.515921 0.738328 0.520009
3 0.643072 0.458262 0.668675 0.455895 0.669239 0.460198 0.644202 0.462349
3 0.426393 0.491394 0.438253 0.490103 0.438441 0.494621 0.426581 0.495052
3 0.385166 0.511188 0.397026 0.510112 0.397214 0.514415 0.385354 0.51506
3 0.390813 0.45568 0.402673 0.454604 0.402861 0.458907 0.391002 0.459552
3 0.424699 0.444277 0.436747 0.443201 0.436747 0.447504 0.424887 0.44815
3 0.485693 0.626291 0.509977 0.623494 0.51073 0.628442 0.486258 0.630809
3 0.532756 0.630809 0.558735 0.63296 0.557982 0.638554 0.532191 0.636403
3 0.582267 0.459768 0.596574 0.458907 0.59808 0.46278 0.582831 0.464931
3 0.706325 0.404475 0.734563 0.400602 0.735128 0.40512 0.707267 0.408563
3 0.79744 0.416738 0.814194 0.410284 0.816453 0.415017 0.799887 0.421472
3 0.821724 0.503227 0.839797 0.498279 0.841867 0.504518 0.823983 0.509251
3 0.849021 0.600258 0.868035 0.597892 0.870294 0.6037 0.85128 0.606067
3 0.730422 0.615103 0.748494 0.6108 0.750376 0.61747 0.730986 0.620912
3 0.68637 0.615103 0.714985 0.6108 0.716491 0.6179 0.687124 0.620267
3 0.607681 0.61747 0.636672 0.61747 0.63686 0.623279 0.608998 0.623709
2 0.377447 0.593804 0.400038 0.594449 0.398532 0.609294 0.375565 0.609294
2 0.430723 0.620267 0.45689 0.620052 0.455572 0.635757 0.42997 0.636618
3 0.208208 0.544535 0.223645 0.540663 0.223268 0.544535 0.208208 0.547978
2 0.390248 0.449441 0.411521 0.446859 0.409639 0.459122 0.389496 0.460628
2 0.383848 0.504088 0.405497 0.501291 0.404179 0.513769 0.383283 0.516351
2 0.424699 0.484079 0.447477 0.481713 0.446913 0.494621 0.424134 0.496342
2 0.472327 0.467943 0.497176 0.463855 0.496988 0.477194 0.472703 0.481067
2 0.424134 0.437392 0.440889 0.436317 0.437688 0.448365 0.422816 0.450086
2 0.420934 0.546902 0.444465 0.545611 0.443712 0.55938 0.420369 0.560026
2 0.471386 0.540663 0.496047 0.536145 0.498117 0.550559 0.47195 0.554647
2 0.532003 0.530981 0.558735 0.532702 0.559676 0.548408 0.530309 0.545826
2 0.529367 0.620267 0.5593 0.622633 0.558735 0.63963 0.528614 0.637263
2 0.482869 0.615749 0.510354 0.613382 0.511107 0.630164 0.483057 0.6321
2 0.589797 0.525818 0.618035 0.523236 0.619541 0.537866 0.59055 0.541093
2 0.605422 0.606928 0.63686 0.607788 0.637801 0.624785 0.606739 0.624355
2 0.681476 0.604776 0.714797 0.600473 0.717997 0.618546 0.684488 0.622418
2 0.668298 0.51463 0.698983 0.511188 0.701996 0.527108 0.670934 0.529905
2 0.724774 0.604776 0.758095 0.597676 0.762989 0.615534 0.730422 0.622848
2 0.731175 0.505594 0.762801 0.501291 0.767319 0.517427 0.73494 0.521945
2 0.816453 0.494191 0.84262 0.488167 0.852221 0.493115 0.855986 0.502367 0.822854 0.511403
2 0.703878 0.39673 0.732681 0.391566 0.735881 0.405766 0.705572 0.409423
2 0.578878 0.452453 0.605233 0.449441 0.607116 0.462565 0.580196 0.466222
2 0.639872 0.449656 0.66811 0.447289 0.669616 0.461059 0.641002 0.46321
2 0.790098 0.408133 0.821913 0.397375 0.828878 0.412005 0.797628 0.422762
2 0.84375 0.589071 0.879518 0.584552 0.884036 0.603485 0.849209 0.607143
3 0.260354 0.636188 0.27052 0.635327 0.270896 0.63963 0.260542 0.640491
2 0.262613 0.627367 0.279744 0.626291 0.27805 0.634036 0.274285 0.64006 0.25866 0.641351
3 0.241905 0.614673 0.251883 0.613382 0.252071 0.61747 0.241905 0.618546
2 0.241529 0.607143 0.25866 0.605637 0.25753 0.61833 0.240211 0.619406
2 0.208208 0.538081 0.224586 0.533778 0.224021 0.545396 0.205949 0.549484
3 0.23814 0.478701 0.247176 0.479346 0.2468 0.482788 0.237387 0.482358
2 0.238517 0.472031 0.254706 0.472676 0.252447 0.484509 0.235693 0.483003
3 0.242658 0.511188 0.251506 0.509897 0.25113 0.514415 0.24134 0.515275
2 0.242846 0.505164 0.240211 0.515921 0.243976 0.515706 0.254142 0.513984 0.258471 0.512909 0.260354 0.504733 0.259601 0.503012
3 0.468185 0.434596 0.479669 0.431368 0.48061 0.435671 0.468374 0.437823
2 0.467432 0.428141 0.487387 0.422117 0.489081 0.43438 0.467809 0.438898
3 0.730798 0.194062 0.731739 0.196429 0.743223 0.193847 0.74247 0.191265 0.736258 0.192556
2 0.725527 0.190189 0.728351 0.19815 0.745294 0.193847 0.751694 0.191265 0.749247 0.18395 0.741529 0.186317 0.732304 0.188683
3 0.279932 0.322719 0.279367 0.325301 0.286333 0.323795 0.291416 0.322074 0.291604 0.319492 0.286333 0.321213 0.284827 0.321213 0.28238 0.322289
2 0.28012 0.319707 0.278991 0.325516 0.284262 0.324871 0.292169 0.322289 0.291792 0.31648 0.288215 0.31691 0.284827 0.318201 0.282756 0.318632
