1 0.06683 0.298408 0.065512 0.303787 0.074548 0.303141 0.086785 0.301205 0.094503 0.300344 0.095256 0.29475 0.081137 0.296687 0.073607 0.297547
1 0.062877 0.308305 0.061559 0.314114 0.072666 0.312608 0.090173 0.310026 0.091491 0.304647 0.075301 0.306799
1 0.060617 0.318201 0.059111 0.322935 0.085467 0.319707 0.087726 0.314114 0.071536 0.31648
1 0.074548 0.277324 0.073795 0.282272 0.103351 0.27883 0.104669 0.273021 0.089044 0.274957
0 0.078502 0.263984 0.07003 0.282702 0.115964 0.277539 0.126318 0.254733 0.100904 0.262048
0 0.068901 0.284208 0.049322 0.327883 0.099774 0.322074 0.10448 0.304217 0.111446 0.291093 0.114458 0.27969 0.089985 0.282057
1 0.258471 0.25667 0.257342 0.265706 0.278803 0.262048 0.313441 0.255379 0.314759 0.248494 0.286709 0.253227 0.271649 0.255594
0 0.256589 0.221816 0.258283 0.229991 0.258095 0.237737 0.256024 0.248924 0.252636 0.268718 0.314571 0.257315 0.320783 0.238382 0.321913 0.223537 0.324548 0.214071 0.301205 0.213855 0.280685 0.216437 0.26506 0.217943
1 0.512613 0.267212 0.513178 0.278614 0.552146 0.276033 0.551581 0.265491 0.53125 0.265275
0 0.478727 0.242685 0.481739 0.284423 0.558923 0.277539 0.549699 0.229131 0.526167 0.237737 0.51073 0.238597 0.494729 0.240103
1 0.685053 0.257745 0.687312 0.266781 0.719126 0.263984 0.755459 0.261403 0.7532 0.251936 0.722703 0.253227 0.699172 0.256239
0 0.673758 0.221386 0.684864 0.270869 0.76073 0.265706 0.747364 0.215792 0.71009 0.217943 0.689571 0.218804
5 0.232681 0.49333 0.231175 0.503657 0.285768 0.501291 0.287462 0.491824
4 0.209526 0.490103 0.206137 0.505379 0.287651 0.504518 0.289345 0.487737 0.227221 0.489243
5 0.200866 0.524096 0.197101 0.534208 0.251318 0.532702 0.253765 0.521945
4 0.178087 0.521299 0.173569 0.537651 0.252824 0.535284 0.255836 0.519363
5 0.37613 0.600688 0.375 0.612952 0.440136 0.613812 0.440136 0.600688
4 0.346762 0.595525 0.344503 0.61704 0.441265 0.617255 0.44183 0.596816 0.37387 0.595955
5 0.342997 0.635757 0.342244 0.643503 0.388178 0.644578 0.388742 0.634897
4 0.321348 0.631024 0.319842 0.64716 0.389684 0.645869 0.390248 0.631885 0.345256 0.630594
5 0.345256 0.68438 0.34488 0.693847 0.394014 0.694923 0.394955 0.685241
4 0.323983 0.678141 0.322289 0.695783 0.395331 0.69901 0.396273 0.682444
5 0.470444 0.660929 0.470444 0.66975 0.516566 0.670181 0.51619 0.660284
4 0.468938 0.654905 0.469126 0.673193 0.541039 0.673838 0.540474 0.654045
3 0.537086 0.476764 0.536521 0.482143 0.567018 0.484294 0.566642 0.478916 0.559864 0.47827
2 0.535392 0.466007 0.534827 0.482788 0.567771 0.48537 0.567583 0.468804 0.549699 0.467083
3 0.225904 0.58154 0.222139 0.58778 0.24567 0.597246 0.25113 0.590792
2 0.228163 0.569062 0.218938 0.587564 0.249059 0.599398 0.260166 0.58111
