3 0.288462 0.328205 0.310337 0.332051 0.309856 0.335256 0.28774 0.332372
2 0.2875 0.322436 0.311779 0.327244 0.310577 0.335897 0.308413 0.33782 0.285577 0.333654
3 0.512019 0.284295 0.523317 0.288462 0.522115 0.292628 0.509615 0.288141
2 0.511779 0.280128 0.533173 0.286218 0.528606 0.296154 0.508654 0.288782 0.510817 0.28109
3 0.533654 0.391026 0.547837 0.393269 0.547596 0.398077 0.533654 0.396154
2 0.532212 0.385577 0.55625 0.388462 0.55625 0.398397 0.532692 0.397756
3 0.271635 0.564423 0.28774 0.567628 0.287019 0.574359 0.269231 0.571474 0.270913 0.565064
2 0.271875 0.55641 0.300481 0.561538 0.298317 0.576282 0.267788 0.572436
3 0.330048 0.585256 0.346154 0.590385 0.344712 0.595513 0.328846 0.591026
2 0.330048 0.575641 0.358654 0.583333 0.353606 0.59968 0.326202 0.591346
3 0.465865 0.573718 0.488221 0.578846 0.487981 0.584295 0.465625 0.579167
2 0.462981 0.565385 0.490144 0.570192 0.489423 0.586218 0.462019 0.579808
