1 0.000941 0.151463 0.03012 0.135542 0.03012 0.141566 0.000941 0.156626
1 0.000377 0.162651 0.024285 0.151248 0.024849 0.156842 0.000188 0.168675
1 0.068336 0.124139 0.105045 0.11747 0.104669 0.123279 0.067206 0.131239
1 0.064571 0.133176 0.103351 0.124139 0.102974 0.130164 0.063441 0.137478
1 0.041039 0.182444 0.063065 0.178356 0.06137 0.184596 0.038404 0.188038
1 0.040286 0.191265 0.060053 0.187823 0.059864 0.195568 0.039345 0.19858
1 0.035768 0.203098 0.058358 0.197935 0.057605 0.202883 0.033509 0.207186
1 0.014119 0.240964 0.050828 0.230852 0.049511 0.238167 0.014684 0.247633 0.014307 0.243976
1 0.011483 0.252797 0.049134 0.24204 0.049887 0.249139 0.011295 0.259466
1 0.011295 0.26463 0.049134 0.253657 0.049699 0.260972 0.012425 0.271084
1 0.081514 0.226334 0.120858 0.217943 0.120105 0.225688 0.080384 0.232788
1 0.080008 0.237952 0.118976 0.229991 0.119164 0.237522 0.080196 0.244406
1 0.078502 0.25043 0.119352 0.242685 0.118035 0.249355 0.078313 0.2571
1 0.106551 0.167599 0.1282 0.164157 0.127259 0.170611 0.104104 0.173623
1 0.102786 0.178356 0.125565 0.174053 0.125377 0.181583 0.102033 0.184811
1 0.085279 0.190835 0.124435 0.184811 0.121611 0.189974 0.084149 0.196429
0 0.000753 0.138124 0.02259 0.126936 0.05177 0.114673 0.046498 0.123279 0.045557 0.160929 0.000188 0.172978
0 0.025791 0.170181 0.069089 0.162651 0.084149 0.158133 0.082455 0.174268 0.072666 0.203313 0.013554 0.215792 0.022026 0.189329 0.025602 0.183305
0 0.011483 0.223752 0.03558 0.218589 0.041039 0.218804 0.073419 0.210198 0.068712 0.231282 0.069277 0.261618 0.005836 0.27883 0.007342 0.259897 0.010542 0.23537
0 0.068524 0.1108 0.085843 0.106067 0.125753 0.099828 0.123117 0.1179 0.119917 0.14006 0.057229 0.152324 0.059676 0.135112 0.064006 0.130379 0.066642 0.111661
0 0.089797 0.156196 0.120105 0.151893 0.151355 0.147806 0.149849 0.158778 0.142884 0.178571 0.141002 0.192986 0.07869 0.202238 0.084902 0.17685 0.087914 0.172332 0.088667 0.16222
0 0.078313 0.210843 0.13686 0.19858 0.144767 0.197504 0.139119 0.225258 0.137989 0.250861 0.071724 0.261833 0.074925 0.235155 0.077748 0.216867
1 0.297252 0.100043 0.32003 0.094234 0.320971 0.102194 0.298193 0.108003
1 0.295934 0.113597 0.320783 0.107358 0.320783 0.114673 0.295934 0.121127
1 0.29631 0.12543 0.319654 0.117255 0.319277 0.124355 0.295746 0.1321
1 0.302523 0.157917 0.328878 0.151463 0.329819 0.162866 0.302523 0.166954
1 0.285392 0.173623 0.330949 0.165663 0.330572 0.174484 0.285956 0.18309
1 0.286145 0.186747 0.330008 0.178356 0.330572 0.187823 0.286709 0.194492
1 0.371047 0.140706 0.419804 0.134251 0.420181 0.141781 0.371423 0.148236
1 0.373494 0.153184 0.420369 0.146084 0.420557 0.155551 0.37387 0.16136
1 0.391378 0.081325 0.41491 0.077883 0.417169 0.085628 0.390625 0.08864
1 0.388931 0.092513 0.415663 0.088425 0.41698 0.09574 0.389119 0.100904
1 0.389119 0.104131 0.416792 0.099828 0.418298 0.108219 0.39006 0.111661
0 0.275038 0.086704 0.340926 0.070568 0.341491 0.093589 0.341303 0.124355 0.310806 0.130809 0.297252 0.137048 0.274849 0.143933 0.275038 0.114673
0 0.279932 0.143287 0.294804 0.13963 0.328125 0.130164 0.348833 0.123064 0.353727 0.154045 0.352974 0.187608 0.308547 0.198365 0.280685 0.201592 0.280309 0.19148
0 0.365964 0.121558 0.44183 0.111876 0.444842 0.171041 0.367658 0.179862
0 0.36634 0.068417 0.393825 0.06605 0.423569 0.058735 0.43637 0.055723 0.44183 0.111446 0.367093 0.120052
1 0.596009 0.063038 0.621611 0.060671 0.622553 0.067986 0.595068 0.070568 0.594503 0.063683
1 0.597327 0.07401 0.62387 0.070568 0.624812 0.078744 0.597327 0.081325
1 0.596762 0.085843 0.626694 0.082401 0.627824 0.091007 0.598645 0.092513
1 0.587914 0.128657 0.634224 0.125861 0.635354 0.133391 0.588291 0.136618
1 0.591303 0.141566 0.636483 0.138124 0.637801 0.145439 0.592432 0.148666
1 0.591303 0.151678 0.638931 0.148451 0.64119 0.156411 0.593938 0.159423
1 0.680346 0.124139 0.725527 0.121988 0.726468 0.129518 0.681664 0.130594
1 0.681288 0.134251 0.727974 0.134036 0.728916 0.140275 0.682982 0.139845
1 0.686747 0.144793 0.730422 0.144578 0.732492 0.151893 0.688253 0.152108
1 0.681288 0.063038 0.708773 0.061962 0.710655 0.068632 0.683735 0.069277
1 0.688065 0.072719 0.711408 0.071859 0.713102 0.080034 0.690136 0.081325
1 0.672252 0.086704 0.713667 0.085198 0.71442 0.093804 0.673381 0.095095
1 0.668675 0.017642 0.69503 0.016566 0.69616 0.022806 0.670181 0.023666 0.669051 0.018287
1 0.675264 0.027539 0.697666 0.026248 0.69936 0.032057 0.676958 0.034208
1 0.748306 0.064759 0.785203 0.065189 0.787651 0.071859 0.750941 0.071859
1 0.751883 0.075732 0.789533 0.075301 0.790851 0.083046 0.753577 0.083692
1 0.753577 0.08778 0.79311 0.086274 0.794239 0.094664 0.754142 0.095525
1 0.766378 0.120697 0.806476 0.11833 0.808735 0.126076 0.767696 0.128442 0.766002 0.121558
1 0.768825 0.1321 0.8093 0.130164 0.811935 0.137478 0.771084 0.139415
0 0.567018 0.053141 0.603916 0.048623 0.633283 0.046256 0.637801 0.039802 0.648908 0.091867 0.64439 0.095095 0.576431 0.098967 0.569277 0.064544
0 0.57869 0.112091 0.653426 0.107573 0.662274 0.143287 0.666039 0.158563 0.619541 0.162005 0.587914 0.163941
0 0.669239 0.107788 0.741529 0.106928 0.755459 0.157272 0.682417 0.157702
0 0.665663 0.095525 0.663215 0.077453 0.655685 0.049914 0.725339 0.047547 0.735693 0.082616 0.737387 0.098322 0.666227 0.100688
0 0.653238 0.040448 0.644014 0.009251 0.641943 0.001291 0.708584 0.00043 0.720444 0.037651
0 0.735881 0.050129 0.759977 0.048623 0.799887 0.05142 0.814571 0.099828 0.748682 0.100473 0.744352 0.076592 0.73814 0.059165
0 0.754895 0.104131 0.804782 0.105852 0.82003 0.104346 0.829066 0.125861 0.836408 0.151893 0.836596 0.155766 0.769202 0.155551 0.76619 0.146084 0.76186 0.138339 0.757907 0.113597
1 0.07003 0.488812 0.083961 0.487522 0.083396 0.493546 0.069654 0.494836
0 0.068336 0.481067 0.090738 0.479131 0.091303 0.493546 0.06683 0.495482
1 0.077184 0.421041 0.09375 0.420396 0.093373 0.42642 0.07756 0.42685
0 0.076242 0.412866 0.099962 0.412005 0.098833 0.427065 0.075866 0.428141
1 0.371988 0.447074 0.396837 0.444707 0.397402 0.449656 0.3718 0.452883
0 0.368788 0.438038 0.397779 0.435456 0.400226 0.451807 0.369541 0.453313
1 0.365964 0.515491 0.391566 0.511403 0.392696 0.517857 0.365399 0.52216
0 0.363328 0.5071 0.392319 0.502367 0.394202 0.518072 0.364458 0.523666
1 0.489458 0.502367 0.514684 0.498279 0.515437 0.504518 0.490776 0.508176
0 0.485504 0.493115 0.514872 0.489028 0.516754 0.506024 0.487575 0.509682
1 0.490023 0.459768 0.514684 0.458692 0.514872 0.465577 0.489646 0.466867
0 0.485504 0.450947 0.51506 0.449656 0.51619 0.465792 0.516378 0.466652 0.487011 0.467728
1 0.827372 0.354561 0.849021 0.351334 0.850715 0.357788 0.829254 0.360155
0 0.823795 0.346816 0.848456 0.342513 0.852221 0.359079 0.828502 0.362306
1 0.856175 0.441265 0.878765 0.438468 0.87933 0.442771 0.878389 0.445568 0.857116 0.446644
0 0.852598 0.432229 0.878012 0.429432 0.882342 0.449656 0.856928 0.451377
1 0.903426 0.492255 0.924511 0.483219 0.927146 0.489458 0.905685 0.497203
0 0.899661 0.483003 0.923193 0.474398 0.927711 0.490318 0.904932 0.498494
