8 0.434676 0.387478 0.434676 0.41179 0.434864 0.413081 0.467056 0.414157 0.467809 0.389415
8 0.432982 0.414157 0.432982 0.438468 0.450489 0.439544 0.465173 0.440404 0.466114 0.416093
8 0.434864 0.440189 0.434676 0.462995 0.451619 0.463855 0.467432 0.464071 0.467809 0.44148
8 0.482304 0.356282 0.482304 0.380594 0.482304 0.381885 0.516002 0.383391 0.516943 0.357573
8 0.480233 0.393933 0.479104 0.417814 0.511672 0.419966 0.513178 0.395009
8 0.47948 0.430508 0.479292 0.452883 0.511483 0.454819 0.512425 0.431799
8 0.524285 0.395439 0.523155 0.41889 0.557417 0.420611 0.558735 0.39716
8 0.526167 0.358003 0.525038 0.381454 0.559111 0.383176 0.560429 0.359725
8 0.522026 0.432014 0.520896 0.45568 0.553276 0.457831 0.554782 0.43352
8 0.563441 0.39716 0.5625 0.421687 0.597139 0.421472 0.59808 0.398236
8 0.565889 0.432229 0.565889 0.45568 0.598268 0.453313 0.598268 0.431583
8 0.605986 0.399527 0.605233 0.422978 0.637425 0.423623 0.637613 0.399742
8 0.603539 0.435241 0.603539 0.458477 0.635919 0.458046 0.636295 0.43438
8 0.653238 0.362952 0.65192 0.386833 0.685053 0.387909 0.68637 0.363812
8 0.64439 0.39673 0.643072 0.420611 0.676205 0.423193 0.677899 0.398881
8 0.64439 0.434165 0.643637 0.457186 0.675075 0.458046 0.675264 0.436317
8 0.693524 0.399742 0.692583 0.422762 0.725527 0.423838 0.726468 0.401248
8 0.687124 0.436102 0.686182 0.459122 0.717432 0.459337 0.718562 0.437177
8 0.692959 0.362737 0.692018 0.385757 0.725151 0.386833 0.725904 0.364243
8 0.73381 0.364458 0.732869 0.387694 0.765813 0.388769 0.766754 0.366179
8 0.722703 0.335198 0.722327 0.361661 0.755083 0.363597 0.755836 0.336704
8 0.663027 0.334337 0.662462 0.3608 0.695407 0.362737 0.695971 0.336059
8 0.605986 0.369621 0.605422 0.396084 0.638178 0.398021 0.638931 0.371342
8 0.381777 0.392857 0.381777 0.417169 0.397779 0.418244 0.414157 0.419535 0.41491 0.394578
8 0.384036 0.430293 0.38366 0.448795 0.399661 0.449871 0.416039 0.451162 0.416039 0.432229
8 0.334149 0.393718 0.335467 0.415232 0.366717 0.414372 0.365776 0.391566 0.334149 0.392212
8 0.333208 0.431583 0.334526 0.452883 0.365776 0.452022 0.364834 0.429432 0.333208 0.429862
8 0.290286 0.402969 0.29198 0.423408 0.32116 0.420611 0.319089 0.398021 0.290286 0.401248
8 0.249812 0.413081 0.251506 0.43352 0.279744 0.43309 0.278614 0.409854 0.249812 0.411575
8 0.249059 0.380594 0.250565 0.401033 0.28012 0.399957 0.27805 0.376076 0.249059 0.378873
8 0.283133 0.36747 0.285015 0.387048 0.314571 0.384251 0.312312 0.362952 0.283133 0.365964
8 0.208584 0.385757 0.210279 0.406411 0.238517 0.40426 0.237387 0.382745 0.208584 0.384251
8 0.209902 0.364888 0.211596 0.383176 0.239834 0.381239 0.237764 0.361661 0.218562 0.363597
8 0.17131 0.397806 0.173005 0.416308 0.201995 0.416738 0.201431 0.396299 0.17131 0.396299
8 0.172628 0.43309 0.174322 0.451592 0.203313 0.452022 0.202748 0.431368 0.172628 0.431368
8 0.087161 0.398451 0.088479 0.41889 0.114458 0.41889 0.112952 0.39716 0.087161 0.396945
8 0.04631 0.406411 0.047628 0.426635 0.073795 0.422332 0.071724 0.401463 0.04631 0.404905
8 0.019955 0.436962 0.021084 0.454604 0.046498 0.454604 0.045181 0.434596 0.019955 0.435456
8 0.012989 0.406842 0.014307 0.427065 0.040474 0.425774 0.038027 0.404475 0.012989 0.405336
8 0.006965 0.374355 0.008283 0.394578 0.032944 0.393072 0.030873 0.371558 0.006965 0.372849
8 0.003577 0.342728 0.004895 0.362952 0.028614 0.361016 0.02692 0.339931 0.003577 0.341222
8 0.00113 0.309811 0.002447 0.329819 0.025791 0.327453 0.023343 0.305938 0.00113 0.30809
8 0.041792 0.377797 0.043298 0.397806 0.068336 0.391136 0.065324 0.370482 0.041792 0.376076
8 0.054405 0.438253 0.059111 0.445568 0.060053 0.454819 0.080196 0.453528 0.075678 0.433305 0.062312 0.435026 0.054405 0.436747
8 0.332078 0.357573 0.333396 0.379088 0.364646 0.378227 0.363705 0.355422 0.332078 0.356067
8 0.776544 0.330895 0.775602 0.353916 0.808735 0.355207 0.809488 0.332401
8 0.776355 0.355207 0.775226 0.378227 0.808358 0.379303 0.8093 0.356713
8 0.774096 0.391136 0.773155 0.414157 0.806099 0.415232 0.807041 0.392642
8 0.769955 0.414587 0.769014 0.437608 0.801958 0.438683 0.802899 0.416093
8 0.768449 0.438468 0.767508 0.461704 0.800452 0.46278 0.801393 0.440189
8 0.806664 0.439974 0.805723 0.462995 0.838855 0.464071 0.839608 0.44148
8 0.80817 0.407057 0.807229 0.430077 0.840361 0.431368 0.841114 0.408778
8 0.858246 0.348752 0.857304 0.371773 0.890437 0.372849 0.89119 0.350258
8 0.852786 0.375215 0.851845 0.398236 0.884977 0.399527 0.88573 0.376936
8 0.85448 0.414157 0.853539 0.437177 0.886672 0.438253 0.887425 0.415663
8 0.847703 0.451162 0.846762 0.474398 0.879706 0.475473 0.880648 0.452883
8 0.69503 0.068417 0.693336 0.093589 0.728539 0.097892 0.730233 0.072504
8 0.69503 0.09531 0.693336 0.11747 0.72741 0.120267 0.729104 0.098967
8 0.689947 0.129948 0.688065 0.155766 0.722703 0.158563 0.724021 0.133606
8 0.729669 0.137909 0.728539 0.161145 0.763366 0.162435 0.764496 0.138985
8 0.647402 0.093804 0.646273 0.11704 0.681099 0.11833 0.682229 0.09488
8 0.643825 0.135112 0.642696 0.158348 0.677523 0.159854 0.678464 0.136403
8 0.64119 0.170396 0.640437 0.197935 0.675075 0.19815 0.675828 0.171472
8 0.686747 0.168675 0.685806 0.196429 0.720633 0.196644 0.721386 0.169966
8 0.544239 0.132315 0.54631 0.157702 0.579066 0.155336 0.579066 0.131885
8 0.544051 0.171472 0.542545 0.194277 0.576431 0.197719 0.578878 0.170826
8 0.495482 0.170396 0.494541 0.194062 0.528803 0.194062 0.529179 0.171256
8 0.452748 0.174268 0.451807 0.197719 0.485881 0.197719 0.486446 0.174914
8 0.450489 0.137263 0.449548 0.160714 0.483434 0.16179 0.484187 0.138124
8 0.496235 0.1321 0.495294 0.155551 0.528991 0.156411 0.529744 0.132745
8 0.453313 0.10284 0.452372 0.126291 0.486258 0.127367 0.486822 0.103701
8 0.410956 0.082831 0.409639 0.105637 0.443712 0.108003 0.444465 0.083477
8 0.409074 0.106067 0.407568 0.129733 0.440889 0.133606 0.442395 0.108864
8 0.409639 0.144793 0.408886 0.16889 0.442018 0.170396 0.442583 0.144793
8 0.407003 0.177496 0.406438 0.201592 0.439571 0.203098 0.440512 0.179647
8 0.365964 0.095095 0.366717 0.118115 0.398908 0.115964 0.399473 0.092298
8 0.321913 0.140921 0.323042 0.166738 0.355233 0.167169 0.355986 0.138769
8 0.36634 0.127367 0.365964 0.150602 0.399849 0.152324 0.400414 0.127582
8 0.320971 0.099182 0.321913 0.123279 0.355045 0.120912 0.354669 0.097246
8 0.365964 0.164587 0.365587 0.187608 0.399849 0.186962 0.399661 0.164157
8 0.363517 0.188253 0.363517 0.209552 0.396837 0.209122 0.397214 0.187608
8 0.322854 0.174053 0.322854 0.195353 0.356175 0.194923 0.356551 0.173408
8 0.279179 0.177065 0.279367 0.198365 0.3125 0.197719 0.312876 0.175344
8 0.272967 0.137909 0.27372 0.162005 0.306476 0.159854 0.306476 0.136188
8 0.275226 0.100688 0.276167 0.125 0.3093 0.122633 0.308923 0.098967
8 0.232681 0.106067 0.232869 0.127797 0.265437 0.126076 0.265248 0.104346
8 0.236258 0.14006 0.236446 0.16179 0.269014 0.162005 0.269014 0.138339
8 0.234752 0.177065 0.23494 0.19901 0.267508 0.199225 0.267319 0.175559
8 0.185429 0.181583 0.185617 0.203528 0.218374 0.203744 0.218185 0.180077
8 0.146273 0.186532 0.146461 0.208262 0.178087 0.208046 0.177334 0.185241
8 0.102033 0.186962 0.102221 0.208907 0.133848 0.208477 0.133095 0.185671
8 0.06137 0.191265 0.061559 0.212995 0.093185 0.21278 0.092432 0.189974
8 0.025226 0.194923 0.025414 0.216652 0.057041 0.216437 0.056288 0.193632
8 0.062688 0.160284 0.062877 0.182229 0.094503 0.182014 0.09375 0.159208
8 0.060429 0.121343 0.060617 0.143072 0.091679 0.143072 0.091491 0.121127
8 0.104292 0.119406 0.10448 0.141351 0.135542 0.141351 0.135166 0.117685
8 0.143072 0.113382 0.144578 0.137478 0.174322 0.135327 0.173758 0.111661
8 0.143449 0.150602 0.142884 0.171472 0.172252 0.172332 0.173758 0.151893
8 0.183923 0.109294 0.183547 0.131885 0.214232 0.132315 0.214608 0.107573
8 0.184111 0.143072 0.1843 0.165448 0.212726 0.164802 0.213291 0.143072
8 0.025791 0.112306 0.025979 0.134036 0.052711 0.13296 0.052146 0.111446
8 0.026544 0.136833 0.026732 0.158563 0.053464 0.157487 0.053087 0.135972
8 0.027673 0.161145 0.027861 0.182874 0.054593 0.181799 0.054029 0.160284
8 0.497176 0.095095 0.496235 0.118546 0.53012 0.119406 0.530685 0.09574
8 0.447289 0.077022 0.446348 0.100473 0.480233 0.101549 0.480986 0.077883
8 0.545557 0.096386 0.544428 0.122203 0.57869 0.123494 0.579443 0.100688
8 0.606551 0.089501 0.600904 0.104131 0.632342 0.120697 0.640248 0.099398 0.608622 0.082831
8 0.890813 0.148236 0.888931 0.17685 0.918486 0.180723 0.919992 0.152539
8 0.922063 0.151678 0.918863 0.188683 0.950301 0.192556 0.951242 0.155766
8 0.665851 0.293244 0.665851 0.322504 0.700678 0.323365 0.700301 0.293244
8 0.719503 0.299484 0.719691 0.326377 0.754518 0.327238 0.755083 0.298838
