1 0.732452 0.586859 0.736058 0.601603 0.773798 0.604167 0.772596 0.589744
0 0.674038 0.5375 0.686058 0.5625 0.69976 0.604808 0.710577 0.607692 0.778846 0.612179 0.782933 0.610897 0.775721 0.58782 0.760817 0.559936 0.755529 0.544231 0.740625 0.541026
3 0.45625 0.502564 0.45625 0.50641 0.48101 0.509295 0.480529 0.505128
2 0.453846 0.494231 0.453606 0.5 0.454567 0.507692 0.482212 0.510897 0.479808 0.496474
3 0.394231 0.475641 0.394231 0.479487 0.410096 0.480449 0.409615 0.476603
2 0.392788 0.46891 0.392548 0.480449 0.414904 0.483974 0.413942 0.470833
3 0.309856 0.481731 0.311058 0.485577 0.322596 0.483974 0.333413 0.483333 0.333173 0.479808 0.317308 0.480449
2 0.304567 0.47468 0.308413 0.486859 0.335817 0.484295 0.335577 0.470833 0.328606 0.469231 0.326683 0.470833 0.305048 0.474038
3 0.13125 0.821795 0.13149 0.829808 0.16851 0.822436 0.171154 0.819872 0.170673 0.814423 0.149038 0.817949
2 0.127163 0.807692 0.126923 0.831731 0.168269 0.82468 0.173077 0.819872 0.171635 0.799359
3 0.237981 0.764103 0.237981 0.771474 0.259615 0.769872 0.259375 0.7625
2 0.236058 0.751923 0.235817 0.773718 0.277885 0.771154 0.277163 0.748718
3 0.289663 0.770833 0.289904 0.777885 0.325481 0.772756 0.32524 0.766026
2 0.285817 0.75609 0.286298 0.779808 0.326923 0.774038 0.325 0.751603
3 0.416827 0.75641 0.416827 0.764103 0.43726 0.766346 0.437019 0.758974
2 0.414663 0.74359 0.414904 0.765385 0.451683 0.76859 0.450481 0.747115
3 0.491106 0.783654 0.492308 0.790705 0.523317 0.786538 0.521875 0.780128
2 0.484135 0.771474 0.488702 0.79359 0.52476 0.788462 0.519471 0.766667
3 0.626202 0.770833 0.627644 0.776923 0.655529 0.775962 0.654327 0.769551 0.635336 0.770192
2 0.621154 0.758654 0.625721 0.779487 0.657692 0.777564 0.651683 0.758333
7 0.397356 0.791667 0.405769 0.825962 0.425481 0.816346 0.413702 0.785897
6 0.396154 0.790705 0.405288 0.827564 0.427163 0.816667 0.413942 0.784615
5 0.117308 0.567308 0.117308 0.57468 0.160577 0.575641 0.160817 0.567949
4 0.172837 0.566987 0.171875 0.578846 0.228125 0.579487 0.229327 0.569551
5 0.186779 0.570513 0.186298 0.577244 0.226923 0.577564 0.228365 0.570833
4 0.105288 0.566026 0.104087 0.575641 0.162019 0.576923 0.162019 0.566987
4 0.121394 0.485256 0.120673 0.494231 0.174279 0.497115 0.174279 0.490064
5 0.134615 0.488782 0.134135 0.49359 0.173317 0.496474 0.173317 0.491026
4 0.179808 0.491026 0.179087 0.50032 0.231731 0.501603 0.232212 0.494872
5 0.193029 0.494231 0.192788 0.499679 0.23125 0.500962 0.23125 0.496154
4 0.239423 0.49359 0.238942 0.501282 0.289183 0.502564 0.289904 0.496154
5 0.251683 0.495833 0.251202 0.500641 0.288462 0.501603 0.288942 0.497115
4 0.29976 0.491026 0.29976 0.499038 0.347837 0.5 0.347837 0.493269
5 0.311298 0.49359 0.311058 0.498397 0.346875 0.499038 0.346875 0.494231
4 0.144471 0.298077 0.14399 0.304487 0.187019 0.307051 0.186779 0.301923
5 0.153606 0.30032 0.153606 0.304167 0.186298 0.30609 0.186298 0.302885
4 0.194231 0.305769 0.194471 0.311538 0.238462 0.315705 0.238942 0.310256
5 0.20601 0.308333 0.205769 0.311538 0.23774 0.315064 0.2375 0.311538
4 0.247356 0.319551 0.247115 0.325641 0.2875 0.332051 0.2875 0.327244
5 0.257212 0.323077 0.257212 0.326603 0.286779 0.33109 0.287019 0.327564
4 0.244952 0.369872 0.244712 0.377244 0.289423 0.382051 0.290144 0.375962
5 0.255769 0.373077 0.255769 0.377244 0.288221 0.380128 0.288221 0.376603
4 0.191827 0.359936 0.191106 0.366026 0.23726 0.370513 0.23774 0.365064
5 0.202885 0.3625 0.202885 0.366026 0.236298 0.369551 0.236538 0.365705
4 0.141106 0.351603 0.140385 0.358974 0.186298 0.363462 0.18726 0.357692
5 0.151923 0.355128 0.151683 0.359295 0.185577 0.3625 0.186058 0.358974
4 0.235817 0.56891 0.235337 0.580449 0.289904 0.578526 0.289423 0.569231
5 0.248558 0.572115 0.248798 0.578205 0.288942 0.577244 0.288702 0.571795
4 0.299038 0.569231 0.299038 0.578846 0.351442 0.577244 0.350481 0.570513
5 0.311779 0.571474 0.312019 0.576603 0.35024 0.576282 0.35 0.571154
4 0.1875 0.423077 0.186779 0.430128 0.235817 0.433654 0.236298 0.428205
5 0.198558 0.425641 0.198317 0.430449 0.235096 0.433013 0.235577 0.428846
4 0.131971 0.415064 0.131731 0.422756 0.181731 0.427244 0.18149 0.420513
5 0.14399 0.41859 0.14399 0.423077 0.18101 0.425641 0.18125 0.421154
4 0.24399 0.428526 0.24399 0.435897 0.290865 0.439423 0.290625 0.433013
5 0.255288 0.43141 0.255288 0.436218 0.290144 0.438462 0.290144 0.434295
4 0.830529 0.503526 0.836538 0.514103 0.859135 0.464103 0.853846 0.458333
5 0.838702 0.491346 0.842067 0.495513 0.857933 0.464103 0.853846 0.460256
