1 0.03125 0.314544 0.066642 0.313038 0.0625 0.321429 0.026732 0.321644
0 0.029744 0.288726 0.092244 0.283133 0.064947 0.327238 0.000565 0.328959
1 0.290851 0.263554 0.324736 0.255809 0.345068 0.254088 0.343938 0.262478 0.289345 0.27259
0 0.294051 0.238597 0.356551 0.226549 0.349962 0.266351 0.283886 0.277324 0.294239 0.239888
1 0.710279 0.208262 0.735504 0.207831 0.737011 0.21321 0.712726 0.21364
1 0.714232 0.216222 0.738705 0.216007 0.740023 0.22117 0.716114 0.222246
1 0.719503 0.223537 0.741152 0.223322 0.743223 0.228485 0.720633 0.22827
1 0.719691 0.232143 0.744917 0.231928 0.747553 0.236876 0.721386 0.237306
1 0.70689 0.238382 0.728916 0.240318 0.749059 0.239673 0.749624 0.245267 0.708208 0.243761
1 0.709149 0.245912 0.732304 0.247633 0.752824 0.247203 0.753012 0.252582 0.711596 0.252797
1 0.713102 0.256239 0.73494 0.25753 0.747553 0.25796 0.756965 0.258391 0.758283 0.263124 0.731551 0.261188 0.714797 0.260757
1 0.717056 0.2642 0.745105 0.264845 0.761672 0.265275 0.762989 0.27173 0.718374 0.269578
1 0.721197 0.275387 0.762801 0.275818 0.763742 0.282917 0.721386 0.281842
1 0.724774 0.289372 0.750753 0.290878 0.764872 0.290878 0.766754 0.296687 0.72628 0.296256
1 0.725715 0.300129 0.768637 0.301205 0.769578 0.307444 0.727598 0.305938
1 0.730233 0.310671 0.771273 0.312177 0.77372 0.318417 0.731363 0.317771
0 0.688253 0.197504 0.748494 0.197935 0.782944 0.26463 0.800264 0.324226 0.724962 0.32315 0.693901 0.215792
3 0.067206 0.47784 0.079255 0.477625 0.077937 0.482788 0.064947 0.482143
2 0.068336 0.470525 0.088479 0.46988 0.085279 0.483434 0.064006 0.483219
3 0.018637 0.579174 0.031438 0.578744 0.030685 0.584552 0.016378 0.584983
2 0.020143 0.570568 0.041227 0.569492 0.038215 0.585413 0.015248 0.585628
3 0.015625 0.490964 0.025791 0.490318 0.025602 0.494836 0.014307 0.496127
2 0.016002 0.485155 0.032568 0.483003 0.029179 0.495912 0.01186 0.497849
3 0.146837 0.465146 0.167169 0.468158 0.165286 0.472461 0.144767 0.469664
2 0.14759 0.458262 0.17131 0.460413 0.165474 0.473752 0.142508 0.470525
3 0.182417 0.47827 0.202184 0.482143 0.199925 0.486661 0.181099 0.481713
2 0.184676 0.467943 0.206514 0.473322 0.200113 0.487952 0.177899 0.481497
3 0.10448 0.579604 0.119541 0.58111 0.118411 0.587349 0.102974 0.586058
2 0.106739 0.569923 0.130271 0.57315 0.127071 0.587134 0.12613 0.589071 0.101468 0.586919
3 0.156438 0.551205 0.170369 0.554217 0.169051 0.559165 0.154744 0.556799
2 0.158697 0.542384 0.181476 0.545396 0.176581 0.562392 0.151732 0.558305
3 0.538215 0.552496 0.567395 0.549914 0.568336 0.557014 0.53878 0.558305
2 0.53445 0.542169 0.568524 0.539802 0.570218 0.55852 0.537086 0.560456
5 0.760166 0.563683 0.790286 0.562392 0.791604 0.569492 0.76073 0.570138
4 0.758095 0.560671 0.791416 0.559811 0.79311 0.571859 0.759224 0.570783
3 0.814006 0.569707 0.841867 0.568201 0.843938 0.574656 0.81683 0.575516
2 0.809864 0.560026 0.839985 0.559165 0.845444 0.576592 0.814383 0.577883
3 0.832267 0.471386 0.846197 0.469234 0.84808 0.473752 0.83302 0.476549 0.831325 0.472031
2 0.827748 0.464071 0.84695 0.461489 0.853539 0.474828 0.831514 0.478055 0.826807 0.463855
3 0.860504 0.552281 0.87613 0.55185 0.877824 0.557659 0.861634 0.55809
2 0.856363 0.542384 0.884413 0.541738 0.889684 0.559165 0.85994 0.561317
