3 0.453502 0.68395 0.479292 0.685026 0.479292 0.69105 0.453125 0.689759
3 0.452184 0.745697 0.478727 0.747418 0.478727 0.753657 0.451807 0.751506
2 0.451242 0.673838 0.450678 0.691265 0.480422 0.692341 0.48061 0.674914
2 0.450489 0.73494 0.449172 0.753657 0.479669 0.755379 0.47948 0.737091
3 0.669428 0.732788 0.693524 0.732358 0.693901 0.738382 0.669804 0.738597
3 0.674134 0.783348 0.698419 0.782917 0.698983 0.789372 0.674322 0.789802
2 0.666416 0.723967 0.667357 0.740318 0.695595 0.740103 0.694277 0.723752
2 0.670934 0.773666 0.672252 0.791093 0.701431 0.790232 0.700113 0.773451 0.672063 0.773881
3 0.718938 0.761833 0.734375 0.761833 0.73494 0.767427 0.719126 0.767642
3 0.753012 0.704604 0.77692 0.706971 0.777297 0.712564 0.753577 0.709768
3 0.758095 0.771515 0.783697 0.769793 0.784639 0.776033 0.75866 0.777539
3 0.809111 0.765275 0.834149 0.767427 0.834714 0.773021 0.810053 0.77173
3 0.80497 0.695568 0.82003 0.693632 0.821348 0.699226 0.806288 0.701162
3 0.829631 0.649742 0.851468 0.650602 0.851845 0.655551 0.830196 0.65512
3 0.838291 0.703098 0.861069 0.704819 0.862011 0.710413 0.838855 0.708692
3 0.753577 0.533563 0.775038 0.536145 0.775414 0.540878 0.753577 0.537866
3 0.823983 0.517427 0.843374 0.511618 0.845256 0.516566 0.826054 0.521299
3 0.777297 0.390491 0.795746 0.392427 0.796498 0.395654 0.77805 0.393503
3 0.830008 0.398451 0.848268 0.399527 0.849021 0.402754 0.831137 0.401463 0.830384 0.398666
3 0.346009 0.546041 0.368976 0.546902 0.368976 0.55185 0.346009 0.55099
3 0.334526 0.393287 0.353916 0.394148 0.353539 0.397806 0.334526 0.39673
3 0.236634 0.389845 0.254895 0.388124 0.254706 0.391566 0.236446 0.393072
3 0.185053 0.367255 0.200678 0.365103 0.200866 0.368115 0.184488 0.370052 0.1843 0.367685
3 0.162462 0.512048 0.174699 0.512478 0.174322 0.516566 0.161898 0.516351
3 0.07116 0.506885 0.08189 0.5071 0.081325 0.511618 0.070407 0.511188
3 0.1218 0.71321 0.143825 0.714716 0.142884 0.720955 0.121235 0.718804
3 0.134413 0.665017 0.154556 0.669966 0.153238 0.67599 0.133283 0.671256 0.133848 0.666954
3 0.166039 0.690835 0.178652 0.694923 0.177146 0.699871 0.16378 0.696859
2 0.183358 0.363167 0.182605 0.372203 0.201995 0.369621 0.202184 0.35994
2 0.235881 0.384466 0.23494 0.394363 0.255083 0.392857 0.256212 0.383391
2 0.333961 0.387909 0.33189 0.398236 0.354104 0.399312 0.355233 0.388769
2 0.775038 0.384682 0.776355 0.395224 0.797816 0.396299 0.794992 0.386188
2 0.826996 0.391566 0.829631 0.402754 0.849962 0.40426 0.847703 0.393718
2 0.749435 0.525172 0.752071 0.539587 0.776544 0.542599 0.774661 0.528399 0.750188 0.524742
2 0.818901 0.510327 0.824925 0.523881 0.84695 0.517642 0.840173 0.504948
2 0.749435 0.694062 0.75 0.712134 0.752259 0.711489 0.752636 0.714286 0.778426 0.714716 0.776167 0.696213
2 0.803087 0.687823 0.821536 0.685241 0.825301 0.699656 0.805723 0.702453 0.802146 0.688253
2 0.82756 0.642427 0.829819 0.656626 0.853351 0.657272 0.850339 0.642642
2 0.836596 0.695353 0.838102 0.710413 0.863517 0.712134 0.861069 0.696644 0.836785 0.694492
2 0.806288 0.755809 0.808358 0.773021 0.835467 0.774312 0.83302 0.755809
2 0.75433 0.762048 0.756965 0.779045 0.785392 0.777324 0.782568 0.759897 0.75433 0.760972
2 0.717244 0.753012 0.718374 0.769578 0.740587 0.767857 0.737952 0.752582
2 0.136107 0.654905 0.130459 0.672117 0.158321 0.678356 0.163592 0.659423
2 0.122553 0.704604 0.11747 0.719664 0.14439 0.724398 0.149473 0.709122
2 0.166227 0.682444 0.161709 0.697504 0.182794 0.703528 0.188818 0.688468
2 0.072289 0.500645 0.067771 0.512048 0.085655 0.513124 0.090738 0.501076
2 0.17997 0.506454 0.177146 0.517642 0.160392 0.516997 0.164157 0.506239
2 0.344503 0.53722 0.343562 0.552281 0.369541 0.553787 0.369352 0.539802
