1 0.049887 0.14759 0.099962 0.136833 0.098456 0.144793 0.048381 0.156196
1 0.015248 0.297117 0.060241 0.280766 0.0593 0.291954 0.015437 0.307229
1 0.402861 0.211274 0.477786 0.204604 0.478163 0.215577 0.402485 0.221816 0.401732 0.211704
1 0.674887 0.083907 0.704443 0.083692 0.712161 0.082616 0.733057 0.079389 0.735316 0.08778 0.709714 0.091222 0.676581 0.091652
1 0.726845 0.206325 0.758095 0.20525 0.794992 0.207616 0.797063 0.216867 0.76073 0.215577 0.728727 0.216867
1 0.938441 0.059165 0.987387 0.062177 0.990023 0.070138 0.940136 0.068201
7 0.718562 0.349613 0.814194 0.342943 0.818712 0.364673 0.722892 0.373279
6 0.714985 0.345955 0.718938 0.376936 0.822477 0.36833 0.81683 0.339716 0.717432 0.34531
3 0.628012 0.352625 0.654556 0.351549 0.65512 0.356067 0.628012 0.357143
3 0.642131 0.419105 0.667357 0.412866 0.669051 0.41846 0.643449 0.424268
3 0.648343 0.475688 0.677146 0.474613 0.677711 0.481067 0.649096 0.481713
3 0.555723 0.489028 0.585655 0.492685 0.585467 0.498494 0.555535 0.495267
3 0.481928 0.477194 0.5 0.476549 0.5 0.482143 0.482116 0.483219
3 0.552523 0.424053 0.581137 0.424484 0.581514 0.430723 0.553087 0.429217
3 0.235693 0.527539 0.237011 0.560671 0.243035 0.560671 0.242093 0.526678
3 0.122176 0.56605 0.147026 0.553356 0.148343 0.560026 0.123494 0.572289
3 0.180535 0.801205 0.21009 0.798623 0.209902 0.805938 0.180535 0.80852
3 0.274661 0.800344 0.294992 0.80142 0.308358 0.800774 0.30817 0.80809 0.282003 0.808735 0.273908 0.807874
3 0.617093 0.809165 0.649661 0.805293 0.650226 0.813468 0.617093 0.816265
3 0.608434 0.736876 0.641002 0.737522 0.641378 0.744406 0.608622 0.744406
3 0.80497 0.828528 0.825489 0.828528 0.826054 0.835413 0.805346 0.836274 0.80497 0.829389
3 0.915474 0.728055 0.944277 0.722246 0.94616 0.729346 0.917922 0.734725
3 0.927146 0.791523 0.959337 0.790232 0.960655 0.797332 0.928087 0.799053
0 0.058735 0.119406 0.043298 0.159423 0.044428 0.160284 0.099398 0.14759 0.113328 0.106282 0.059488 0.119191
0 0.399096 0.170826 0.39872 0.226979 0.482304 0.219664 0.480045 0.164802 0.432041 0.171902 0.400226 0.169105
0 0.712914 0.16932 0.72308 0.22117 0.803276 0.22074 0.803652 0.217943 0.792545 0.186747 0.788592 0.172547 0.761295 0.170826 0.749059 0.168029 0.725151 0.170181
0 0.65945 0.056583 0.666039 0.08068 0.672628 0.091007 0.675075 0.094234 0.690512 0.092728 0.707455 0.094664 0.718938 0.094234 0.727786 0.092513 0.742093 0.092513 0.727786 0.049914 0.705572 0.053356 0.689194 0.054002 0.679782 0.055293
0 0.915663 0.032487 0.937876 0.071644 0.998494 0.074656 0.974962 0.033778
2 0.122176 0.556153 0.142696 0.54432 0.148532 0.54389 0.151544 0.559811 0.123117 0.573795 0.121047 0.564544 0.1218 0.561532 0.120482 0.556583
2 0.252071 0.524312 0.254518 0.55938 0.236069 0.564114 0.233998 0.523666 0.247553 0.521515
2 0.479292 0.466652 0.480422 0.484079 0.511295 0.482573 0.51073 0.464286
2 0.553464 0.478485 0.552146 0.495267 0.586973 0.500645 0.586032 0.481713
2 0.549887 0.414802 0.55064 0.429647 0.557605 0.431153 0.582643 0.431799 0.580949 0.414587 0.55064 0.413941
2 0.623682 0.344664 0.62613 0.358864 0.656438 0.358003 0.653803 0.342943 0.624247 0.343804
2 0.638554 0.410929 0.643072 0.42642 0.671122 0.41932 0.666227 0.404045
2 0.643637 0.467298 0.646084 0.483434 0.678652 0.482788 0.678652 0.480422 0.675452 0.465577 0.642508 0.466437
3 0.599962 0.641136 0.630459 0.642212 0.630648 0.648451 0.599962 0.647375
2 0.596197 0.628442 0.597139 0.649096 0.63253 0.649742 0.631024 0.629518
2 0.605233 0.723752 0.606363 0.745912 0.642696 0.746988 0.642319 0.733649 0.638366 0.72827 0.638178 0.723967
2 0.61314 0.794966 0.615211 0.818417 0.651544 0.814544 0.648908 0.791093
2 0.800452 0.814759 0.803276 0.83821 0.838291 0.837349 0.839044 0.836058 0.836596 0.813898 0.80064 0.814114
2 0.910015 0.717728 0.911521 0.715792 0.941077 0.709337 0.947854 0.730422 0.916039 0.738167
2 0.92131 0.77926 0.925452 0.80142 0.961785 0.799053 0.95802 0.777539 0.921875 0.778184
2 0.17884 0.789802 0.179405 0.809811 0.21122 0.807444 0.21009 0.785714 0.178652 0.787866
2 0.273908 0.785929 0.271273 0.808735 0.294239 0.809811 0.310241 0.80938 0.312688 0.78722
0 0.024473 0.256024 0.079819 0.242685 0.071348 0.2571 0.066265 0.275818 0.062877 0.297978 0.00866 0.313683 0.011483 0.29346 0.018261 0.281842 0.021649 0.262263
