1 0.031438 0.316695 0.029932 0.324226 0.065324 0.320353 0.066265 0.312823
0 0.037086 0.288296 0.030497 0.306583 0.025791 0.328528 0.068336 0.324656 0.070218 0.311317 0.07323 0.300129 0.074172 0.294105 0.076619 0.281411
1 0.169992 0.327022 0.16811 0.334768 0.213102 0.33154 0.213667 0.324441 0.170369 0.327022
0 0.169804 0.295396 0.162839 0.33864 0.21555 0.335843 0.220633 0.293244
1 0.295746 0.293244 0.295181 0.30185 0.346386 0.300559 0.34695 0.293029
0 0.297063 0.261403 0.290286 0.306583 0.348456 0.304432 0.353727 0.259897
8 0.44503 0.241609 0.443336 0.285069 0.471197 0.284208 0.507342 0.282272 0.506965 0.239888
1 0.51939 0.290017 0.520331 0.299484 0.571913 0.296256 0.572289 0.288296
0 0.513366 0.256024 0.515813 0.304002 0.577748 0.300129 0.573607 0.253657
1 0.658886 0.255164 0.66058 0.260757 0.707643 0.266136 0.707078 0.260757
0 0.650979 0.229991 0.652297 0.25043 0.655874 0.264415 0.686935 0.267212 0.712726 0.269793 0.709337 0.249355 0.708208 0.230852 0.671498 0.229991
1 0.849774 0.258391 0.851092 0.265706 0.893072 0.269793 0.891754 0.262694
0 0.839797 0.228485 0.84808 0.268933 0.896649 0.274096 0.886672 0.232573
3 0.894767 0.883176 0.895143 0.887694 0.912839 0.885972 0.911521 0.881885
2 0.893072 0.8821 0.894014 0.888769 0.913592 0.887478 0.912086 0.880809
