5 0.303125 0.926603 0.291827 0.928205 0.291827 0.93109 0.302885 0.930128
4 0.303125 0.925962 0.291346 0.927244 0.291587 0.931731 0.303365 0.930769 0.303846 0.925641
5 0.426683 0.907372 0.415385 0.906731 0.415385 0.910256 0.427404 0.910577 0.427404 0.907051
4 0.427644 0.90609 0.415144 0.90609 0.415144 0.910577 0.428125 0.911218
5 0.557933 0.941026 0.546154 0.941026 0.546635 0.944872 0.558173 0.944231
4 0.558654 0.940385 0.545673 0.940705 0.546154 0.945513 0.558413 0.944872
5 0.679087 0.895513 0.667548 0.895833 0.667548 0.899038 0.679567 0.898718
4 0.679808 0.894872 0.667067 0.895192 0.667067 0.89968 0.680288 0.89968
5 0.42524 0.982051 0.412981 0.981731 0.41274 0.985577 0.425962 0.985577
4 0.426202 0.98109 0.41274 0.98109 0.412019 0.987179 0.426683 0.986538
5 0.690144 0.973077 0.679567 0.972756 0.679327 0.976603 0.691346 0.976603 0.691346 0.973077
4 0.691587 0.972436 0.678606 0.972115 0.678606 0.978205 0.692308 0.977564
