1 0.00625 0.634295 0.036538 0.633974 0.065144 0.63718 0.063462 0.646795 0.034615 0.64391 0.002644 0.645192 0.005288 0.634615
0 0.016827 0.600641 0.08149 0.599359 0.065865 0.651603 0.000962 0.648397 0.000721 0.639103
1 0.380048 0.584295 0.413702 0.585256 0.413462 0.592949 0.379808 0.591987
1 0.374279 0.594872 0.41226 0.596474 0.4125 0.604487 0.373558 0.601923 0.373798 0.594872
0 0.371154 0.566026 0.433413 0.56859 0.430769 0.618269 0.399038 0.619231 0.365385 0.617308
1 0.619471 0.555128 0.653125 0.558013 0.654567 0.564103 0.620433 0.560897
1 0.624519 0.577885 0.657933 0.578846 0.659615 0.586218 0.62524 0.584615
1 0.624519 0.589103 0.660337 0.590385 0.661779 0.596795 0.625481 0.595833 0.624279 0.589423
1 0.626442 0.6 0.661779 0.600962 0.663942 0.607692 0.627164 0.607692
0 0.609615 0.541346 0.670192 0.54391 0.685096 0.617628 0.623317 0.614103
1 0.9 0.542628 0.933173 0.542308 0.934375 0.548077 0.902644 0.549359
1 0.905529 0.550641 0.937981 0.550962 0.939904 0.556731 0.908414 0.556731 0.904808 0.551282
0 0.888462 0.53141 0.940865 0.527564 0.957692 0.553205 0.967308 0.568269 0.911779 0.569231 0.895433 0.544231 0.889663 0.538141
