3 0.029367 0.486661 0.045745 0.482358 0.045745 0.48537 0.029556 0.489028
2 0.029556 0.481497 0.048569 0.476119 0.046875 0.486446 0.027673 0.490749
3 0.110881 0.475473 0.119352 0.476334 0.118035 0.480207 0.108998 0.478485
2 0.112387 0.469234 0.127259 0.470955 0.127447 0.474398 0.124059 0.481928 0.107116 0.479561
3 0.144202 0.454174 0.152861 0.453959 0.152485 0.457186 0.142884 0.457831
2 0.145143 0.447719 0.160956 0.446859 0.161145 0.449226 0.158697 0.458262 0.141002 0.458477
3 0.137801 0.488167 0.148532 0.486876 0.147967 0.490749 0.137048 0.491824
3 0.12613 0.518933 0.136295 0.519148 0.135354 0.524096 0.124812 0.523881
2 0.128389 0.511833 0.139307 0.512263 0.135919 0.524957 0.124247 0.523881
2 0.138931 0.481928 0.155497 0.479346 0.156815 0.483003 0.154367 0.490318 0.134977 0.4929
3 0.088102 0.52259 0.09808 0.522375 0.097139 0.526248 0.087538 0.525818
2 0.090926 0.516351 0.103163 0.515921 0.101845 0.52173 0.099021 0.52173 0.097327 0.526893 0.086408 0.525818
3 0.111069 0.563898 0.119917 0.566695 0.118411 0.570783 0.109375 0.567341
2 0.113517 0.555293 0.130459 0.560671 0.124623 0.573795 0.107492 0.567771
3 0.059676 0.601549 0.070407 0.601119 0.069654 0.605637 0.058547 0.605207
2 0.060053 0.594234 0.079443 0.592728 0.076807 0.604131 0.07323 0.606282 0.057041 0.606713
3 0.098645 0.599828 0.107681 0.601334 0.107116 0.605422 0.099586 0.604561
2 0.099398 0.591437 0.117093 0.594019 0.116152 0.600258 0.113517 0.606928 0.099962 0.606282 0.096762 0.596816
3 0.084337 0.472461 0.093562 0.471816 0.09262 0.475904 0.082643 0.476334
2 0.085467 0.466437 0.095068 0.465146 0.096009 0.467728 0.092432 0.477194 0.08189 0.477194
3 0.046687 0.569062 0.054405 0.569277 0.052899 0.573795 0.045745 0.573365
2 0.049322 0.561532 0.063441 0.561532 0.057794 0.574871 0.044804 0.574441
3 0.183547 0.484294 0.201619 0.482358 0.201242 0.486661 0.183547 0.487522
3 0.225339 0.476549 0.236446 0.475258 0.236446 0.479131 0.225715 0.480207
3 0.26186 0.468374 0.273532 0.468374 0.272967 0.472246 0.262048 0.472461
3 0.294992 0.473107 0.306288 0.471601 0.306288 0.475473 0.294616 0.477194
3 0.387236 0.464286 0.399285 0.464286 0.399096 0.468374 0.386672 0.467943
3 0.431476 0.480207 0.452184 0.481497 0.451807 0.48494 0.431476 0.483864
3 0.42564 0.504948 0.43863 0.505164 0.43863 0.509036 0.425828 0.508606
3 0.368788 0.498279 0.389872 0.495482 0.389872 0.499785 0.369541 0.502582
3 0.492846 0.474828 0.513742 0.476119 0.513366 0.479561 0.493035 0.478485
3 0.558358 0.522375 0.580384 0.518718 0.581137 0.522806 0.559111 0.526463
3 0.599209 0.5071 0.621235 0.504948 0.621423 0.509251 0.599962 0.510972
3 0.637613 0.502582 0.659074 0.504518 0.659827 0.508391 0.638178 0.50667
3 0.598645 0.454819 0.620105 0.452883 0.620482 0.456971 0.599021 0.458262
3 0.667169 0.484294 0.689006 0.482358 0.689759 0.486446 0.668298 0.488382
3 0.710467 0.489028 0.732304 0.487306 0.732869 0.491179 0.711596 0.49333
3 0.550452 0.484725 0.56363 0.486016 0.564006 0.490749 0.55064 0.488382
3 0.79631 0.527969 0.810806 0.527969 0.81137 0.532057 0.798193 0.531842
3 0.880836 0.47741 0.899849 0.479346 0.900414 0.483649 0.881401 0.481282
3 0.923946 0.47827 0.942206 0.476119 0.942959 0.479561 0.926393 0.481497
2 0.919992 0.470525 0.939194 0.469449 0.944654 0.479991 0.924699 0.482573 0.922063 0.478485
2 0.877447 0.469664 0.899096 0.471816 0.90305 0.484725 0.879142 0.483003 0.878389 0.478701
2 0.79311 0.520224 0.818712 0.519148 0.823042 0.533133 0.796122 0.532702
2 0.706514 0.482573 0.709526 0.493761 0.733998 0.491824 0.730986 0.480422
2 0.66378 0.47784 0.666792 0.489028 0.691265 0.487091 0.688065 0.475688
2 0.633848 0.493546 0.634789 0.507315 0.661145 0.509682 0.659639 0.495267
2 0.595068 0.499139 0.597515 0.512263 0.623306 0.510542 0.621047 0.496988
2 0.55384 0.5142 0.557229 0.527754 0.582831 0.523451 0.580008 0.510327
2 0.549511 0.476549 0.548004 0.489458 0.573607 0.493761 0.573983 0.480637
2 0.594691 0.447289 0.596762 0.459552 0.621047 0.457616 0.618976 0.445783
2 0.491529 0.467728 0.490776 0.479776 0.514872 0.481067 0.515625 0.468374
2 0.429217 0.472676 0.428464 0.484725 0.45256 0.486231 0.453313 0.473322
2 0.424134 0.497633 0.423381 0.509682 0.447477 0.510542 0.44823 0.498279
2 0.386483 0.456325 0.384036 0.468589 0.407756 0.46988 0.408697 0.457186
2 0.366529 0.490749 0.36634 0.503873 0.39006 0.501076 0.390437 0.488167
2 0.292733 0.466867 0.292169 0.478701 0.314571 0.476119 0.314947 0.46321
2 0.182982 0.47741 0.202184 0.476764 0.202748 0.486016 0.182417 0.488167
2 0.224398 0.470525 0.242846 0.469664 0.243035 0.479131 0.22308 0.481067
2 0.262801 0.461489 0.260166 0.472676 0.279932 0.473752 0.283133 0.462349
3 0.144767 0.638984 0.148532 0.64006 0.158133 0.615534 0.154367 0.614888
2 0.148155 0.613382 0.159639 0.615749 0.147967 0.641997 0.137989 0.640275
3 0.134789 0.659854 0.155309 0.663726 0.153991 0.66889 0.134036 0.663942
2 0.137048 0.651678 0.159074 0.656411 0.154932 0.670396 0.13253 0.664587
3 0.201431 0.598537 0.221009 0.599613 0.221009 0.604346 0.200113 0.602625
3 0.184488 0.665663 0.205761 0.666523 0.204819 0.671472 0.183547 0.670396
3 0.281438 0.684596 0.305723 0.685671 0.304782 0.690835 0.280497 0.689329
3 0.363328 0.621343 0.386672 0.619191 0.387048 0.62457 0.364081 0.625861
3 0.400791 0.622418 0.423946 0.623279 0.423946 0.628657 0.401732 0.626936
3 0.404179 0.675774 0.429405 0.67599 0.429029 0.681368 0.40512 0.680293
3 0.48061 0.634251 0.50433 0.635542 0.503765 0.640275 0.479857 0.6392
3 0.479104 0.713425 0.50433 0.714931 0.504142 0.72074 0.478163 0.718374
3 0.514496 0.684165 0.53991 0.682874 0.540286 0.688253 0.515248 0.689329
3 0.520708 0.739243 0.546875 0.739888 0.547063 0.745697 0.520896 0.744836
3 0.568712 0.702668 0.594315 0.700086 0.594503 0.70525 0.569089 0.708262
3 0.620858 0.717083 0.647214 0.714716 0.647967 0.720525 0.621047 0.722676
3 0.653991 0.711489 0.680158 0.714716 0.680346 0.720525 0.654179 0.717083
3 0.725339 0.632745 0.749435 0.631454 0.749812 0.636618 0.725339 0.637263
3 0.973833 0.642642 0.986446 0.641781 0.987764 0.646945 0.975339 0.64716
2 0.200301 0.589501 0.221197 0.590792 0.223645 0.595525 0.221386 0.606282 0.196913 0.603485
2 0.185241 0.655551 0.206137 0.656411 0.208961 0.658133 0.205572 0.672547 0.181099 0.670826
3 0.232116 0.613812 0.245294 0.615534 0.243976 0.620482 0.231928 0.61833
3 0.224774 0.649312 0.239458 0.649527 0.237952 0.654045 0.224398 0.654045
3 0.287651 0.612952 0.300452 0.614673 0.299322 0.619191 0.287274 0.61747
3 0.27692 0.64716 0.28991 0.648236 0.28878 0.653399 0.276732 0.651678
3 0.389872 0.726979 0.414157 0.730422 0.414157 0.7358 0.390248 0.732788
3 0.44823 0.674268 0.463102 0.674268 0.463291 0.679862 0.44823 0.679217
3 0.443712 0.726549 0.458584 0.726334 0.458584 0.731928 0.443712 0.731282
3 0.222327 0.68352 0.237011 0.683735 0.235693 0.688898 0.221762 0.688468
3 0.207643 0.719234 0.229857 0.720525 0.229857 0.726334 0.207078 0.724398
7 0.326807 0.665663 0.350151 0.665878 0.348833 0.670826 0.32756 0.670611
7 0.361446 0.665017 0.387613 0.665448 0.387048 0.670826 0.361069 0.670181
7 0.350339 0.715577 0.380083 0.715792 0.381777 0.720955 0.350151 0.722246
7 0.317395 0.710628 0.340926 0.710843 0.340738 0.716437 0.317395 0.715792
2 0.233434 0.605207 0.257342 0.608864 0.252824 0.623279 0.229669 0.619191
2 0.22628 0.64006 0.250376 0.64006 0.247741 0.655766 0.222892 0.65512
2 0.223645 0.673623 0.2468 0.674268 0.248494 0.67642 0.245294 0.69105 0.219503 0.689974
2 0.208961 0.708262 0.233057 0.710413 0.23381 0.71278 0.231175 0.727625 0.204443 0.725043
2 0.277485 0.637909 0.302334 0.639845 0.298758 0.655336 0.274661 0.652539
2 0.28125 0.674699 0.307605 0.67642 0.305346 0.69191 0.278238 0.690835
2 0.288215 0.604131 0.310617 0.606497 0.309488 0.621558 0.28558 0.618115
2 0.360881 0.611876 0.387048 0.610155 0.387613 0.62543 0.360881 0.627367
6 0.360504 0.664372 0.388366 0.664802 0.388178 0.671687 0.360128 0.670826
6 0.325866 0.665232 0.350715 0.665232 0.350904 0.671687 0.325866 0.670826
6 0.316453 0.710198 0.341303 0.710198 0.341491 0.716652 0.316642 0.716222
6 0.348268 0.715146 0.381401 0.714716 0.382718 0.721816 0.349021 0.722676
2 0.400226 0.612737 0.426205 0.614673 0.424699 0.629303 0.423004 0.630164 0.397402 0.628227
2 0.402673 0.665232 0.428652 0.665878 0.430346 0.66846 0.429593 0.683735 0.400791 0.681799
2 0.445783 0.664157 0.472139 0.664157 0.474398 0.666308 0.473456 0.681583 0.445218 0.680938
2 0.441453 0.715577 0.467809 0.716007 0.46988 0.718374 0.46988 0.733649 0.440889 0.733003
2 0.476657 0.702453 0.503389 0.703959 0.505648 0.70654 0.505648 0.722246 0.476092 0.720095
2 0.511295 0.674484 0.537839 0.672547 0.540286 0.674699 0.540851 0.689759 0.512613 0.69148
2 0.518449 0.727194 0.545557 0.72827 0.547816 0.731497 0.548193 0.747633 0.519014 0.746127
2 0.567206 0.693201 0.592244 0.689759 0.594315 0.693201 0.597327 0.70611 0.567771 0.709983
2 0.478163 0.624139 0.502447 0.62543 0.505271 0.627152 0.505083 0.641997 0.477221 0.64006
2 0.388742 0.719664 0.38686 0.733864 0.415098 0.738382 0.414157 0.723107 0.409262 0.72074 0.404744 0.718158 0.388554 0.716007
2 0.616529 0.70525 0.645896 0.702453 0.648532 0.720955 0.618411 0.723967
2 0.650791 0.69901 0.680723 0.703098 0.681852 0.721386 0.650414 0.717728
5 0.559111 0.622418 0.591867 0.622848 0.591679 0.630164 0.558923 0.628873
4 0.558923 0.610155 0.567018 0.610155 0.567395 0.620697 0.592997 0.622203 0.592997 0.63167 0.557417 0.629518
2 0.721197 0.623279 0.747929 0.621343 0.750753 0.637694 0.722892 0.638769
2 0.968185 0.632745 0.991152 0.63253 0.99567 0.648236 0.972703 0.648451
