3 0.413215 0.840577 0.443336 0.839931 0.443712 0.850258 0.413592 0.851119
3 0.473645 0.843374 0.522214 0.84488 0.522214 0.856282 0.473833 0.854561
7 0.643825 0.784208 0.706514 0.780981 0.707455 0.79389 0.644955 0.797332
7 0.640248 0.806368 0.726657 0.801635 0.72741 0.818417 0.641754 0.82358
7 0.652108 0.840577 0.725904 0.834768 0.727221 0.851979 0.653614 0.857788
6 0.650414 0.838855 0.727598 0.832616 0.728916 0.853916 0.652297 0.86037
6 0.638366 0.804862 0.727974 0.799699 0.72948 0.821429 0.640437 0.826377
6 0.642696 0.782702 0.708208 0.77883 0.709337 0.795181 0.644202 0.798838
3 0.73061 0.767427 0.759036 0.765491 0.760166 0.776033 0.731551 0.777539
3 0.754518 0.845095 0.784074 0.843374 0.784639 0.855637 0.755459 0.857573
2 0.729292 0.749785 0.723833 0.75667 0.727786 0.781196 0.779932 0.778184 0.774285 0.746127
2 0.747176 0.825301 0.747741 0.834983 0.751694 0.861016 0.80384 0.856497 0.799322 0.822289
3 0.728727 0.702022 0.772779 0.703959 0.774096 0.713425 0.729857 0.711919
2 0.722139 0.685026 0.725151 0.715146 0.775791 0.716437 0.771649 0.685456
3 0.909827 0.738167 0.953313 0.73537 0.955761 0.745482 0.911898 0.748279
2 0.901732 0.721386 0.90945 0.751721 0.958396 0.748494 0.951054 0.720095 0.946348 0.717298 0.901544 0.719449
3 0.91058 0.791738 0.947101 0.776893 0.950866 0.78679 0.914345 0.801205
2 0.902108 0.774312 0.941642 0.758176 0.953313 0.789802 0.913968 0.804862
2 0.410392 0.82401 0.411145 0.852625 0.452184 0.850904 0.451996 0.821213
2 0.469503 0.823365 0.46988 0.856713 0.524096 0.85994 0.523908 0.825732
3 0.783697 0.24204 0.800828 0.241179 0.802146 0.245912 0.785015 0.246773
2 0.780685 0.235155 0.809111 0.234079 0.814759 0.246127 0.78445 0.249139 0.779556 0.235155
3 0.521649 0.2571 0.550452 0.254948 0.551017 0.259251 0.521649 0.261188
2 0.518637 0.25043 0.519578 0.262694 0.552146 0.260972 0.55064 0.246343 0.518637 0.248709
