3 0.666792 0.282272 0.687124 0.282702 0.6875 0.28636 0.667169 0.285499
2 0.665663 0.274096 0.666039 0.28636 0.690324 0.28722 0.68863 0.275602
8 0.401544 0.273021 0.400979 0.290232 0.422816 0.289802 0.422816 0.27259
5 0.616717 0.409639 0.644955 0.409639 0.645143 0.415017 0.617282 0.415232
5 0.621235 0.464716 0.649473 0.464716 0.649661 0.46988 0.621423 0.470095
5 0.626506 0.520869 0.655497 0.520439 0.655874 0.526248 0.626883 0.526248
5 0.568901 0.521299 0.59808 0.520869 0.598268 0.526678 0.569277 0.526678
4 0.608246 0.408993 0.645896 0.408563 0.646273 0.415663 0.60881 0.416308
4 0.612011 0.464071 0.649849 0.46364 0.650226 0.47074 0.612764 0.471386
4 0.617846 0.520009 0.65625 0.519793 0.656626 0.526893 0.618223 0.527539
4 0.559864 0.520439 0.598268 0.520224 0.598645 0.527539 0.560241 0.527969
8 0.169239 0.544966 0.167545 0.572289 0.188818 0.572719 0.191265 0.545181 0.169992 0.54475
8 0.196724 0.544966 0.192771 0.570783 0.193336 0.572074 0.214608 0.574656 0.21875 0.546687 0.198042 0.544535
8 0.220444 0.546472 0.220256 0.574226 0.241529 0.572719 0.24247 0.544966
8 0.256777 0.54432 0.254895 0.572935 0.279367 0.572289 0.279367 0.542814
8 0.287086 0.543029 0.285203 0.57315 0.310053 0.573365 0.311935 0.54389
8 0.316265 0.54432 0.314383 0.574441 0.339044 0.574441 0.340926 0.544966
8 0.343938 0.542384 0.343374 0.572935 0.368411 0.571859 0.368411 0.542599
8 0.226092 0.51463 0.224021 0.541738 0.246611 0.540878 0.248682 0.513769
2 0.405874 0.541738 0.405685 0.55809 0.432794 0.556583 0.432794 0.540232
5 0.973645 0.291308 0.996047 0.292599 0.9968 0.296687 0.974398 0.295611
8 0.43863 0.541954 0.437124 0.572074 0.461785 0.572719 0.462726 0.543244
8 0.465738 0.540663 0.465738 0.571213 0.490587 0.571429 0.490211 0.541523
8 0.49247 0.541738 0.493411 0.571859 0.518449 0.569492 0.516378 0.540017
8 0.527108 0.541308 0.526544 0.571429 0.551205 0.572074 0.551581 0.542384
8 0.521649 0.507315 0.521837 0.537005 0.546498 0.537005 0.546122 0.507315
3 0.407003 0.55142 0.431476 0.550129 0.431476 0.554862 0.406815 0.555938
4 0.968185 0.289587 0.9968 0.291523 0.997929 0.297978 0.96875 0.296687 0.967432 0.289587
5 0.961785 0.271515 0.984375 0.273666 0.985128 0.277969 0.962538 0.276033
4 0.956514 0.270009 0.985504 0.27216 0.986069 0.27883 0.956137 0.276678 0.955572 0.269793
5 0.955761 0.22827 0.978351 0.230422 0.979104 0.234509 0.956514 0.232573
4 0.950301 0.226334 0.979669 0.228916 0.979857 0.236015 0.950113 0.233003 0.949548 0.226119
5 0.94503 0.187823 0.967432 0.189974 0.968185 0.194062 0.945783 0.192126
4 0.939383 0.185886 0.968562 0.188468 0.96875 0.195568 0.939006 0.192771 0.938441 0.185886
5 0.950301 0.207401 0.972892 0.209552 0.973645 0.213855 0.951054 0.211919
4 0.945971 0.205895 0.975151 0.208477 0.975339 0.215577 0.945595 0.21278 0.94503 0.205895
4 0.957643 0.246127 0.986822 0.248709 0.987199 0.255809 0.957267 0.252797 0.95689 0.246127
5 0.962161 0.248064 0.98494 0.25043 0.985128 0.254733 0.962161 0.252367
