1 0.104292 0.336059 0.154367 0.334337 0.150979 0.342083 0.101845 0.345095
0 0.114646 0.306153 0.173758 0.302711 0.154367 0.347031 0.09262 0.348967 0.111069 0.313898
1 0.426205 0.259897 0.466679 0.258821 0.467244 0.2642 0.425828 0.265275
1 0.425075 0.268072 0.466303 0.266997 0.467244 0.272806 0.425452 0.274096
1 0.422252 0.277108 0.467809 0.275387 0.467056 0.282272 0.421687 0.282487
1 0.42131 0.287435 0.46762 0.287435 0.46762 0.293029 0.420934 0.293244
1 0.423758 0.296041 0.46762 0.296256 0.468374 0.302711 0.423569 0.302281
0 0.419428 0.246773 0.488517 0.245052 0.493223 0.318632 0.416039 0.320998
1 0.674699 0.150172 0.695971 0.151678 0.696348 0.155336 0.67564 0.154045
1 0.678464 0.15512 0.698042 0.156196 0.700113 0.160284 0.679029 0.158563
1 0.679405 0.160284 0.700113 0.16179 0.701619 0.165448 0.679405 0.163941
1 0.681852 0.165878 0.704066 0.167814 0.705196 0.171902 0.682982 0.171256
1 0.684676 0.172332 0.706514 0.173408 0.707831 0.177711 0.685806 0.177496
1 0.685994 0.179217 0.708773 0.179862 0.71009 0.184596 0.687124 0.185241
1 0.689947 0.189759 0.712538 0.189974 0.714232 0.194492 0.69183 0.195138
1 0.694089 0.196429 0.71555 0.196213 0.716867 0.199225 0.695971 0.199871
1 0.679782 0.204389 0.718185 0.202238 0.719503 0.207616 0.681288 0.209337
1 0.684676 0.215361 0.720821 0.212349 0.724021 0.216652 0.686559 0.220095
1 0.682605 0.222246 0.725339 0.217943 0.727033 0.223322 0.684864 0.227625
1 0.686182 0.230637 0.728351 0.226119 0.729669 0.231928 0.6875 0.236446 0.685806 0.230852
1 0.689383 0.240964 0.731739 0.237091 0.733246 0.24204 0.690512 0.245697
1 0.692018 0.248924 0.734752 0.245052 0.735504 0.250861 0.693901 0.253873
1 0.696536 0.256885 0.738328 0.253873 0.739834 0.259682 0.698795 0.262263
1 0.701242 0.268072 0.741905 0.266781 0.744164 0.271084 0.703125 0.27259 0.700678 0.268287
0 0.654744 0.142427 0.67884 0.143072 0.709902 0.145224 0.754518 0.238167 0.770331 0.30185 0.700866 0.299699 0.687876 0.252582
3 0.325489 0.533993 0.340926 0.52926 0.342244 0.534854 0.325489 0.539372
2 0.322477 0.525818 0.35128 0.516566 0.352598 0.532487 0.324548 0.540663
3 0.439571 0.530766 0.455572 0.529905 0.456514 0.536145 0.439006 0.53679
2 0.437688 0.521515 0.466867 0.519578 0.466867 0.535714 0.437688 0.537436
3 0.52805 0.516566 0.542733 0.512909 0.544992 0.518718 0.529556 0.520869
2 0.524849 0.50753 0.55177 0.502582 0.55497 0.517212 0.527673 0.522375
3 0.631965 0.542599 0.648532 0.543675 0.649285 0.549699 0.632154 0.548623
2 0.628765 0.533133 0.658509 0.534423 0.660015 0.550344 0.630083 0.548838 0.6282 0.532702
5 0.783697 0.556583 0.825678 0.556799 0.825866 0.56648 0.785015 0.56605
4 0.780309 0.552496 0.829819 0.553571 0.830572 0.567771 0.78238 0.567556
3 0.944842 0.502797 0.959149 0.504303 0.959714 0.508391 0.945783 0.506885
2 0.9407 0.493761 0.964797 0.496988 0.968562 0.511833 0.943901 0.50796
3 0.092432 0.451807 0.104104 0.452238 0.103351 0.45568 0.09055 0.455895
2 0.093562 0.444923 0.113705 0.444277 0.10994 0.457401 0.089797 0.456971
3 0.054593 0.534423 0.068712 0.535284 0.067959 0.540448 0.053276 0.539587
2 0.055723 0.525387 0.07869 0.525602 0.075866 0.541093 0.05177 0.540232
3 0.020331 0.47784 0.034074 0.475688 0.033133 0.481497 0.020708 0.482358
2 0.022214 0.470955 0.041039 0.467513 0.037839 0.481282 0.018261 0.483219
3 0.076807 0.69858 0.092809 0.700086 0.092056 0.706971 0.076619 0.705465
2 0.07756 0.689544 0.103163 0.690835 0.101845 0.709983 0.073983 0.707186
3 0.134036 0.720095 0.152297 0.720095 0.151355 0.727625 0.13366 0.726764
2 0.133848 0.708692 0.15945 0.710413 0.161709 0.7287 0.130648 0.726119
3 0.180158 0.724613 0.195971 0.725473 0.195783 0.733434 0.177899 0.732143 0.179593 0.724182
2 0.17884 0.714716 0.201807 0.715792 0.199172 0.734509 0.175264 0.733219
5 0.131777 0.77173 0.172816 0.773881 0.170369 0.787005 0.127447 0.786575
4 0.129142 0.769363 0.17884 0.772375 0.174699 0.793675 0.124623 0.789372
5 0.266943 0.814329 0.298381 0.816695 0.296875 0.828959 0.265248 0.824871
4 0.265437 0.80895 0.301017 0.812392 0.298569 0.832831 0.263178 0.827453
3 0.323983 0.825516 0.342056 0.820998 0.344126 0.828313 0.324548 0.834768
2 0.320407 0.813898 0.353727 0.805938 0.357116 0.825086 0.321913 0.836489
3 0.410392 0.827022 0.430535 0.824656 0.431288 0.832831 0.410768 0.834122
2 0.408509 0.813683 0.443901 0.811962 0.44503 0.834122 0.408697 0.836274
5 0.388931 0.792169 0.431099 0.795611 0.430158 0.811532 0.387989 0.80938
4 0.387989 0.790017 0.431476 0.794105 0.431288 0.812392 0.38686 0.810671
5 0.512989 0.85284 0.551205 0.85327 0.551017 0.864028 0.514872 0.864028
4 0.510919 0.848967 0.552334 0.849182 0.554217 0.865964 0.513366 0.867685
5 0.512425 0.736016 0.548569 0.737952 0.548381 0.748924 0.513366 0.746773
4 0.510542 0.733649 0.55064 0.7358 0.551393 0.751291 0.511672 0.748709
3 0.734752 0.731282 0.752259 0.725904 0.754518 0.733434 0.737575 0.737952
2 0.72948 0.718158 0.75866 0.711704 0.764307 0.731928 0.735128 0.739673
5 0.83942 0.731067 0.874624 0.727625 0.877071 0.737952 0.843562 0.74204
4 0.836785 0.729346 0.874435 0.724828 0.878953 0.739458 0.842809 0.743761
5 0.856551 0.844449 0.891566 0.841437 0.894767 0.854346 0.859375 0.856282
4 0.854104 0.842513 0.892508 0.840361 0.896273 0.855852 0.857869 0.858003
