8 0.287821 0.696875 0.284295 0.713702 0.320513 0.713702 0.324038 0.696635
3 0.275 0.734135 0.274679 0.738942 0.312179 0.739183 0.313141 0.733894
2 0.273718 0.725 0.270833 0.740385 0.313782 0.740625 0.316987 0.724279
8 0.068269 0.680048 0.062179 0.695913 0.096795 0.695673 0.102885 0.679808
8 0.301282 0.629808 0.299038 0.646154 0.334295 0.644231 0.334615 0.628846
3 0.328846 0.657692 0.328526 0.662981 0.3625 0.66226 0.363141 0.657452
2 0.328846 0.64976 0.326603 0.663702 0.363141 0.663221 0.366026 0.658654 0.367308 0.649038
8 0.422436 0.688702 0.421154 0.70601 0.457372 0.705769 0.457051 0.688942
8 0.533013 0.68726 0.530128 0.703846 0.567628 0.705288 0.56891 0.68774
8 0.645192 0.685096 0.646474 0.703125 0.684615 0.702885 0.681731 0.686298
8 0.764744 0.698558 0.767628 0.715625 0.807051 0.713462 0.801603 0.696875
8 0.883013 0.68125 0.889744 0.699038 0.927885 0.695673 0.920192 0.678846
8 0.959295 0.598558 0.963782 0.614183 1.0 0.613942 0.999359 0.608894 0.995833 0.598798 0.965064 0.597837
8 0.847115 0.604327 0.850962 0.619712 0.888782 0.61875 0.884295 0.603846
8 0.760256 0.61875 0.7625 0.633894 0.797436 0.633894 0.795513 0.619712
8 0.6625 0.6125 0.664744 0.628125 0.711538 0.627644 0.708654 0.6125
3 0.672436 0.591106 0.673077 0.594952 0.707051 0.594231 0.707692 0.59399 0.706731 0.590144
2 0.666346 0.583894 0.66891 0.595673 0.708974 0.594952 0.705128 0.582212 0.667628 0.582933
3 0.760256 0.639183 0.760577 0.64375 0.797436 0.644952 0.797115 0.640625
2 0.754808 0.63101 0.75609 0.64399 0.797756 0.646154 0.798397 0.643029 0.797756 0.634375 0.761538 0.634856 0.760577 0.630288
8 0.538141 0.625721 0.536218 0.641346 0.572756 0.639904 0.571474 0.625721
1 0.329487 0.428846 0.328205 0.438462 0.3875 0.438702 0.388141 0.430529
0 0.296154 0.402163 0.285256 0.44375 0.394872 0.442308 0.398077 0.403606
1 0.824038 0.421635 0.829808 0.430048 0.917308 0.425721 0.914103 0.416827
0 0.803526 0.392067 0.819872 0.434856 0.927564 0.428606 0.905128 0.389423
1 0.353846 0.226923 0.352885 0.23125 0.383974 0.230769 0.384295 0.227163
1 0.359936 0.222115 0.358654 0.225721 0.385897 0.225481 0.386218 0.220913
0 0.413782 0.215385 0.407372 0.240385 0.32468 0.2375 0.333333 0.211298
1 0.660256 0.172356 0.660897 0.177163 0.727885 0.179808 0.726923 0.17476
0 0.65032 0.154567 0.653526 0.178846 0.733013 0.181971 0.726923 0.157212
3 0.034936 0.693029 0.032692 0.697596 0.060577 0.697596 0.061538 0.692788
2 0.038462 0.683894 0.032372 0.69375 0.029808 0.699038 0.072115 0.698798 0.072115 0.696154 0.061218 0.696394 0.065705 0.683894
4 0.045513 0.64976 0.042308 0.661058 0.130769 0.660577 0.132051 0.65
5 0.070833 0.651923 0.069231 0.658173 0.127885 0.658414 0.129167 0.651683
4 0.157372 0.653606 0.151923 0.666106 0.190064 0.702163 0.195192 0.691827
5 0.16891 0.66899 0.166346 0.676923 0.189744 0.700481 0.192949 0.692308
4 0.394551 0.652885 0.39359 0.664663 0.48141 0.663221 0.480769 0.653606
5 0.421795 0.655288 0.421474 0.662019 0.480128 0.660577 0.479487 0.654808
4 0.595513 0.652404 0.595192 0.664423 0.679167 0.661538 0.676282 0.650962
5 0.620833 0.654567 0.621154 0.661298 0.677885 0.660577 0.67532 0.654086
4 0.736218 0.658654 0.737179 0.668029 0.799038 0.665625 0.797115 0.656731
5 0.754167 0.660817 0.755769 0.666346 0.797756 0.664663 0.796154 0.659856
4 0.825962 0.651202 0.827885 0.66274 0.907051 0.659615 0.905449 0.650962
5 0.851603 0.654327 0.852885 0.660096 0.90609 0.658414 0.903846 0.652885
1 0.000321 0.240144 0.0 0.24399 0.047115 0.24399 0.048397 0.240144
1 0.004808 0.234615 0.002885 0.238221 0.051603 0.238462 0.052885 0.234615
1 0.012821 0.229567 0.011859 0.233173 0.055449 0.233413 0.057372 0.229327
0 0.012179 0.222115 0.04391 0.222115 0.054167 0.221635 0.061218 0.220913 0.076603 0.221875 0.086218 0.220913 0.078526 0.233654 0.073718 0.239183 0.070192 0.248558 0.020513 0.247115 0.0 0.247115 0.0 0.234375 0.009615 0.223317
1 0.038782 0.202163 0.036218 0.20601 0.078526 0.20601 0.080128 0.203606 0.051603 0.202644
1 0.032692 0.207452 0.030128 0.211538 0.045833 0.210817 0.074359 0.210337 0.075962 0.206971 0.05641 0.207212
1 0.026282 0.213221 0.024359 0.217548 0.040064 0.217067 0.071795 0.216587 0.073077 0.212019
0 0.034295 0.199038 0.026282 0.209615 0.019872 0.220673 0.063141 0.219712 0.092628 0.219952 0.096474 0.211298 0.102244 0.200481 0.108013 0.194952 0.076923 0.196154
1 0.038462 0.188702 0.037821 0.192308 0.079167 0.188462 0.079167 0.184856 0.072115 0.185337
1 0.042628 0.184375 0.041667 0.18774 0.08109 0.183894 0.081731 0.18101
0 0.040705 0.178606 0.026923 0.198317 0.038141 0.198317 0.072436 0.194952 0.098077 0.194471 0.109615 0.173317 0.046154 0.178125
