3 0.253953 0.658993 0.283886 0.659208 0.283697 0.667384 0.253953 0.667384
2 0.256212 0.64673 0.286521 0.64759 0.284074 0.66846 0.252447 0.66846 0.254518 0.64673
3 0.27372 0.55895 0.299887 0.561532 0.298381 0.567771 0.272402 0.565189
2 0.274285 0.548623 0.302899 0.550559 0.299699 0.569277 0.270708 0.56605
3 0.355986 0.556368 0.387236 0.556153 0.386295 0.563898 0.355045 0.563898
2 0.35448 0.545181 0.389307 0.54475 0.38686 0.565189 0.352786 0.565189
3 0.242282 0.785714 0.272779 0.788296 0.274096 0.788511 0.273343 0.798193 0.240964 0.79475
2 0.242282 0.7713 0.275226 0.773666 0.274473 0.799053 0.240023 0.796256
3 0.345068 0.816695 0.38253 0.819277 0.383471 0.829174 0.343185 0.827022
2 0.343185 0.802926 0.384977 0.804647 0.384036 0.830895 0.343185 0.828959
3 0.489458 0.761403 0.529179 0.755164 0.530497 0.765491 0.489646 0.771945
2 0.485128 0.746988 0.528238 0.740318 0.531438 0.767857 0.48814 0.772806
3 0.477974 0.525172 0.512048 0.522806 0.512425 0.530981 0.479857 0.532487
2 0.475904 0.514415 0.513366 0.512478 0.513931 0.531842 0.476468 0.533778
3 0.801581 0.591222 0.842997 0.585413 0.844315 0.595955 0.803464 0.600043
2 0.795181 0.577883 0.83942 0.572719 0.846762 0.59574 0.800264 0.601549
3 0.763931 0.432444 0.800075 0.422762 0.803087 0.431153 0.766378 0.439329
2 0.758095 0.422332 0.798758 0.412651 0.805346 0.432874 0.766378 0.44191
1 0.440136 0.184165 0.485693 0.171902 0.485693 0.179862 0.440324 0.19062
1 0.445407 0.192771 0.485881 0.18395 0.486069 0.189114 0.445595 0.197074
1 0.457831 0.209983 0.486258 0.205895 0.487011 0.210628 0.458208 0.214716
1 0.440512 0.222676 0.486258 0.214071 0.486446 0.220525 0.440324 0.229131
1 0.440136 0.234725 0.485316 0.224828 0.486258 0.231928 0.439383 0.241609
1 0.516754 0.199441 0.541416 0.193847 0.542922 0.200947 0.516943 0.20525
1 0.51506 0.209768 0.543675 0.205465 0.543675 0.211919 0.515248 0.215361
1 0.513742 0.21988 0.543863 0.216437 0.544051 0.222461 0.512425 0.225688 0.512425 0.21988
0 0.437124 0.173193 0.508848 0.156626 0.508471 0.189329 0.435429 0.205465
0 0.435053 0.206971 0.503577 0.192126 0.502824 0.234294 0.432417 0.246988 0.433358 0.219019 0.434111 0.212565
0 0.509977 0.18438 0.508283 0.211274 0.509601 0.232143 0.555158 0.223967 0.570407 0.219449 0.5657 0.177281 0.540474 0.181153
1 0.818148 0.096816 0.865399 0.08864 0.867282 0.094019 0.821348 0.10241
1 0.82756 0.103701 0.872553 0.09617 0.874059 0.103701 0.830572 0.11037
1 0.838855 0.126936 0.886295 0.119406 0.889496 0.126076 0.842244 0.133606
1 0.841114 0.137694 0.892884 0.129948 0.895143 0.135757 0.844126 0.144148
1 0.845821 0.146515 0.899096 0.137694 0.902673 0.144148 0.850151 0.153614
0 0.805911 0.080895 0.825301 0.080895 0.880271 0.071859 0.901355 0.103055 0.822101 0.116179 0.808547 0.097461 0.806099 0.089501
0 0.82323 0.117255 0.900602 0.104131 0.931664 0.142642 0.846009 0.157487 0.827184 0.128012
1 0.127824 0.314544 0.145896 0.310671 0.144578 0.31691 0.127071 0.321644
1 0.12387 0.324871 0.14119 0.321429 0.141002 0.328313 0.121611 0.33154
1 0.110316 0.336919 0.13686 0.330465 0.136295 0.336704 0.109375 0.342943
0 0.121611 0.303787 0.165286 0.294966 0.150226 0.333046 0.146837 0.33821 0.10128 0.348967 0.113893 0.320138 0.117658 0.310456
1 0.487199 0.439759 0.509036 0.438038 0.509224 0.44191 0.486446 0.444492
0 0.486634 0.432659 0.509977 0.430938 0.510919 0.443201 0.485881 0.445568
