1 0.386538 0.76218 0.383894 0.786859 0.500481 0.790385 0.502163 0.766987
0 0.386058 0.671154 0.372837 0.799038 0.509856 0.802244 0.512019 0.677885
8 0.661779 0.747756 0.662981 0.777244 0.70024 0.777564 0.697596 0.746795
8 0.820673 0.752564 0.82524 0.784615 0.864423 0.783974 0.857933 0.750962
2 0.807933 0.71891 0.811298 0.745513 0.85601 0.747115 0.852644 0.726282 0.842788 0.71859
3 0.814664 0.735897 0.815625 0.74391 0.854567 0.746474 0.853606 0.7375
8 0.934615 0.7 0.945433 0.729808 0.98149 0.721795 0.970433 0.691667
3 0.512981 0.516667 0.514183 0.552244 0.520433 0.551923 0.51851 0.516667
2 0.508173 0.509615 0.509615 0.553526 0.528846 0.552564 0.527404 0.508654
8 0.374519 0.446474 0.372596 0.466987 0.402885 0.464744 0.403365 0.444872
4 0.34375 0.496474 0.3375 0.539744 0.377404 0.542308 0.378606 0.582051 0.480288 0.58141 0.480288 0.560256 0.386058 0.560897 0.383654 0.501603
5 0.417548 0.56859 0.417308 0.579487 0.476202 0.579487 0.476683 0.566987
8 0.057933 0.5 0.049519 0.525962 0.085096 0.529167 0.09351 0.501603
8 0.132933 0.298397 0.12524 0.316346 0.154808 0.319872 0.161779 0.300962
3 0.898077 0.514744 0.899519 0.51891 0.909856 0.5 0.908173 0.494231
2 0.89399 0.505128 0.898558 0.522115 0.911058 0.50032 0.905769 0.483654
