1 0.109856 0.403846 0.108173 0.413462 0.142548 0.416346 0.144471 0.406731
0 0.156971 0.36891 0.146394 0.419872 0.082452 0.416667 0.09375 0.364103 0.096635 0.363782
1 0.369712 0.399359 0.369952 0.408654 0.416346 0.409295 0.416587 0.399679
0 0.420913 0.364423 0.423077 0.4125 0.363462 0.413462 0.362981 0.365385
1 0.614664 0.419231 0.614904 0.429487 0.645914 0.429487 0.644952 0.419551
0 0.644471 0.383654 0.65 0.433333 0.592308 0.433654 0.5875 0.383013
1 0.865144 0.397436 0.866587 0.403205 0.895673 0.405769 0.894712 0.399679 0.870433 0.397756
1 0.867788 0.407051 0.869471 0.413462 0.898798 0.415705 0.897356 0.408974
1 0.870433 0.416346 0.872356 0.423077 0.901202 0.425962 0.899519 0.41859
0 0.855288 0.382372 0.864664 0.41218 0.868029 0.423718 0.871394 0.427885 0.916586 0.432692 0.90625 0.386218
