1 0.036898 0.146299 0.068336 0.145224 0.066453 0.153184 0.035956 0.153399
1 0.029367 0.156842 0.064759 0.15383 0.062312 0.161145 0.02692 0.163081
1 0.023908 0.165663 0.057417 0.163296 0.054593 0.170826 0.021461 0.172117
1 0.009601 0.19191 0.048005 0.192771 0.04744 0.198795 0.006212 0.199441
0 0.037274 0.1321 0.099209 0.132745 0.080761 0.17599 0.015248 0.17599 0.037462 0.133606
0 0.011672 0.177926 0.075678 0.178141 0.055911 0.223967 0.000941 0.224828 0.000377 0.196644
1 0.347892 0.232573 0.388554 0.229561 0.417545 0.229991 0.41698 0.241394 0.346574 0.244621 0.34695 0.233434
0 0.342056 0.195138 0.423569 0.193201 0.421875 0.244191 0.337914 0.249355
1 0.696348 0.155981 0.720256 0.156411 0.721009 0.163081 0.697666 0.16179
1 0.699736 0.164372 0.722515 0.165878 0.723268 0.173408 0.700866 0.171902
1 0.685806 0.172978 0.725527 0.175559 0.72628 0.181583 0.6875 0.178787
1 0.69183 0.200947 0.731363 0.201592 0.732492 0.208477 0.692771 0.206971
1 0.694277 0.210198 0.733622 0.211919 0.735128 0.218589 0.69616 0.216652
0 0.674134 0.140706 0.735504 0.144578 0.746611 0.187177 0.68317 0.183305
0 0.682982 0.18352 0.746235 0.188898 0.759036 0.23494 0.695218 0.231067
