3 0.616717 0.318417 0.637048 0.314544 0.637613 0.318417 0.617658 0.322074
2 0.613328 0.311747 0.636107 0.307444 0.639496 0.318632 0.636672 0.319492 0.616152 0.322935
3 0.694277 0.343374 0.69503 0.347031 0.716867 0.34617 0.716114 0.342728
2 0.692395 0.336059 0.715738 0.335198 0.718185 0.347461 0.692771 0.348107
3 0.699925 0.483003 0.726657 0.48494 0.727033 0.490103 0.700113 0.487737
2 0.698419 0.472892 0.728727 0.475688 0.72948 0.490749 0.698042 0.487522
3 0.580008 0.419966 0.604104 0.420611 0.604669 0.425559 0.580384 0.424484
2 0.576807 0.41136 0.603916 0.41222 0.605045 0.42642 0.576431 0.425559
3 0.525226 0.41889 0.549699 0.41975 0.549511 0.424484 0.525602 0.423623
2 0.522214 0.41136 0.549887 0.412005 0.550075 0.426205 0.522402 0.424268
3 0.166039 0.458692 0.164533 0.46321 0.178652 0.464716 0.179029 0.460413
2 0.167169 0.450947 0.162462 0.464286 0.187312 0.467513 0.190324 0.453744
3 0.212161 0.438898 0.211408 0.442341 0.232681 0.443417 0.233622 0.439544
3 0.213102 0.460628 0.234563 0.460843 0.234375 0.465146 0.212914 0.464931
2 0.212538 0.432229 0.209149 0.443847 0.219503 0.445138 0.233057 0.445138 0.236634 0.432874 0.222139 0.432229
2 0.212914 0.453528 0.209902 0.466652 0.234375 0.466867 0.236822 0.454604 0.227221 0.454389
3 0.21762 0.491824 0.239646 0.492255 0.23927 0.496988 0.217432 0.496773
2 0.217056 0.483434 0.214985 0.496988 0.240211 0.497633 0.242282 0.483649
3 0.15512 0.526678 0.153991 0.531411 0.175828 0.532702 0.17677 0.527754
2 0.15512 0.517427 0.177523 0.518718 0.178652 0.522375 0.175828 0.533778 0.151732 0.532272 0.153426 0.525387
3 0.225527 0.404905 0.238705 0.403184 0.238705 0.407702 0.225527 0.408563
2 0.227786 0.398236 0.224774 0.403184 0.223645 0.410714 0.23814 0.408993 0.2468 0.407917 0.247741 0.396299 0.235881 0.39716
3 0.101845 0.467943 0.10128 0.471601 0.111258 0.469234 0.111446 0.465577
2 0.101845 0.461059 0.099774 0.473537 0.115776 0.469449 0.118976 0.45654
3 0.05497 0.442126 0.057794 0.44191 0.052334 0.46278 0.048946 0.46278
2 0.050264 0.441695 0.059488 0.44191 0.052523 0.465792 0.043486 0.465792
3 0.263931 0.445783 0.277108 0.444707 0.27692 0.44901 0.263554 0.450086
2 0.262613 0.438253 0.261107 0.451592 0.283697 0.449226 0.28558 0.436102
3 0.255083 0.526463 0.279179 0.526678 0.278991 0.531196 0.255083 0.530981
2 0.25433 0.517427 0.280874 0.517857 0.278991 0.533778 0.251506 0.532487
3 0.299699 0.529475 0.324172 0.528399 0.323795 0.534423 0.299511 0.534423
2 0.297628 0.520224 0.325489 0.519363 0.323983 0.535499 0.296122 0.535499
3 0.303652 0.5071 0.303087 0.511618 0.325301 0.513769 0.326242 0.508606
2 0.303087 0.497849 0.299699 0.512694 0.326431 0.51463 0.329066 0.499355
3 0.294051 0.488167 0.317018 0.488812 0.317018 0.493976 0.295557 0.493115 0.294239 0.49204
2 0.294051 0.479561 0.292169 0.492685 0.296498 0.493976 0.317583 0.494836 0.319277 0.480207
3 0.308358 0.468589 0.331325 0.468374 0.330949 0.472892 0.308358 0.472892
2 0.306664 0.461274 0.305535 0.474613 0.330761 0.474828 0.332455 0.461059
3 0.312124 0.448795 0.33509 0.451377 0.334149 0.45568 0.311559 0.453313
2 0.31137 0.441265 0.308547 0.453959 0.335655 0.456971 0.337349 0.442771
3 0.313441 0.43395 0.335843 0.432014 0.335843 0.436532 0.313818 0.438038
2 0.311747 0.426205 0.31137 0.439114 0.336408 0.437392 0.337349 0.423838
3 0.308923 0.404475 0.321913 0.404045 0.321913 0.408133 0.308358 0.408348
2 0.307982 0.397806 0.306476 0.409639 0.330384 0.408348 0.331514 0.396945
3 0.358434 0.455895 0.381965 0.45525 0.381777 0.459337 0.35881 0.459983
2 0.356928 0.447289 0.383095 0.447289 0.381965 0.461274 0.355045 0.460198
3 0.357492 0.474182 0.381212 0.471386 0.381024 0.476119 0.358246 0.478701
2 0.354669 0.465577 0.371235 0.463855 0.382342 0.462565 0.382154 0.471816 0.381589 0.476334 0.378765 0.479131 0.354857 0.479346
3 0.352598 0.492255 0.352598 0.496773 0.377824 0.497418 0.377636 0.492685
2 0.351092 0.482573 0.371423 0.483219 0.371988 0.481282 0.377447 0.480207 0.378953 0.490103 0.3782 0.498924 0.349586 0.498064
5 0.676393 0.483434 0.697289 0.483219 0.697289 0.486661 0.676958 0.486876
4 0.646837 0.47827 0.673193 0.477194 0.674134 0.482573 0.697666 0.482358 0.697666 0.487522 0.674887 0.487306 0.674887 0.491824 0.647214 0.49247
3 0.433547 0.630164 0.456702 0.63167 0.455761 0.637048 0.43317 0.634897
2 0.432229 0.621343 0.430158 0.636833 0.456325 0.63963 0.457455 0.624139
3 0.471762 0.656842 0.497553 0.658133 0.497741 0.664157 0.471574 0.662866
2 0.469691 0.646945 0.498682 0.648666 0.498117 0.666523 0.468938 0.665017
3 0.463855 0.596601 0.478727 0.59531 0.478727 0.600904 0.46442 0.601549
2 0.462538 0.586489 0.462914 0.603055 0.48927 0.602194 0.488705 0.584768
3 0.522967 0.628873 0.52372 0.633821 0.549887 0.634036 0.549134 0.628657
2 0.519578 0.61833 0.549887 0.618546 0.550452 0.635972 0.519578 0.635972
3 0.554029 0.671687 0.559111 0.671256 0.563065 0.703313 0.557794 0.703744
2 0.545934 0.671256 0.560241 0.670396 0.564006 0.704604 0.549699 0.70568
3 0.584526 0.679647 0.589985 0.679647 0.589797 0.712995 0.584149 0.712564
2 0.575678 0.677065 0.591867 0.677711 0.591491 0.716007 0.574925 0.714931
3 0.607116 0.658778 0.608246 0.66222 0.618599 0.662005 0.62613 0.663511 0.633283 0.663511 0.629895 0.658348 0.619164 0.658348
2 0.603163 0.655766 0.623494 0.654475 0.625753 0.655766 0.630083 0.657702 0.634036 0.663942 0.6282 0.664372 0.618976 0.662866 0.608057 0.662866
3 0.695407 0.659854 0.723268 0.659854 0.723645 0.665663 0.696724 0.665232
2 0.691265 0.648451 0.693148 0.667599 0.724962 0.667814 0.722515 0.648236
5 0.768825 0.722892 0.803276 0.721601 0.804782 0.72784 0.767131 0.729346
4 0.766566 0.722246 0.814571 0.719234 0.815324 0.7287 0.76506 0.730637
7 0.7532 0.636833 0.753389 0.646515 0.775979 0.646945 0.801958 0.647375 0.801581 0.636618 0.779744 0.635327 0.764872 0.635542
6 0.750376 0.635112 0.751318 0.650172 0.804217 0.649312 0.801958 0.631024
