1 0.092432 0.220095 0.091114 0.228916 0.141378 0.224398 0.141943 0.215577
0 0.09488 0.185886 0.154179 0.179432 0.143825 0.229131 0.084337 0.234509 0.088102 0.222246 0.091679 0.209122
1 0.25113 0.19901 0.248117 0.208046 0.301581 0.219449 0.304405 0.211059
0 0.258095 0.164587 0.240211 0.211489 0.304593 0.225043 0.320783 0.178571
1 0.401544 0.210628 0.400979 0.22031 0.458208 0.223322 0.458208 0.214286
0 0.400414 0.174053 0.39439 0.224613 0.463102 0.229131 0.464232 0.211059 0.467056 0.178571
1 0.585467 0.166738 0.583773 0.175344 0.617282 0.18438 0.618976 0.176635
0 0.561747 0.126291 0.555723 0.172978 0.621611 0.189974 0.625941 0.144578
1 0.693524 0.177496 0.694089 0.185456 0.749247 0.190404 0.748494 0.182659
0 0.6843 0.144578 0.689759 0.190189 0.753765 0.194923 0.751506 0.180938 0.746047 0.149742
1 0.852598 0.211919 0.852598 0.219234 0.878765 0.225904 0.876883 0.218158
0 0.82436 0.176205 0.831325 0.203098 0.835843 0.219019 0.883095 0.230637 0.875941 0.208262 0.872364 0.195783 0.871047 0.189329
1 0.965173 0.237952 0.965173 0.245052 0.991152 0.248924 0.988705 0.241609
0 0.937688 0.204604 0.939194 0.214071 0.942206 0.223752 0.949548 0.247203 0.995858 0.253442 0.986634 0.228701 0.980798 0.21278
3 0.012801 0.550774 0.01186 0.555077 0.023155 0.556153 0.023908 0.55185
2 0.012801 0.542599 0.009036 0.556799 0.030497 0.557444 0.032756 0.548623 0.029932 0.543675
3 0.088855 0.546687 0.08942 0.550774 0.10128 0.546902 0.100904 0.542814
2 0.08622 0.538511 0.087349 0.55185 0.110693 0.543675 0.108998 0.530336
3 0.230986 0.577668 0.230233 0.582616 0.243788 0.584552 0.244164 0.580034
2 0.231175 0.568632 0.227786 0.583692 0.25433 0.585843 0.256589 0.570998
3 0.406438 0.476334 0.406626 0.481067 0.420557 0.480852 0.420557 0.476334
2 0.404556 0.467943 0.404367 0.481928 0.405874 0.482143 0.429029 0.481713 0.430911 0.479561 0.430911 0.467513
3 0.401355 0.540232 0.401355 0.545181 0.425075 0.544966 0.425264 0.540448
2 0.398532 0.531411 0.398343 0.546472 0.425452 0.546256 0.42564 0.54475 0.425828 0.531196
3 0.505648 0.477194 0.506401 0.481713 0.528426 0.481497 0.528426 0.476334
2 0.503012 0.469019 0.503389 0.482788 0.528803 0.482788 0.528426 0.469234
3 0.509413 0.53722 0.509977 0.542384 0.525226 0.540663 0.524661 0.535499
2 0.507718 0.52926 0.509789 0.543244 0.535392 0.540448 0.534639 0.528614 0.532191 0.526033
3 0.602221 0.510972 0.602786 0.515491 0.615776 0.512048 0.615399 0.50753
2 0.597703 0.503227 0.600904 0.517642 0.624059 0.511188 0.624059 0.509682 0.625376 0.508606 0.622364 0.496558
3 0.631965 0.549268 0.631777 0.554647 0.646273 0.554217 0.646461 0.549053
2 0.62933 0.540232 0.630271 0.555077 0.631777 0.555293 0.654367 0.554647 0.65625 0.552281 0.654932 0.540017
3 0.690889 0.476119 0.692206 0.480852 0.704066 0.476764 0.702937 0.472246
2 0.686182 0.46988 0.691265 0.483003 0.713102 0.475688 0.708208 0.461919
3 0.6907 0.540663 0.690512 0.545396 0.704254 0.545396 0.704443 0.540878
2 0.687688 0.533348 0.68863 0.547978 0.711596 0.547332 0.714044 0.542384 0.712538 0.532487
3 0.817771 0.533563 0.817959 0.538296 0.830196 0.538296 0.829631 0.533993
2 0.814947 0.526463 0.81683 0.540232 0.838479 0.540448 0.836596 0.526678
3 0.915286 0.534854 0.916416 0.540017 0.927899 0.538296 0.927146 0.533348
2 0.913215 0.527539 0.916227 0.541093 0.935241 0.538511 0.932982 0.525602
