1 0.475962 0.377885 0.476442 0.388782 0.515385 0.388462 0.514904 0.378205
0 0.44375 0.34359 0.44351 0.395192 0.522115 0.392949 0.516587 0.339103 0.45 0.342308
1 0.661298 0.366026 0.6625 0.376923 0.729808 0.379487 0.728606 0.369231
0 0.651923 0.33109 0.658173 0.380769 0.733894 0.383974 0.724038 0.332372
1 0.247837 0.300641 0.247837 0.307692 0.29375 0.30609 0.293269 0.299359 0.257933 0.300641
1 0.262981 0.291026 0.263221 0.297756 0.293269 0.297436 0.293269 0.293269 0.28149 0.291667
0 0.317067 0.276603 0.319712 0.316987 0.297115 0.31891 0.275721 0.321474 0.237019 0.322436 0.238221 0.279487 0.285096 0.283654 0.309856 0.278526
3 0.813221 0.672436 0.816346 0.677244 0.836779 0.665705 0.834375 0.660577
2 0.805529 0.663782 0.813942 0.680128 0.837981 0.666667 0.830048 0.651282
3 0.691106 0.696154 0.692548 0.701923 0.716346 0.694551 0.714904 0.688782
2 0.686538 0.684295 0.686538 0.689423 0.689664 0.699038 0.689664 0.708333 0.712019 0.701282 0.711298 0.697115 0.718029 0.695513 0.717067 0.685897 0.713702 0.677564 0.705769 0.678846 0.697836 0.680769 0.693269 0.680769 0.690625 0.683013 0.688462 0.684615 0.68726 0.684615
3 0.604567 0.683654 0.604086 0.688782 0.630529 0.697756 0.63101 0.692308 0.605769 0.683333
2 0.604327 0.674679 0.602404 0.689744 0.632692 0.699359 0.632692 0.680128
3 0.660577 0.58718 0.661058 0.592628 0.676683 0.592949 0.676202 0.586859
2 0.656731 0.577885 0.659375 0.59391 0.686538 0.592949 0.684375 0.580128 0.68149 0.577564
3 0.792067 0.598718 0.792788 0.603846 0.816827 0.603846 0.815865 0.598077
2 0.787019 0.589744 0.789663 0.605449 0.818029 0.604487 0.814183 0.588141 0.788221 0.588141
3 0.497596 0.552244 0.497356 0.557051 0.521154 0.561218 0.521635 0.556731 0.520433 0.555769
2 0.495433 0.54391 0.49399 0.557051 0.521875 0.56218 0.522115 0.560577 0.522596 0.548077 0.496154 0.54359
3 0.435337 0.517628 0.434856 0.521795 0.459135 0.525 0.459375 0.519551
2 0.433894 0.508333 0.431971 0.522115 0.460096 0.526282 0.461298 0.513782 0.459375 0.510897
3 0.332212 0.699359 0.33101 0.70609 0.358654 0.714103 0.360577 0.708013
2 0.33101 0.694551 0.327404 0.705128 0.360096 0.716346 0.36226 0.705769 0.363702 0.697436 0.335577 0.689103 0.333173 0.694231
3 0.172596 0.697756 0.172596 0.704487 0.203365 0.700641 0.203125 0.69391
2 0.170433 0.68718 0.170192 0.705128 0.205288 0.701282 0.206731 0.691346 0.20649 0.681731 0.172837 0.685897
3 0.05601 0.709615 0.055769 0.716346 0.086058 0.708654 0.0875 0.701282
2 0.054087 0.698718 0.052404 0.718269 0.08774 0.711538 0.089663 0.698077 0.082933 0.690705
3 0.101923 0.592949 0.101442 0.598718 0.119231 0.59968 0.119471 0.59391
2 0.101683 0.583333 0.098317 0.60032 0.129567 0.601603 0.133413 0.58782 0.131731 0.583333
3 0.188462 0.589103 0.187981 0.594551 0.216106 0.593269 0.217067 0.5875
2 0.186779 0.579167 0.184615 0.595513 0.217067 0.594551 0.21899 0.579487 0.216827 0.577885
3 0.36274 0.570513 0.358654 0.6 0.364183 0.60032 0.368029 0.570833
2 0.353846 0.56891 0.348558 0.601923 0.364904 0.603846 0.36899 0.569872
3 0.324519 0.520192 0.323558 0.525 0.340625 0.528526 0.348077 0.529808 0.348558 0.524359
2 0.323317 0.510577 0.319952 0.525 0.348558 0.530769 0.351683 0.515705
3 0.199519 0.497115 0.199038 0.501923 0.221875 0.499679 0.224519 0.499038 0.225481 0.494872
2 0.197837 0.488141 0.196635 0.502564 0.225 0.500641 0.227885 0.486538 0.226442 0.485897
4 0.3875 0.547436 0.386538 0.571795 0.47524 0.572436 0.474519 0.549359
5 0.421394 0.55609 0.421635 0.565385 0.473077 0.565385 0.473317 0.55641
4 0.480048 0.614103 0.480529 0.632692 0.546875 0.628205 0.546635 0.614744
5 0.500481 0.618269 0.500721 0.626923 0.545192 0.625 0.544712 0.616667
4 0.48101 0.654808 0.48101 0.674038 0.550481 0.668269 0.548558 0.655449
5 0.502404 0.659295 0.502644 0.668269 0.549038 0.666346 0.548317 0.658013
4 0.482933 0.69968 0.483654 0.720513 0.55625 0.715705 0.555288 0.69968
5 0.505288 0.704808 0.505529 0.714103 0.553846 0.713141 0.552885 0.703526
4 0.383894 0.643269 0.382933 0.671474 0.477644 0.671795 0.477404 0.642628
5 0.420433 0.650962 0.419712 0.663462 0.475962 0.66282 0.475962 0.650962
