3 0.474586 0.559596 0.475151 0.566265 0.495294 0.562823 0.494164 0.555938
2 0.470633 0.547547 0.473456 0.568632 0.510354 0.561747 0.507907 0.542384 0.504706 0.540663
3 0.476657 0.525172 0.477033 0.531842 0.4968 0.529045 0.496047 0.522375
2 0.473645 0.513554 0.475527 0.533348 0.511107 0.529045 0.511295 0.527754 0.509977 0.509036 0.508471 0.508391 0.474962 0.512263
3 0.193901 0.708907 0.193336 0.715361 0.212161 0.717943 0.212538 0.711274
2 0.191642 0.696213 0.189759 0.717083 0.224209 0.720955 0.226092 0.701592 0.224774 0.699871 0.193712 0.695783
3 0.258283 0.533348 0.25753 0.539587 0.275414 0.542814 0.276544 0.53636
2 0.258283 0.521299 0.254142 0.540878 0.288404 0.547332 0.292357 0.527108
3 0.593562 0.6037 0.594126 0.6108 0.615211 0.608219 0.61427 0.600904
2 0.588667 0.590792 0.591679 0.613382 0.61427 0.6108 0.630083 0.608434 0.627447 0.586704 0.60994 0.58821
3 0.654367 0.630809 0.654556 0.637048 0.674511 0.635327 0.673569 0.628657 0.65512 0.630164
2 0.650791 0.6179 0.653238 0.639415 0.689383 0.635112 0.688253 0.615964 0.686747 0.614028 0.652485 0.617255
3 0.746611 0.533133 0.755083 0.549268 0.762801 0.564329 0.767131 0.561317 0.759601 0.546256 0.751694 0.531196 0.75 0.53012 0.746235 0.532272
2 0.743223 0.529475 0.761483 0.567126 0.77692 0.556583 0.757907 0.520439
3 0.910392 0.474182 0.912462 0.479561 0.927334 0.474828 0.924887 0.469449
2 0.906062 0.464501 0.910956 0.482358 0.938441 0.473322 0.931476 0.45611
3 0.037274 0.595525 0.037462 0.601334 0.058735 0.598537 0.060429 0.597246 0.060429 0.592083
2 0.03558 0.584122 0.034639 0.60284 0.047628 0.602194 0.058735 0.601549 0.062312 0.59617 0.062123 0.586058 0.063441 0.58154 0.061559 0.580465 0.036521 0.584122
3 0.038592 0.696644 0.03878 0.703098 0.064759 0.702453 0.064947 0.695568
2 0.036521 0.684596 0.036709 0.704819 0.066453 0.704389 0.067018 0.683305
3 0.072854 0.703313 0.072854 0.709983 0.089232 0.708692 0.088855 0.701807
2 0.069465 0.69148 0.069842 0.711919 0.099586 0.709983 0.099398 0.694923 0.098268 0.69105 0.097139 0.687823 0.071913 0.690189
3 0.043298 0.639845 0.043486 0.645654 0.068148 0.643072 0.068148 0.636833
2 0.041227 0.628442 0.040286 0.648021 0.070218 0.645654 0.07116 0.624355 0.041416 0.627582
3 0.914157 0.294535 0.916039 0.299268 0.937124 0.293675 0.934864 0.289372
2 0.907944 0.28636 0.913968 0.302281 0.939571 0.295396 0.932041 0.279905
3 0.952372 0.299699 0.954631 0.303787 0.975715 0.296041 0.972515 0.291738
2 0.947101 0.292384 0.953125 0.306368 0.978539 0.297117 0.969315 0.284423
3 0.057041 0.458046 0.056288 0.463855 0.07323 0.462565 0.07323 0.45654
2 0.055346 0.447719 0.053276 0.465792 0.083961 0.463425 0.084902 0.444923
3 0.067771 0.369406 0.067018 0.374785 0.083961 0.373924 0.083773 0.368546
2 0.0657 0.359294 0.063065 0.376721 0.094315 0.375 0.096197 0.362952 0.094315 0.357143
3 0.003577 0.416523 0.003389 0.421041 0.017696 0.418675 0.017884 0.413511
2 0.002824 0.407057 0.000377 0.423408 0.005648 0.422978 0.026167 0.41889 0.028426 0.401463 0.00433 0.406626
3 0.203878 0.317556 0.203502 0.322504 0.221197 0.322719 0.221574 0.317556
2 0.200678 0.308305 0.19936 0.324656 0.201619 0.324656 0.231928 0.32401 0.23381 0.307444 0.201431 0.307444
3 0.351468 0.28679 0.351845 0.291954 0.370294 0.290232 0.369729 0.284854
2 0.347515 0.277539 0.349209 0.29346 0.38253 0.290663 0.381589 0.274527 0.380271 0.273666 0.351092 0.276463
3 0.500753 0.263554 0.501506 0.268503 0.530497 0.26506 0.529932 0.259682
2 0.4968 0.253873 0.498494 0.271299 0.531815 0.267642 0.53012 0.25
3 0.552899 0.311747 0.554782 0.317556 0.572289 0.312392 0.570595 0.307229
2 0.548004 0.304002 0.552523 0.319492 0.556664 0.318632 0.582831 0.310671 0.583961 0.30938 0.584526 0.306368 0.580949 0.295181 0.579066 0.294535 0.558923 0.299484 0.549322 0.302711
3 0.66698 0.318632 0.666604 0.325086 0.6843 0.326807 0.684864 0.320783
2 0.666039 0.306799 0.66491 0.325947 0.697477 0.330034 0.699736 0.317556 0.69823 0.310886 0.668675 0.306583
3 0.679029 0.366179 0.679217 0.371127 0.69823 0.370267 0.696913 0.364673
2 0.673946 0.356713 0.678464 0.373709 0.711408 0.370912 0.711785 0.369191 0.707831 0.354991 0.707078 0.35327 0.674511 0.356497
3 0.778426 0.289157 0.778614 0.292599 0.790474 0.294535 0.804593 0.296687 0.804782 0.292814 0.789721 0.290017
2 0.774473 0.283563 0.775791 0.292599 0.79311 0.295611 0.804782 0.297762 0.806664 0.296256 0.806664 0.289157 0.805911 0.284854 0.804782 0.283348 0.783509 0.282487 0.77692 0.282917
3 0.187312 0.070998 0.187312 0.074871 0.196724 0.071213 0.201995 0.070138 0.202184 0.06648
2 0.183923 0.064544 0.183923 0.075732 0.186935 0.077022 0.201995 0.071644 0.212914 0.069062 0.213479 0.057229 0.212914 0.056368 0.199172 0.058735
3 0.406438 0.084552 0.405874 0.088425 0.421498 0.090146 0.422252 0.085843
2 0.404556 0.075516 0.402108 0.089716 0.432605 0.093373 0.435429 0.077883
3 0.411145 0.026463 0.412086 0.039802 0.41698 0.039157 0.415851 0.026033
2 0.401355 0.020654 0.403238 0.045826 0.420557 0.043675 0.417545 0.018072
3 0.514872 0.063898 0.51506 0.068417 0.528991 0.068201 0.528803 0.063898
2 0.510919 0.05809 0.511107 0.069707 0.535956 0.069492 0.535203 0.057444
3 0.817395 0.045611 0.818524 0.049484 0.84055 0.049914 0.839797 0.045611
2 0.814194 0.039802 0.817395 0.05099 0.841491 0.051205 0.840926 0.045611 0.835279 0.039372
3 0.872364 0.074225 0.873306 0.077453 0.892884 0.077453 0.892696 0.075732 0.891566 0.07401
2 0.868411 0.069707 0.872553 0.078959 0.894578 0.077883 0.892696 0.073795 0.885919 0.068417 0.869729 0.068847
3 0.300828 0.128227 0.301205 0.132745 0.317395 0.128657 0.31683 0.124355
2 0.296122 0.120912 0.298004 0.134897 0.328878 0.127582 0.326619 0.114028
3 0.208961 0.391136 0.208584 0.396084 0.22628 0.395439 0.227221 0.391781
2 0.207831 0.380594 0.205008 0.396945 0.214797 0.39673 0.226657 0.395869 0.237764 0.394148 0.23927 0.386618 0.238328 0.381239 0.23814 0.380594 0.209337 0.379948
