1 0.257342 0.185886 0.338102 0.179432 0.337538 0.190835 0.256777 0.196859
0 0.260354 0.14759 0.249247 0.202453 0.34262 0.194923 0.34808 0.138124
1 0.524096 0.174484 0.578502 0.183735 0.579819 0.189329 0.524096 0.181368
1 0.524661 0.183305 0.580572 0.191265 0.581325 0.196644 0.524849 0.189974
1 0.52805 0.192556 0.582831 0.199225 0.583396 0.205895 0.52805 0.199225
0 0.517884 0.160499 0.518449 0.201807 0.538404 0.204174 0.586032 0.209122 0.580008 0.182874 0.572477 0.180723 0.569465 0.166523
1 0.572477 0.172117 0.59808 0.175344 0.598456 0.181583 0.573042 0.177711
0 0.604104 0.169535 0.611258 0.210198 0.587349 0.208477 0.581137 0.182229 0.572854 0.179432 0.572666 0.17685 0.57116 0.165448
1 0.780874 0.219234 0.846574 0.226119 0.849774 0.2358 0.784074 0.229776
0 0.764684 0.179647 0.783133 0.235155 0.855798 0.241179 0.850151 0.229776 0.840173 0.20654 0.835279 0.193632 0.834149 0.188038
