1 0.35 0.173077 0.394952 0.173077 0.394471 0.180128 0.349279 0.180449
0 0.34976 0.148077 0.34351 0.183654 0.398558 0.183333 0.402885 0.148718
3 0.233654 0.348397 0.245913 0.349038 0.245433 0.352564 0.233173 0.351923
2 0.234135 0.34359 0.231971 0.352885 0.249038 0.353846 0.250721 0.344872
3 0.376202 0.346474 0.388462 0.346474 0.388462 0.35 0.375962 0.35
2 0.375721 0.341346 0.37524 0.350321 0.392067 0.350962 0.391827 0.341667
3 0.647837 0.326603 0.665385 0.322436 0.666106 0.32532 0.649038 0.329167
2 0.644471 0.321795 0.648077 0.33109 0.667308 0.325962 0.663702 0.316987
3 0.334135 0.357051 0.345192 0.357372 0.345192 0.360577 0.334135 0.360577
2 0.333173 0.351923 0.349279 0.352885 0.349519 0.361859 0.333413 0.361218
3 0.177163 0.453526 0.198317 0.454487 0.197837 0.458974 0.176923 0.458013
2 0.176202 0.445833 0.174279 0.458974 0.198317 0.460577 0.2 0.448397
3 0.151202 0.508333 0.173317 0.516987 0.171635 0.521154 0.149519 0.51218
2 0.151683 0.499679 0.147115 0.5125 0.172356 0.522756 0.177885 0.509295
3 0.193269 0.520513 0.216106 0.523077 0.215385 0.527564 0.192548 0.525
2 0.193029 0.511859 0.190385 0.526282 0.215625 0.529487 0.218029 0.515064
3 0.169231 0.546154 0.192067 0.545513 0.191827 0.55 0.16899 0.55032
2 0.16875 0.538141 0.167548 0.552244 0.19375 0.551923 0.193269 0.538141
3 0.278846 0.49391 0.30024 0.492628 0.30024 0.497115 0.278846 0.498077
2 0.278125 0.486218 0.276442 0.499359 0.300721 0.498397 0.301683 0.484936
3 0.360577 0.426603 0.380769 0.42532 0.38125 0.428526 0.360817 0.429808
2 0.359615 0.422115 0.38125 0.419872 0.381971 0.429167 0.360337 0.430769
3 0.369712 0.474359 0.390625 0.473718 0.390865 0.477244 0.369952 0.477564
2 0.367788 0.46859 0.368029 0.478846 0.391346 0.477564 0.391346 0.46859
3 0.395433 0.433013 0.415865 0.432051 0.415865 0.435897 0.395673 0.436218
2 0.394471 0.427885 0.394712 0.4375 0.416346 0.436859 0.415865 0.427244
5 0.343269 0.500641 0.366587 0.50032 0.366587 0.505449 0.343029 0.505128
4 0.33101 0.499038 0.367548 0.499038 0.367788 0.507692 0.330529 0.507692
3 0.475 0.451923 0.494952 0.451282 0.495192 0.455449 0.475481 0.455769
2 0.473798 0.446474 0.474279 0.456731 0.495913 0.45641 0.494952 0.446474
3 0.474038 0.503205 0.495192 0.503526 0.495192 0.507051 0.474038 0.507372
2 0.472837 0.497115 0.473077 0.508974 0.496154 0.508333 0.495192 0.497436
3 0.433654 0.519231 0.454327 0.51859 0.454327 0.522756 0.433894 0.523077
2 0.43101 0.5125 0.43149 0.524359 0.455048 0.524038 0.455048 0.514744 0.453125 0.511859 0.43101 0.511859
3 0.430769 0.54391 0.452163 0.545192 0.452163 0.549038 0.43101 0.548397
2 0.429087 0.53718 0.428606 0.549359 0.453365 0.55032 0.453125 0.538782 0.450962 0.538141
3 0.5375 0.5 0.557452 0.496474 0.558413 0.500641 0.538942 0.504167
2 0.534856 0.49391 0.5375 0.505449 0.559615 0.501603 0.556971 0.490385 0.535577 0.49359
3 0.563221 0.451923 0.564183 0.469551 0.56899 0.469872 0.567308 0.452244
2 0.557933 0.450962 0.558894 0.471154 0.569712 0.471474 0.568029 0.451282
3 0.65601 0.496795 0.676683 0.495513 0.677404 0.499359 0.656731 0.500641
2 0.653125 0.490064 0.655048 0.502244 0.678365 0.50032 0.675962 0.488462
3 0.109856 0.65641 0.133894 0.663141 0.131971 0.667949 0.107933 0.661538
2 0.111538 0.646474 0.104087 0.661859 0.131971 0.671154 0.13774 0.655769 0.1375 0.653846
3 0.223077 0.69968 0.248798 0.700962 0.248077 0.707372 0.222356 0.70609
2 0.221875 0.690064 0.219712 0.707372 0.249038 0.709936 0.250962 0.691667 0.222356 0.690385
5 0.23101 0.65032 0.26226 0.649359 0.262019 0.655128 0.230529 0.65609
4 0.219231 0.647115 0.21851 0.659295 0.263221 0.657692 0.263462 0.646154
3 0.221875 0.757372 0.249519 0.758013 0.248798 0.764744 0.221635 0.763462
2 0.221875 0.745833 0.219712 0.764103 0.249279 0.766026 0.252404 0.748397
3 0.316827 0.774359 0.332933 0.772756 0.333173 0.779487 0.316587 0.78109
2 0.315385 0.765385 0.315385 0.782372 0.339904 0.780449 0.338942 0.763141
3 0.222356 0.810897 0.25024 0.810256 0.24976 0.816987 0.221875 0.817308 0.222115 0.81218
2 0.222115 0.80032 0.219712 0.81891 0.251202 0.817949 0.252404 0.798718
3 0.116346 0.819231 0.144231 0.820192 0.143269 0.826282 0.115865 0.825321
2 0.116587 0.807692 0.113702 0.826282 0.144471 0.827244 0.147356 0.808654 0.146394 0.808333
3 0.059615 0.852564 0.086058 0.850962 0.086058 0.857372 0.059615 0.859295
2 0.058173 0.842628 0.057692 0.861859 0.08726 0.861859 0.08774 0.839744 0.058173 0.840705
3 0.086058 0.735897 0.11226 0.740385 0.111058 0.747115 0.085096 0.742308
2 0.087019 0.725641 0.083413 0.744231 0.111538 0.750641 0.114904 0.730769
3 0.134856 0.765705 0.160096 0.774359 0.157692 0.78141 0.132692 0.772756
2 0.13774 0.75641 0.130529 0.773397 0.157452 0.783654 0.164423 0.767949 0.161779 0.764423
3 0.178125 0.865385 0.201923 0.866667 0.201683 0.873397 0.177644 0.872756
2 0.177885 0.854808 0.175721 0.874038 0.202163 0.876282 0.203846 0.856731
3 0.247115 0.847436 0.264183 0.847436 0.263942 0.855128 0.246635 0.854487
2 0.246875 0.836859 0.244712 0.85609 0.274519 0.857051 0.276202 0.841026 0.273798 0.836859 0.247356 0.836218
3 0.3 0.838782 0.313462 0.83718 0.328125 0.836859 0.327885 0.84359 0.313221 0.84391 0.29976 0.845192 0.3 0.839744
2 0.298558 0.827244 0.298077 0.847115 0.328846 0.845513 0.329808 0.828526 0.327885 0.825641
3 0.322596 0.702564 0.349038 0.703205 0.348558 0.709295 0.322596 0.708333
2 0.322596 0.693269 0.320913 0.709615 0.349519 0.711218 0.35024 0.695192 0.323558 0.692949
3 0.433894 0.696474 0.458413 0.698077 0.458173 0.703526 0.433894 0.702244
2 0.433654 0.686859 0.432452 0.703526 0.459135 0.705128 0.459856 0.689103 0.455529 0.688782 0.438462 0.688141
3 0.483413 0.802885 0.509375 0.804167 0.509615 0.811218 0.483654 0.809615
2 0.481731 0.791667 0.48149 0.810897 0.511538 0.8125 0.511298 0.801282 0.50625 0.793269
3 0.566346 0.707372 0.591106 0.708333 0.591346 0.713782 0.566587 0.7125
2 0.565144 0.697436 0.564664 0.713462 0.591586 0.715385 0.593029 0.71282 0.591827 0.698718
3 0.596875 0.7625 0.612019 0.768269 0.610817 0.773718 0.595192 0.767628
2 0.598077 0.754167 0.59375 0.768269 0.615144 0.776603 0.61899 0.761859
3 0.597837 0.826282 0.613702 0.829487 0.613462 0.835577 0.597356 0.832051
2 0.598317 0.815705 0.596635 0.833654 0.619952 0.838141 0.620913 0.820833
3 0.586058 0.87468 0.61226 0.879167 0.6125 0.886218 0.586058 0.88141
2 0.587019 0.863462 0.583414 0.869872 0.583414 0.883013 0.613462 0.887821 0.612981 0.867949
3 0.662019 0.8875 0.689423 0.884936 0.689904 0.891667 0.66274 0.894231
2 0.658894 0.876282 0.66226 0.896154 0.691346 0.892628 0.688221 0.873718
3 0.708414 0.665064 0.723798 0.665385 0.724519 0.670833 0.708654 0.670833
2 0.705529 0.657372 0.706731 0.672115 0.733894 0.672436 0.732933 0.658974 0.730769 0.657051 0.705288 0.65609
3 0.698317 0.736859 0.724038 0.735577 0.72476 0.741346 0.699038 0.742628
2 0.694471 0.726603 0.696875 0.744231 0.726202 0.742949 0.723317 0.728205 0.721394 0.726603
3 0.734375 0.861859 0.751202 0.867949 0.750481 0.874038 0.733654 0.868269
2 0.732933 0.849359 0.73101 0.86891 0.760817 0.880769 0.762019 0.865064 0.760817 0.860577
5 0.401202 0.691987 0.398317 0.727244 0.404327 0.727564 0.407212 0.691987 0.401442 0.690705
4 0.399038 0.689103 0.394471 0.741026 0.405288 0.742949 0.408894 0.690064 0.398558 0.688141 0.399038 0.690064
8 0.627885 0.545192 0.652644 0.545513 0.653365 0.551282 0.628125 0.551282
8 0.671635 0.541346 0.696394 0.541667 0.697115 0.547436 0.671875 0.547436
8 0.527644 0.869231 0.55649 0.86859 0.55649 0.875 0.527885 0.876603
8 0.716827 0.758013 0.745673 0.75641 0.746635 0.763141 0.717308 0.765064
8 0.481731 0.753526 0.508894 0.753205 0.508894 0.759936 0.481731 0.760256
8 0.438221 0.723077 0.466346 0.723718 0.466106 0.73109 0.438221 0.730128
8 0.379087 0.860897 0.408894 0.860577 0.409135 0.86891 0.379327 0.86859
8 0.428846 0.778205 0.427404 0.804487 0.432933 0.804487 0.433894 0.778846
8 0.299519 0.857692 0.33149 0.856731 0.33101 0.866026 0.299279 0.866987
8 0.097115 0.678526 0.127644 0.680449 0.126923 0.688462 0.095913 0.686859
8 0.751442 0.852244 0.780769 0.85 0.782692 0.858654 0.7625 0.859936 0.750962 0.855449
8 0.367308 0.783333 0.366827 0.790385 0.401202 0.792308 0.401442 0.784295
