3 0.136779 0.977885 0.135337 0.988462 0.180769 0.989103 0.18125 0.978205 0.159135 0.977885
2 0.136779 0.958013 0.131731 0.992308 0.180769 0.991667 0.183894 0.957692
3 0.192548 0.757692 0.191827 0.767308 0.231971 0.766667 0.232692 0.758974
2 0.193269 0.742949 0.189904 0.76891 0.232692 0.769872 0.233654 0.741987 0.207692 0.742308 0.19399 0.743269
3 0.244712 0.76859 0.244712 0.778205 0.264183 0.778846 0.271394 0.778205 0.271394 0.768269
2 0.244952 0.755769 0.24351 0.778846 0.271875 0.778846 0.273077 0.75609
3 0.241827 0.719551 0.241346 0.726923 0.266346 0.727885 0.27524 0.728846 0.27524 0.719872 0.259856 0.719872 0.248077 0.719231
2 0.24351 0.705449 0.240625 0.727564 0.276202 0.729808 0.276923 0.705769 0.259615 0.705769
3 0.765144 0.905769 0.766587 0.915385 0.796394 0.913782 0.795433 0.905128
2 0.761298 0.890705 0.763462 0.917628 0.797596 0.915064 0.794231 0.891667 0.778846 0.891026
2 0.807212 0.889103 0.811058 0.914103 0.839183 0.911218 0.835577 0.887821
3 0.8125 0.904167 0.813942 0.91218 0.827885 0.909936 0.832452 0.909615 0.838221 0.909936 0.836779 0.901282 0.826442 0.901923 0.81875 0.902564
