3 0.313441 0.740534 0.313065 0.745697 0.326996 0.745697 0.326807 0.740749
2 0.3125 0.731713 0.311182 0.748064 0.33622 0.748279 0.336596 0.734079 0.335279 0.732143
8 0.294992 0.777969 0.29198 0.803571 0.336032 0.805508 0.338102 0.780336
7 0.426958 0.813468 0.426581 0.82358 0.453502 0.825947 0.475904 0.826807 0.474586 0.815189 0.442959 0.814544
6 0.426017 0.812392 0.42564 0.824226 0.476468 0.828313 0.475151 0.814544
7 0.508283 0.810241 0.509413 0.820568 0.52372 0.820138 0.538968 0.820353 0.556476 0.819707 0.555911 0.806799 0.542545 0.806583
6 0.507342 0.809165 0.50866 0.821429 0.557229 0.820353 0.556664 0.805938 0.542357 0.805938
3 0.590926 0.783348 0.590738 0.789157 0.615776 0.789802 0.615399 0.783993
2 0.587914 0.773021 0.588479 0.790448 0.616717 0.790663 0.615587 0.774527 0.614646 0.773236 0.590173 0.772806
3 0.640813 0.77883 0.641378 0.784639 0.665663 0.785499 0.665098 0.779905
2 0.637613 0.769148 0.638366 0.77969 0.640248 0.786575 0.666604 0.787866 0.665474 0.771084 0.663404 0.770009 0.638931 0.768503
3 0.694842 0.782917 0.696913 0.787651 0.709337 0.782057 0.707267 0.777108
2 0.68863 0.773451 0.694277 0.788726 0.698795 0.788296 0.719126 0.778614 0.712726 0.762478 0.689947 0.77259
3 0.732492 0.772375 0.732492 0.777969 0.747364 0.777754 0.746611 0.772375
2 0.728916 0.762263 0.730798 0.77926 0.758095 0.77926 0.756401 0.763769 0.754706 0.761618 0.730045 0.762048
3 0.788215 0.796687 0.789721 0.802281 0.810806 0.796256 0.809864 0.791093
2 0.783321 0.787436 0.788215 0.804862 0.811747 0.798193 0.809488 0.785284 0.806476 0.781626
3 0.766754 0.697504 0.767696 0.702453 0.789345 0.701162 0.788592 0.696213
2 0.763554 0.688683 0.765625 0.704174 0.790851 0.702883 0.787839 0.690189 0.786709 0.687177
8 0.660768 0.677281 0.665098 0.712564 0.706702 0.710628 0.701431 0.675129
3 0.670557 0.66932 0.670934 0.674053 0.692959 0.673193 0.692206 0.66846 0.673004 0.669105
2 0.66698 0.660714 0.668298 0.675344 0.693901 0.674268 0.692206 0.662651 0.690324 0.658993
8 0.570595 0.679862 0.573419 0.715361 0.616152 0.712995 0.612011 0.677281
8 0.581514 0.792384 0.583961 0.834337 0.629895 0.83154 0.626883 0.791093
8 0.62933 0.791093 0.633848 0.831325 0.679217 0.827883 0.673569 0.788081
8 0.677523 0.790663 0.68317 0.83025 0.727221 0.826592 0.721386 0.787005
8 0.724021 0.787436 0.730798 0.828098 0.775602 0.823795 0.768637 0.783993
8 0.816077 0.780336 0.823983 0.820353 0.864646 0.815189 0.856175 0.776463
3 0.886672 0.692771 0.888178 0.697719 0.900979 0.695353 0.899661 0.69062
2 0.881777 0.684165 0.88686 0.699226 0.909827 0.694492 0.906438 0.682874 0.903238 0.680077 0.88366 0.68352
3 0.9343 0.723967 0.935806 0.7287 0.956702 0.725688 0.955008 0.720525 0.935053 0.723537
2 0.929217 0.716007 0.934111 0.731067 0.955008 0.728485 0.957831 0.72784 0.953878 0.71278 0.946913 0.71321 0.930158 0.714931
3 0.869917 0.623494 0.87067 0.627797 0.883283 0.626721 0.881965 0.622633
2 0.865211 0.614673 0.869164 0.629088 0.89119 0.626721 0.887613 0.612952 0.867282 0.614458
3 0.926393 0.608649 0.927711 0.612952 0.947101 0.611446 0.945971 0.606928
2 0.921498 0.601979 0.925828 0.615534 0.948419 0.613167 0.943901 0.599828 0.922816 0.601549
3 0.093373 0.736876 0.091867 0.740964 0.106928 0.748494 0.109375 0.743546
2 0.095256 0.728485 0.089797 0.742255 0.106363 0.75 0.108434 0.748494 0.112764 0.736446 0.111446 0.735155
3 0.001506 0.742255 0.000753 0.746343 0.013931 0.749355 0.014872 0.745052
2 0.017319 0.737522 0.016002 0.745912 0.014307 0.75043 0.003953 0.748064 0.0 0.747633 0.000188 0.74204 0.002447 0.734294 0.00433 0.733864 0.016943 0.736876
3 0.116152 0.362737 0.113893 0.371988 0.117093 0.372418 0.119541 0.362952
2 0.106739 0.359079 0.101657 0.376076 0.118599 0.373709 0.122176 0.356928
3 0.124247 0.388339 0.121235 0.398021 0.124247 0.397806 0.127259 0.388339
2 0.122929 0.386403 0.117846 0.40426 0.134224 0.403184 0.139495 0.384897
4 0.183923 0.283133 0.174134 0.311962 0.21009 0.306153 0.211596 0.299699 0.195218 0.300774 0.198983 0.281411
5 0.190136 0.302711 0.189006 0.307659 0.209902 0.305077 0.210655 0.300774
3 0.360693 0.425129 0.360504 0.428141 0.371047 0.427281 0.371047 0.424268
2 0.358998 0.41975 0.358622 0.430293 0.378012 0.427926 0.378953 0.419966 0.378012 0.418029
3 0.424887 0.362522 0.425075 0.365103 0.441642 0.364458 0.441642 0.361876
2 0.424322 0.357573 0.423381 0.365749 0.442206 0.365534 0.442771 0.358219 0.441453 0.356497
3 0.482869 0.346601 0.483246 0.349398 0.5 0.348967 0.5 0.345955
2 0.481551 0.341867 0.481551 0.350688 0.500941 0.349398 0.50113 0.342943 0.499812 0.340792 0.482681 0.341652
3 0.483434 0.421472 0.48381 0.424484 0.501318 0.423193 0.501506 0.420181
2 0.481363 0.414802 0.481363 0.425559 0.501694 0.424268 0.502071 0.419966 0.501318 0.413511
3 0.55064 0.383606 0.551205 0.386833 0.569277 0.385112 0.568901 0.381454
2 0.547628 0.378658 0.548758 0.387909 0.569654 0.385972 0.568901 0.376721 0.567583 0.375861 0.548569 0.378227
3 0.602033 0.284423 0.60241 0.28679 0.618035 0.286145 0.617658 0.283778
2 0.599774 0.28012 0.600715 0.287651 0.618976 0.28679 0.618035 0.281196 0.617282 0.279475 0.60128 0.28012
3 0.679029 0.371342 0.679593 0.373924 0.696348 0.373064 0.695783 0.370052
2 0.676017 0.366394 0.677711 0.375645 0.697101 0.37457 0.695783 0.365964 0.694277 0.365534 0.677523 0.366394
3 0.918486 0.334983 0.919051 0.337134 0.934111 0.337565 0.933735 0.334983 0.919051 0.334768
2 0.914533 0.329604 0.917733 0.33864 0.935241 0.33821 0.932982 0.329819
3 0.938441 0.380164 0.939194 0.382745 0.954819 0.382745 0.954254 0.379948 0.939383 0.379733
2 0.9343 0.374139 0.938253 0.383821 0.955196 0.384036 0.955761 0.38296 0.954819 0.378873 0.951807 0.375 0.950301 0.373709 0.935806 0.373924
3 0.836596 0.390921 0.838479 0.393718 0.853539 0.394363 0.85241 0.390921
2 0.833961 0.385757 0.836408 0.395439 0.840361 0.396084 0.854669 0.39716 0.855798 0.396084 0.851657 0.385757 0.835279 0.385112
3 0.813441 0.332616 0.814571 0.335198 0.829066 0.334337 0.827748 0.33154
2 0.810806 0.327668 0.812312 0.334337 0.812124 0.337995 0.830008 0.336489 0.828125 0.326807
3 0.502259 0.562823 0.502447 0.56691 0.515248 0.566265 0.51506 0.562177
2 0.5 0.555938 0.500377 0.568417 0.505271 0.569277 0.523343 0.567986 0.523343 0.557444 0.521084 0.554862 0.501506 0.555293
3 0.576619 0.562608 0.576996 0.56691 0.589985 0.56605 0.58942 0.561962
2 0.573419 0.555293 0.574548 0.567986 0.592056 0.567556 0.59695 0.567126 0.598268 0.565835 0.598456 0.561532 0.597139 0.553141 0.574925 0.554647
3 0.726657 0.519793 0.727786 0.523451 0.747364 0.52216 0.7468 0.518287
2 0.722892 0.512478 0.725151 0.524742 0.747929 0.523236 0.748494 0.520654 0.745105 0.510542 0.723645 0.511833
3 0.775038 0.523666 0.776355 0.527754 0.795557 0.523451 0.793863 0.519363 0.777108 0.523021
2 0.769767 0.516351 0.774473 0.529045 0.796687 0.524527 0.79198 0.512048 0.784827 0.513339
3 0.844126 0.514845 0.845068 0.518287 0.862764 0.517212 0.861446 0.513124
2 0.839608 0.507745 0.842809 0.520439 0.86427 0.519148 0.860316 0.50667
3 0.978351 0.518718 0.97948 0.52173 0.995858 0.521084 0.994917 0.518072 0.980233 0.518503
2 0.973645 0.511833 0.977786 0.523451 0.997176 0.522806 0.993599 0.511403 0.974962 0.511403
3 0.943148 0.516781 0.944654 0.520654 0.955008 0.519363 0.953313 0.515921
2 0.939759 0.510542 0.943524 0.52216 0.962726 0.520439 0.958396 0.508606 0.940889 0.510327
3 0.919051 0.532272 0.919804 0.535929 0.937688 0.537436 0.936935 0.533563
2 0.915286 0.524742 0.918486 0.537005 0.939194 0.538511 0.93637 0.525818 0.916039 0.523666
3 0.90625 0.496988 0.90738 0.50043 0.924134 0.5 0.923381 0.496127
2 0.902485 0.490964 0.906438 0.502367 0.926205 0.501506 0.921875 0.490318
7 0.053652 0.75043 0.052711 0.75667 0.060994 0.754948 0.069654 0.759036 0.071724 0.757745 0.072289 0.751076 0.064947 0.75
6 0.052711 0.749139 0.051958 0.75796 0.060806 0.756024 0.069277 0.760327 0.072289 0.758391 0.073042 0.749139
8 0.158133 0.388984 0.146837 0.431583 0.197289 0.426635 0.207831 0.383821
