5 0.683735 0.46364 0.685994 0.469449 0.695595 0.466007 0.697477 0.468158 0.717432 0.464716 0.71555 0.458477
4 0.672252 0.463855 0.674887 0.474182 0.71875 0.465577 0.716114 0.455895
5 0.807982 0.524742 0.809488 0.52969 0.842432 0.523451 0.840738 0.518718
4 0.797628 0.525818 0.842432 0.516997 0.843562 0.524312 0.798946 0.534423
5 0.782756 0.456325 0.783509 0.460628 0.807041 0.45611 0.806664 0.451807
4 0.774661 0.456325 0.775791 0.46364 0.807605 0.456756 0.807229 0.450301
5 0.688253 0.554647 0.690136 0.563038 0.717997 0.556368 0.717432 0.553787 0.72741 0.549914 0.726845 0.547332
4 0.676581 0.555077 0.679029 0.567126 0.729104 0.555077 0.727221 0.54475
5 0.259224 0.88296 0.259601 0.888339 0.275414 0.886833 0.275414 0.88167
4 0.258095 0.874785 0.258471 0.888984 0.276355 0.887909 0.276355 0.879733 0.266754 0.880594 0.26619 0.873924
5 0.372741 0.909639 0.373306 0.917384 0.40305 0.912651 0.402108 0.905336
4 0.365587 0.894793 0.368035 0.91889 0.403991 0.913726 0.402673 0.90426 0.377071 0.907702 0.374812 0.893503
5 0.42884 0.906411 0.429029 0.915017 0.44503 0.912436 0.444842 0.90383
4 0.418298 0.891997 0.420369 0.917599 0.445971 0.913081 0.445407 0.903184 0.431476 0.904475 0.430158 0.890275
8 0.461785 0.911145 0.465926 0.952453 0.498494 0.949441 0.493788 0.907272
8 0.461973 0.953744 0.464608 0.982358 0.49887 0.978485 0.49567 0.950301
5 0.558923 0.838425 0.560053 0.843589 0.580949 0.835843 0.580761 0.830895
4 0.540098 0.844019 0.541416 0.851549 0.58189 0.836274 0.581137 0.829819
8 0.642696 0.890706 0.65305 0.936747 0.681476 0.928571 0.671687 0.881454
5 0.701807 0.851764 0.704443 0.860155 0.734187 0.851979 0.732492 0.844449
4 0.69183 0.838425 0.697666 0.862952 0.73494 0.852625 0.732869 0.843374 0.704631 0.849398 0.700489 0.837134
5 0.786521 0.870912 0.78991 0.880379 0.811935 0.873279 0.809488 0.864243
4 0.769578 0.854346 0.777108 0.885542 0.813253 0.875215 0.810806 0.862737 0.790286 0.868546 0.785392 0.850043
