1 0.278614 0.202022 0.278991 0.208262 0.316642 0.201592 0.31683 0.194923
0 0.26186 0.228055 0.284639 0.229346 0.293298 0.226549 0.302334 0.224182 0.318712 0.222676 0.321348 0.218804 0.331514 0.217298 0.339608 0.177281 0.298569 0.184811 0.275226 0.181368 0.271461 0.193417 0.272026 0.206325
1 0.352786 0.189544 0.352221 0.195568 0.378389 0.190835 0.378389 0.185456
1 0.350715 0.19858 0.350151 0.205034 0.376694 0.200732 0.376694 0.195353
1 0.348268 0.207401 0.347703 0.212134 0.373682 0.207401 0.375376 0.203098
0 0.339797 0.178356 0.332078 0.217298 0.3782 0.20654 0.39872 0.201162 0.40192 0.181583 0.400791 0.164802
1 0.340173 0.234509 0.33942 0.240534 0.367282 0.237306 0.367658 0.231497
1 0.337914 0.243976 0.336973 0.250861 0.365023 0.246988 0.365399 0.241179
1 0.317395 0.257745 0.363328 0.251721 0.36314 0.258176 0.315889 0.263554
0 0.320407 0.221816 0.316265 0.244191 0.309111 0.268933 0.373682 0.262263 0.388178 0.259251 0.393449 0.231067 0.391378 0.212995 0.388931 0.205034 0.330572 0.218589 0.321724 0.21988
1 0.6907 0.180508 0.691642 0.189329 0.76186 0.185886 0.75866 0.17642
0 0.671122 0.149527 0.672816 0.164587 0.676393 0.165878 0.67564 0.173193 0.683358 0.190835 0.684864 0.192341 0.773343 0.187823 0.769202 0.182229 0.766943 0.173193 0.763931 0.164587 0.756024 0.161575 0.7532 0.14716
1 0.240211 0.671041 0.237387 0.690404 0.33189 0.70525 0.338855 0.685886
0 0.236258 0.601334 0.289721 0.594449 0.359187 0.601764 0.341491 0.718374 0.225904 0.700301 0.241717 0.614028
1 0.05177 0.30185 0.05064 0.307444 0.080761 0.302065 0.08189 0.296472
1 0.049699 0.310456 0.04744 0.317341 0.075678 0.311747 0.076807 0.306368
0 0.054405 0.287435 0.046122 0.307444 0.033133 0.33154 0.035768 0.331756 0.076054 0.32358 0.083208 0.322504 0.103539 0.284639
