1 0.641566 0.162435 0.667357 0.159639 0.668298 0.164802 0.642884 0.167169
1 0.642696 0.171041 0.668863 0.168244 0.670369 0.172762 0.642884 0.175559
1 0.64439 0.179217 0.671122 0.176205 0.673193 0.182444 0.645331 0.184596
0 0.618411 0.152969 0.685053 0.144578 0.696724 0.186962 0.623494 0.192986 0.614646 0.154045
1 0.320783 0.218804 0.381401 0.221601 0.381965 0.233649 0.318901 0.22741
0 0.319277 0.193847 0.390437 0.195568 0.387425 0.237522 0.312876 0.230852
1 0.032944 0.289372 0.049887 0.288941 0.079631 0.284208 0.07756 0.293244 0.030685 0.295826
0 0.043486 0.268933 0.028426 0.296472 0.030685 0.300129 0.04311 0.299053 0.079631 0.295396 0.096009 0.262048 0.097515 0.256885 0.075489 0.257745 0.051958 0.259251
1 0.932041 0.216222 0.972892 0.214931 0.975151 0.22074 0.934488 0.22117
1 0.939383 0.225473 0.977786 0.224828 0.98061 0.230637 0.942771 0.231067
0 0.917733 0.205034 0.977786 0.199441 0.98927 0.211059 0.996423 0.227194 0.99887 0.248709 0.940324 0.247418 0.932982 0.231713 0.925075 0.219234 0.919051 0.209768
5 0.204819 0.570138 0.231551 0.569277 0.231175 0.574441 0.205196 0.575301
5 0.205761 0.601979 0.232681 0.601119 0.232304 0.606282 0.206137 0.607143
5 0.192959 0.63167 0.21988 0.630809 0.219503 0.635972 0.193336 0.636833
4 0.205008 0.601334 0.233057 0.600473 0.233057 0.607143 0.205196 0.607573
4 0.192206 0.631024 0.220444 0.629948 0.220444 0.636618 0.192583 0.637263
4 0.203878 0.569707 0.232116 0.569062 0.232116 0.576377 0.204255 0.576592
5 0.330384 0.539587 0.359375 0.539157 0.359752 0.54475 0.329819 0.545826
4 0.329254 0.538511 0.360128 0.537866 0.360128 0.545826 0.328878 0.547117
5 0.323795 0.569492 0.353351 0.568201 0.353163 0.574441 0.32436 0.575732
4 0.322666 0.568847 0.35448 0.567556 0.354104 0.575516 0.323419 0.576807
5 0.319842 0.600043 0.350151 0.598967 0.349774 0.604776 0.319842 0.606067
4 0.319089 0.599182 0.350715 0.597892 0.350715 0.605637 0.318524 0.607358
5 0.313818 0.631454 0.34488 0.630379 0.344503 0.636403 0.313818 0.637478
4 0.313065 0.630594 0.345821 0.629733 0.345444 0.637263 0.313065 0.638554
3 0.50753 0.487091 0.535203 0.483864 0.53558 0.489673 0.507907 0.49247
2 0.504142 0.478701 0.534639 0.475904 0.536521 0.491824 0.506212 0.495052
3 0.425828 0.57358 0.443712 0.572935 0.443712 0.578959 0.425828 0.578744
2 0.424887 0.563253 0.456702 0.563683 0.455572 0.579174 0.453878 0.581971 0.422816 0.580895
3 0.511295 0.578313 0.53125 0.578959 0.531062 0.585413 0.510919 0.583692
2 0.510166 0.567341 0.543675 0.570353 0.542545 0.58821 0.509224 0.585413
3 0.595444 0.537866 0.62387 0.530551 0.625753 0.536145 0.597515 0.543675
2 0.591679 0.52926 0.621423 0.521084 0.626506 0.537436 0.596386 0.545611
3 0.589232 0.450947 0.594315 0.451162 0.597703 0.480852 0.592809 0.481282
2 0.580949 0.449871 0.597327 0.449441 0.601092 0.484294 0.583396 0.484509
8 0.799511 0.44148 0.846386 0.438253 0.857681 0.474398 0.809111 0.47827
8 0.729292 0.477625 0.753389 0.457401 0.759789 0.493976 0.73494 0.510112
8 0.818712 0.55895 0.866905 0.554002 0.8782 0.597461 0.825678 0.601549
3 0.849774 0.50043 0.874624 0.498709 0.876506 0.504948 0.850339 0.505809
2 0.844126 0.489673 0.866905 0.487737 0.874059 0.490534 0.877447 0.505594 0.847515 0.50667
3 0.976657 0.624785 0.995294 0.619406 0.996611 0.625645 0.979669 0.629948
2 0.972327 0.614673 0.993976 0.608219 0.999435 0.62543 0.978916 0.630809
3 0.430723 0.474828 0.447666 0.47117 0.448795 0.475904 0.431288 0.480207
2 0.428276 0.466652 0.448795 0.46278 0.458396 0.461274 0.459526 0.475904 0.431288 0.482143 0.42997 0.480422
