1 0.232304 0.16136 0.295557 0.153614 0.29631 0.164157 0.231551 0.170611
0 0.231363 0.123924 0.275226 0.120267 0.301017 0.118546 0.298946 0.16932 0.277297 0.16932 0.226657 0.17642
1 0.634036 0.081971 0.655309 0.083907 0.656815 0.090146 0.635354 0.087134
1 0.638554 0.090361 0.658697 0.092083 0.660203 0.097461 0.639307 0.095955
1 0.640248 0.098537 0.661145 0.100258 0.662651 0.106067 0.64119 0.104776
1 0.64119 0.129303 0.663404 0.130809 0.664345 0.136618 0.641002 0.135112 0.639307 0.129088
1 0.644955 0.138769 0.665286 0.14006 0.66698 0.14716 0.645143 0.145869 0.643449 0.138985
0 0.610128 0.06562 0.669992 0.071859 0.682794 0.113167 0.622553 0.107143
0 0.615399 0.110585 0.678087 0.118115 0.689947 0.163081 0.64119 0.159854 0.625565 0.158993
1 0.819277 0.129088 0.84262 0.126936 0.844315 0.132745 0.821724 0.135112
1 0.821724 0.138554 0.84695 0.136403 0.849021 0.142857 0.823607 0.145009
1 0.826431 0.148666 0.850339 0.14716 0.852974 0.153399 0.828125 0.155336
1 0.907756 0.123924 0.926205 0.123279 0.928652 0.128873 0.909827 0.129088
1 0.908886 0.132315 0.931099 0.132315 0.933547 0.139415 0.911145 0.1392
1 0.912462 0.142212 0.935994 0.142642 0.938253 0.149096 0.914345 0.149527 0.911898 0.142212
1 0.95802 0.122633 0.991529 0.123064 0.994164 0.129303 0.960467 0.128873
1 0.962538 0.13167 0.996235 0.133176 0.998117 0.13963 0.964985 0.138554 0.961785 0.1321
1 0.967056 0.141997 0.999624 0.142642 0.999812 0.148881 0.972139 0.14759
0 0.788215 0.115534 0.856551 0.1108 0.875188 0.156626 0.805723 0.163081
0 0.87613 0.107573 0.936559 0.105422 0.954066 0.147375 0.956514 0.15512 0.89759 0.154475 0.888366 0.130594 0.885542 0.126506
0 0.94503 0.107143 0.999812 0.107573 0.999624 0.154475 0.964232 0.152539 0.956137 0.130809
3 0.434864 0.327453 0.442771 0.327022 0.458773 0.328959 0.458208 0.333477 0.435053 0.331325
2 0.431664 0.331756 0.432605 0.323365 0.458208 0.322935 0.459526 0.334983
3 0.435994 0.384036 0.460655 0.38253 0.460843 0.388124 0.435617 0.389415
2 0.433735 0.374355 0.45802 0.372418 0.462726 0.376506 0.463102 0.3892 0.4343 0.39006
3 0.427711 0.41932 0.432041 0.41846 0.432605 0.436102 0.42884 0.436962
2 0.422063 0.421472 0.432229 0.416093 0.434676 0.449871 0.424699 0.453098
3 0.492658 0.460843 0.518449 0.455895 0.519767 0.461274 0.492846 0.466007
2 0.490587 0.452883 0.51939 0.450301 0.520896 0.462565 0.492093 0.467298
3 0.485693 0.323795 0.506024 0.326807 0.505836 0.332186 0.485504 0.329604 0.484752 0.323795
2 0.484375 0.322074 0.50753 0.325732 0.505648 0.341007 0.486634 0.337995
3 0.592244 0.305508 0.597327 0.304647 0.60448 0.33111 0.598833 0.331971
2 0.583961 0.307014 0.59808 0.303356 0.605986 0.332616 0.592056 0.335843
3 0.595821 0.40383 0.621423 0.401248 0.622364 0.407702 0.596574 0.410069
2 0.591867 0.396515 0.621423 0.393287 0.623306 0.408348 0.59488 0.41179
3 0.603916 0.428787 0.611258 0.427926 0.615587 0.459337 0.60881 0.459983
2 0.594691 0.428787 0.612199 0.425774 0.616529 0.459337 0.599021 0.461489
3 0.641378 0.399096 0.66698 0.395869 0.66811 0.401893 0.642884 0.40512
2 0.640248 0.391136 0.666227 0.388124 0.669428 0.404045 0.641943 0.406626 0.64006 0.391781
3 0.695218 0.439974 0.720633 0.436747 0.72308 0.444062 0.695971 0.446213
2 0.693336 0.437177 0.722703 0.43352 0.725151 0.445568 0.695595 0.450086
3 0.688441 0.409639 0.711408 0.402324 0.71442 0.408348 0.689947 0.415878
2 0.686935 0.407272 0.713291 0.399527 0.716303 0.408563 0.690136 0.41846
3 0.684111 0.370267 0.692959 0.369836 0.708584 0.374785 0.707643 0.381024 0.682982 0.373924
2 0.682229 0.36704 0.71009 0.373709 0.709337 0.382315 0.67997 0.375645
3 0.673569 0.334983 0.694654 0.33154 0.69616 0.33778 0.674134 0.340792
2 0.671875 0.333477 0.695407 0.330034 0.698419 0.345955 0.674887 0.349398
3 0.674887 0.309596 0.696536 0.305938 0.697854 0.311317 0.67564 0.31562
2 0.67244 0.304002 0.694842 0.300129 0.69936 0.312608 0.674887 0.317126
3 0.783697 0.33068 0.805911 0.33025 0.806288 0.336704 0.783509 0.336274
2 0.781626 0.329389 0.806476 0.328098 0.80817 0.338425 0.782568 0.337995
3 0.736634 0.443201 0.761483 0.437823 0.763554 0.443417 0.738517 0.44858
2 0.734752 0.434596 0.759601 0.430077 0.764496 0.444707 0.737952 0.450516
3 0.746988 0.545181 0.76073 0.541308 0.762425 0.547117 0.748494 0.550129
2 0.743976 0.537436 0.765813 0.531842 0.769767 0.546902 0.746235 0.552281
3 0.610504 0.614458 0.627824 0.615318 0.627071 0.621558 0.60994 0.621988
2 0.60881 0.604991 0.637236 0.605852 0.638178 0.623064 0.608622 0.622848
3 0.611446 0.570783 0.628765 0.569707 0.629895 0.576592 0.612199 0.577883
2 0.608246 0.561102 0.637613 0.55852 0.64006 0.578098 0.608998 0.580034
3 0.557982 0.564974 0.57436 0.561747 0.576431 0.568632 0.559111 0.572074
2 0.555723 0.556583 0.582455 0.551205 0.58622 0.567126 0.558735 0.57358
3 0.565512 0.607358 0.571348 0.606928 0.572289 0.628012 0.5657 0.627797
2 0.564947 0.604991 0.579066 0.604561 0.581514 0.639415 0.565324 0.6392
3 0.545934 0.622418 0.551581 0.621343 0.553087 0.642642 0.548193 0.642857
2 0.537086 0.609725 0.552711 0.607788 0.555911 0.645654 0.539345 0.64716 0.536333 0.609509
3 0.518261 0.586704 0.535203 0.584337 0.535956 0.590361 0.519202 0.592513
2 0.513742 0.577022 0.542169 0.572935 0.544992 0.591007 0.515813 0.594234
3 0.480798 0.556368 0.487011 0.554217 0.48927 0.575947 0.483057 0.577453
2 0.470633 0.546472 0.486069 0.542814 0.490211 0.576592 0.474962 0.580034
3 0.364081 0.655336 0.381024 0.657917 0.379895 0.665232 0.362764 0.662866
2 0.364081 0.645654 0.392696 0.649312 0.390813 0.66889 0.361446 0.663942
3 0.36314 0.595095 0.378765 0.594019 0.380083 0.600904 0.363705 0.602194
2 0.35994 0.586058 0.389496 0.583477 0.389496 0.601119 0.360881 0.603485
3 0.323983 0.596816 0.340926 0.594664 0.341679 0.601549 0.32436 0.6037 0.323419 0.596816
2 0.321536 0.587564 0.350904 0.584122 0.352598 0.602625 0.323042 0.605207
3 0.31137 0.643503 0.326996 0.641351 0.32756 0.648666 0.311559 0.650818
2 0.309488 0.633606 0.336973 0.629518 0.337538 0.650172 0.310617 0.652969
3 0.247553 0.667384 0.273908 0.665448 0.274661 0.671687 0.247741 0.672978
2 0.246611 0.659639 0.27372 0.657272 0.276544 0.673838 0.245482 0.675129
3 0.257907 0.62543 0.283509 0.6179 0.28558 0.624139 0.257907 0.632745 0.256965 0.626291
2 0.254895 0.623924 0.283886 0.616609 0.287839 0.633176 0.256777 0.641997
3 0.213102 0.646945 0.237952 0.6392 0.23927 0.645439 0.214044 0.654045
2 0.210655 0.64006 0.23814 0.630379 0.241905 0.645224 0.211973 0.65512
3 0.207267 0.677496 0.233057 0.674699 0.233434 0.682014 0.207643 0.684811
2 0.204255 0.669535 0.231363 0.666738 0.233434 0.673623 0.233998 0.682874 0.204631 0.686317
3 0.148908 0.653399 0.154556 0.652539 0.154367 0.672547 0.149096 0.673193
2 0.143072 0.640706 0.156438 0.640921 0.156438 0.675344 0.141378 0.674484
3 0.100339 0.637048 0.124812 0.633176 0.125565 0.640706 0.100151 0.643503
2 0.098456 0.628227 0.125565 0.625861 0.127259 0.642857 0.099209 0.644363
3 0.650979 0.570353 0.662651 0.568417 0.663215 0.573365 0.651544 0.575516
2 0.647402 0.563038 0.668675 0.55938 0.670181 0.57315 0.649285 0.577453
