3 0.069089 0.641566 0.0657 0.649096 0.073983 0.652108 0.080949 0.652539 0.092997 0.656411 0.095068 0.649742 0.081137 0.645009 0.073795 0.643072
2 0.071348 0.629088 0.063441 0.649742 0.092056 0.658563 0.100527 0.637048 0.083773 0.63253
3 0.211596 0.614888 0.210467 0.621343 0.24134 0.621343 0.241717 0.613812 0.227033 0.614673
2 0.210279 0.603485 0.20689 0.623064 0.241905 0.623064 0.244352 0.601979 0.225527 0.602194
3 0.325489 0.615749 0.324925 0.623924 0.358434 0.626506 0.35994 0.618115 0.340926 0.616394 0.330572 0.615534
2 0.325678 0.599398 0.320407 0.623924 0.359375 0.628012 0.362387 0.604561
3 0.460843 0.574226 0.460843 0.58154 0.495858 0.583477 0.496047 0.575947 0.479292 0.574871
2 0.459902 0.572504 0.459902 0.594449 0.498682 0.596816 0.499624 0.574226 0.476657 0.57315
7 0.668298 0.510972 0.670181 0.528399 0.719315 0.527969 0.765248 0.529045 0.764684 0.509897 0.724586 0.509251 0.695971 0.509251
6 0.664533 0.503442 0.666039 0.533778 0.770708 0.536145 0.769767 0.500861
7 0.661521 0.393503 0.66378 0.406626 0.691265 0.405766 0.715361 0.410284 0.748682 0.415017 0.747553 0.399742 0.715361 0.395654 0.694277 0.396515 0.679405 0.394578
6 0.659262 0.391351 0.659827 0.409423 0.752071 0.41889 0.748682 0.395654 0.71122 0.392857 0.681099 0.391351
3 0.848645 0.681153 0.850904 0.688468 0.874812 0.686102 0.873117 0.678356 0.862011 0.679002
2 0.843562 0.670181 0.848645 0.69105 0.875941 0.687177 0.870482 0.665017
3 0.900602 0.663511 0.902297 0.669966 0.927334 0.66846 0.926017 0.661145 0.915098 0.66179 0.907003 0.662436
2 0.893072 0.651033 0.900226 0.672332 0.930346 0.670181 0.924322 0.649742 0.907568 0.650172
3 0.497176 0.752367 0.496611 0.760972 0.53558 0.759682 0.535392 0.751076 0.514872 0.751506
2 0.493035 0.736876 0.494917 0.760757 0.540098 0.759682 0.53878 0.736016 0.516943 0.736876
3 0.173381 0.734079 0.171498 0.741824 0.183358 0.743546 0.202372 0.746988 0.204255 0.738812 0.187876 0.7358 0.179405 0.734509
2 0.174511 0.719449 0.16811 0.742685 0.20369 0.748924 0.208396 0.725258 0.189383 0.721816
3 0.311935 0.746988 0.310806 0.755164 0.325678 0.757745 0.34695 0.760757 0.34808 0.751936 0.334714 0.750215 0.322477 0.748494 0.310806 0.746773
2 0.310429 0.730637 0.305911 0.756239 0.347703 0.762263 0.351092 0.743115 0.348645 0.735155 0.323607 0.731713
3 0.604104 0.847892 0.603163 0.856928 0.642319 0.867685 0.644014 0.858649 0.631777 0.855207 0.614458 0.850473
2 0.60128 0.83068 0.598268 0.858649 0.643072 0.870052 0.645896 0.842083 0.624247 0.836274
3 0.756589 0.809811 0.757154 0.818847 0.794239 0.82401 0.794428 0.813898 0.776732 0.812608 0.764119 0.810026 0.758283 0.810241
2 0.7532 0.79475 0.752824 0.822289 0.796498 0.826592 0.795557 0.800129 0.774849 0.797332
2 0.856363 0.713425 0.862575 0.734509 0.897967 0.727194 0.893261 0.714286 0.888554 0.703959 0.872553 0.708477
3 0.863705 0.725043 0.866529 0.732143 0.877824 0.729131 0.883471 0.726979 0.895331 0.724182 0.892508 0.716867 0.884601 0.719019 0.878012 0.72031 0.873117 0.722031 0.868411 0.723322
3 0.918298 0.703313 0.919804 0.710198 0.932041 0.710198 0.942771 0.709768 0.94936 0.710413 0.947666 0.702883 0.936182 0.702883 0.92564 0.702668
2 0.912274 0.691265 0.917357 0.71321 0.930346 0.71364 0.943524 0.71321 0.950866 0.711919 0.945783 0.690189 0.931099 0.69062 0.920746 0.69062
3 0.923946 0.792814 0.924887 0.80099 0.958396 0.803571 0.957455 0.795181 0.938818 0.793675
3 0.879142 0.806583 0.880459 0.815404 0.897402 0.81562 0.902297 0.814759 0.913592 0.81605 0.912651 0.806799 0.898155 0.807229 0.886483 0.806368
2 0.872741 0.790663 0.877071 0.816265 0.889307 0.817126 0.910203 0.817556 0.915663 0.818201 0.910956 0.792599 0.895331 0.791954 0.881777 0.790878
2 0.916604 0.777324 0.921875 0.805077 0.960843 0.806583 0.957267 0.781196 0.932982 0.77969
3 0.892508 0.835198 0.894578 0.859509 0.895708 0.885112 0.903614 0.885542 0.901167 0.856497 0.899849 0.836489
2 0.882342 0.833046 0.88253 0.861661 0.884789 0.887263 0.905685 0.890275 0.902673 0.850904 0.901544 0.834983
3 0.967432 0.871773 0.969126 0.880809 0.977033 0.879948 0.988705 0.878012 0.999812 0.878012 0.99887 0.869406 0.989081 0.870052 0.977598 0.870697
2 0.96009 0.855207 0.966303 0.88167 0.981739 0.88167 0.999624 0.880164 0.999812 0.869836 0.99567 0.853055 0.979292 0.854561
3 0.351092 0.510327 0.349962 0.516781 0.363328 0.518933 0.380836 0.521299 0.38366 0.51463 0.36747 0.512478 0.357304 0.510757
2 0.35128 0.499139 0.346574 0.517212 0.38253 0.523021 0.385919 0.503873 0.366717 0.500215
3 0.026544 0.795181 0.024473 0.802281 0.036521 0.805293 0.054029 0.808305 0.057229 0.800774 0.044804 0.797978 0.033509 0.796041
2 0.02805 0.77883 0.020708 0.804002 0.052711 0.810241 0.056852 0.805077 0.061935 0.785499 0.044992 0.781626
