1 0.078313 0.232358 0.077184 0.239243 0.119917 0.237091 0.121047 0.230852
1 0.075113 0.242255 0.073795 0.249139 0.116717 0.247203 0.117846 0.240749
0 0.078125 0.215361 0.07003 0.238812 0.05817 0.263769 0.132718 0.262048 0.143072 0.236231 0.150602 0.21321
1 0.414345 0.216867 0.413027 0.226549 0.459714 0.226764 0.460279 0.217298
0 0.390437 0.182444 0.386483 0.207831 0.381589 0.233649 0.423381 0.230852 0.464797 0.232573 0.470068 0.184165
1 0.804782 0.181153 0.804217 0.188468 0.844315 0.197719 0.841491 0.189759
0 0.77692 0.13296 0.774849 0.16136 0.782003 0.186317 0.849962 0.203313 0.84262 0.184165 0.839044 0.174484 0.840173 0.152539 0.812876 0.14759 0.786898 0.137263
3 0.209714 0.384466 0.20689 0.399312 0.212161 0.399312 0.214985 0.384897
2 0.203313 0.373924 0.19823 0.403399 0.212538 0.402108 0.217432 0.374355
3 0.180346 0.451807 0.179593 0.469019 0.184488 0.467943 0.185994 0.451377
2 0.172252 0.442986 0.169992 0.474398 0.185429 0.471601 0.1875 0.439759
3 0.265813 0.395439 0.265813 0.401033 0.282003 0.400387 0.28238 0.394793
2 0.26619 0.385972 0.263366 0.402324 0.290851 0.401248 0.295369 0.385972
3 0.250188 0.448365 0.25 0.453744 0.267131 0.450947 0.266754 0.445783
2 0.248306 0.438683 0.247741 0.455034 0.277297 0.450516 0.27805 0.433735
3 0.310241 0.390491 0.309111 0.395439 0.325678 0.394793 0.326242 0.389845
2 0.310053 0.381239 0.306852 0.396945 0.335467 0.396299 0.338479 0.383391 0.33509 0.380379
3 0.375 0.381239 0.374059 0.386403 0.39119 0.386188 0.391378 0.381454
2 0.373682 0.372633 0.372176 0.387694 0.402861 0.387263 0.404367 0.372849
3 0.433735 0.442341 0.433735 0.44815 0.451996 0.446859 0.452184 0.441695
2 0.431288 0.43309 0.431099 0.450086 0.464797 0.448365 0.464608 0.430723
3 0.487764 0.381239 0.487387 0.386403 0.504706 0.386833 0.504706 0.38167
2 0.48494 0.371773 0.484563 0.387478 0.516566 0.387478 0.517508 0.371773
3 0.485881 0.443632 0.485881 0.449871 0.50433 0.447719 0.50433 0.44191
2 0.482869 0.433735 0.48381 0.451162 0.517319 0.447935 0.515813 0.429862
3 0.524661 0.379303 0.524285 0.384466 0.542169 0.384466 0.542733 0.379948
2 0.523532 0.370052 0.522214 0.385327 0.554782 0.386188 0.555535 0.370912
3 0.5625 0.379518 0.561935 0.385327 0.579443 0.387263 0.580008 0.38167
2 0.560429 0.371127 0.560429 0.386618 0.591679 0.39006 0.593374 0.373709
3 0.598456 0.380809 0.598456 0.386833 0.61634 0.386833 0.615776 0.381885
2 0.596386 0.372633 0.59695 0.387694 0.628577 0.388984 0.627447 0.373064
3 0.566077 0.438898 0.565889 0.444707 0.585279 0.444062 0.585279 0.438468
2 0.561935 0.429217 0.563253 0.445998 0.597327 0.444062 0.596574 0.427496
3 0.600527 0.44062 0.600904 0.446644 0.620294 0.446213 0.619917 0.44062
2 0.597892 0.430508 0.598456 0.447719 0.633095 0.447289 0.631212 0.429647
3 0.638742 0.373494 0.638366 0.379088 0.656626 0.379088 0.656815 0.37457
2 0.635919 0.364458 0.636672 0.380164 0.668675 0.379518 0.667169 0.364243 0.63573 0.364028
3 0.644014 0.442986 0.64439 0.449226 0.663027 0.448365 0.662839 0.442126
2 0.639872 0.43352 0.641378 0.451162 0.676205 0.449226 0.673569 0.431799
3 0.716491 0.378442 0.716867 0.384251 0.733998 0.38296 0.733622 0.378012
2 0.711408 0.369406 0.715361 0.384682 0.746235 0.384036 0.741717 0.367685
3 0.76619 0.43438 0.76619 0.440189 0.795181 0.442986 0.793863 0.437177
2 0.761295 0.425129 0.764307 0.44148 0.795746 0.444277 0.792357 0.427496
3 0.789721 0.377151 0.791039 0.381885 0.816453 0.380809 0.815889 0.375645
2 0.783509 0.3679 0.788215 0.383176 0.817583 0.38167 0.813818 0.366609
3 0.82323 0.383821 0.823042 0.3892 0.840361 0.388984 0.839797 0.383821
2 0.818901 0.375215 0.821348 0.389845 0.852221 0.389415 0.848645 0.37457
3 0.837538 0.44062 0.838291 0.446429 0.855798 0.444923 0.855045 0.439114
2 0.832455 0.430938 0.837726 0.447504 0.868599 0.444707 0.863705 0.427926
3 0.863517 0.376721 0.864646 0.3821 0.880836 0.380809 0.879895 0.375645
2 0.858057 0.36833 0.863705 0.383176 0.888931 0.381885 0.891002 0.378442 0.885542 0.366609
3 0.879142 0.438253 0.880083 0.443632 0.896461 0.443632 0.895331 0.438898
2 0.874435 0.428141 0.877447 0.440404 0.878765 0.444277 0.906626 0.445998 0.907944 0.443201 0.904556 0.429217
3 0.899849 0.387694 0.900414 0.391997 0.916792 0.392212 0.916039 0.387478
2 0.894014 0.379518 0.898908 0.393718 0.926581 0.393718 0.923004 0.378012
3 0.914721 0.445138 0.917169 0.450732 0.93317 0.447289 0.932041 0.442341
2 0.909074 0.434811 0.915851 0.452668 0.943901 0.446859 0.93637 0.429647
3 0.947101 0.44191 0.948419 0.447504 0.975339 0.447504 0.973268 0.44191
2 0.942771 0.431799 0.947854 0.44858 0.977033 0.44901 0.972327 0.432874
3 0.935806 0.384897 0.937312 0.390706 0.951807 0.389845 0.951242 0.383821
2 0.930158 0.376506 0.935994 0.391351 0.963102 0.390706 0.95802 0.37543
3 0.970256 0.386833 0.971762 0.392427 0.985693 0.391781 0.985128 0.385972
2 0.964797 0.378442 0.970633 0.393718 0.996611 0.392642 0.991529 0.377582
3 0.982304 0.436747 0.983057 0.442341 0.999435 0.44191 0.999247 0.436532
2 0.976468 0.427496 0.982116 0.443417 1.0 0.442771 1.0 0.425774
3 0.131965 0.694923 0.131589 0.702238 0.150226 0.699441 0.150979 0.692556
2 0.128953 0.681153 0.128953 0.70525 0.163027 0.699656 0.164533 0.677281
3 0.228163 0.610585 0.227221 0.618115 0.245482 0.619191 0.247364 0.612737
2 0.227598 0.598107 0.223456 0.618546 0.258848 0.621127 0.262425 0.600473
3 0.211408 0.687392 0.211408 0.695568 0.23061 0.694277 0.230798 0.687177
3 0.264872 0.689544 0.262989 0.697289 0.283133 0.697935 0.284639 0.690189
2 0.262613 0.67599 0.260354 0.69901 0.29744 0.700086 0.298569 0.677065
2 0.210843 0.674053 0.20802 0.697289 0.243788 0.695138 0.244541 0.678141 0.240587 0.671902
3 0.326054 0.610155 0.324925 0.61747 0.344126 0.618546 0.346009 0.611661
2 0.324736 0.596601 0.321348 0.61833 0.358434 0.621343 0.360504 0.604346 0.358998 0.599398
3 0.333396 0.688038 0.333396 0.695783 0.367846 0.695138 0.368035 0.687392
2 0.330949 0.673838 0.329631 0.69815 0.368788 0.697935 0.368788 0.677711 0.365399 0.673623
3 0.376883 0.600688 0.376694 0.608434 0.397026 0.608219 0.397779 0.601334
2 0.375 0.58821 0.374059 0.609725 0.411145 0.609509 0.412651 0.58821 0.377071 0.58821
3 0.418298 0.610155 0.417733 0.618115 0.437876 0.619621 0.437876 0.612306
2 0.41698 0.601119 0.423004 0.597892 0.454443 0.600258 0.451619 0.621773 0.414345 0.618546
3 0.425828 0.687392 0.424887 0.695353 0.445971 0.697289 0.447477 0.689544
2 0.423946 0.672117 0.420369 0.696213 0.460843 0.69901 0.461785 0.674268
3 0.510919 0.6108 0.509224 0.619191 0.531815 0.620482 0.531815 0.612952
3 0.548193 0.618976 0.549887 0.627152 0.568901 0.623709 0.568336 0.616609
2 0.544992 0.607358 0.547063 0.628442 0.581137 0.623494 0.582643 0.6179 0.580196 0.601549
2 0.509601 0.598322 0.507907 0.620912 0.54311 0.623924 0.544992 0.611446 0.544051 0.601549
3 0.528238 0.694707 0.52805 0.702668 0.549322 0.702883 0.549134 0.695568
2 0.525038 0.680293 0.524849 0.704389 0.565136 0.70525 0.564383 0.681799
3 0.604104 0.694277 0.603351 0.702238 0.625565 0.702668 0.62613 0.695568
2 0.599962 0.680293 0.600151 0.703528 0.640437 0.704174 0.64006 0.681368
3 0.597703 0.614888 0.597515 0.622418 0.61747 0.622633 0.617658 0.615318
2 0.594126 0.60241 0.595068 0.624139 0.633283 0.624355 0.631777 0.601979
3 0.232681 0.854991 0.230798 0.864673 0.253012 0.86704 0.25433 0.858434
2 0.231928 0.840577 0.227033 0.867255 0.266754 0.870482 0.268825 0.853485 0.262989 0.842298
3 0.274661 0.859725 0.27372 0.869621 0.296875 0.86833 0.29744 0.859725
2 0.27372 0.844019 0.271084 0.871343 0.313253 0.869191 0.313441 0.851549 0.309111 0.843158
3 0.375941 0.854131 0.374435 0.863382 0.397402 0.866394 0.398908 0.857788 0.376694 0.8537
2 0.375188 0.83864 0.371611 0.865534 0.413027 0.870267 0.416416 0.844664
3 0.424322 0.856713 0.423381 0.866609 0.44616 0.867255 0.447477 0.858219
2 0.42244 0.840577 0.42131 0.868115 0.462538 0.870697 0.464608 0.843804
3 0.471574 0.872203 0.472327 0.881454 0.496423 0.877367 0.49567 0.86833
2 0.467244 0.856928 0.470444 0.884036 0.508095 0.875645 0.508471 0.847676
8 0.615023 0.836058 0.596197 0.89759 0.641566 0.920826 0.660768 0.858003
