1 0.065865 0.311538 0.137019 0.320833 0.133413 0.333333 0.061058 0.322756
0 0.077885 0.276923 0.127644 0.278846 0.154808 0.282372 0.144231 0.313782 0.13774 0.339423 0.053125 0.326282 0.063942 0.304167
1 0.394952 0.316346 0.459615 0.323718 0.457212 0.335897 0.392788 0.328846
0 0.39375 0.273077 0.472115 0.28141 0.464423 0.340385 0.382933 0.333013
1 0.597115 0.250962 0.643029 0.245833 0.64399 0.254167 0.598317 0.257692
1 0.596875 0.261538 0.644712 0.25641 0.645433 0.265064 0.597115 0.26891
0 0.590385 0.235577 0.664904 0.227885 0.670192 0.277885 0.593029 0.282692
3 0.045433 0.635897 0.057452 0.604808 0.06274 0.60641 0.050481 0.636859 0.044712 0.636859
2 0.035337 0.638462 0.049038 0.603846 0.063942 0.604487 0.050721 0.640705
3 0.187019 0.520833 0.212981 0.522115 0.211779 0.528526 0.185577 0.526923
2 0.186538 0.5125 0.216106 0.514423 0.213702 0.530128 0.183654 0.527244
3 0.208173 0.601923 0.234856 0.601923 0.234375 0.608013 0.206971 0.608013
2 0.207452 0.591987 0.23726 0.592949 0.235337 0.609936 0.205048 0.608974
3 0.316827 0.57468 0.344952 0.571474 0.345433 0.576603 0.344952 0.577885 0.316827 0.580769
2 0.316106 0.565064 0.346394 0.561218 0.346394 0.578846 0.316106 0.58141
3 0.420192 0.557692 0.435337 0.561218 0.434135 0.566987 0.41851 0.56282
2 0.420433 0.548718 0.447596 0.554808 0.44375 0.570833 0.417308 0.563782
3 0.429567 0.61891 0.45601 0.619551 0.456731 0.621474 0.452644 0.625641 0.428846 0.62468
2 0.428125 0.609295 0.45625 0.609295 0.457692 0.609295 0.457452 0.622436 0.453846 0.626923 0.427885 0.625962
8 0.45 0.645513 0.484135 0.646474 0.483413 0.660256 0.449279 0.659936
3 0.522115 0.567949 0.547596 0.566026 0.548558 0.571795 0.522596 0.57468
2 0.519952 0.559615 0.549038 0.55609 0.55024 0.572436 0.521154 0.575641
3 0.594952 0.565064 0.622356 0.559615 0.623558 0.564423 0.595914 0.570513
2 0.591346 0.55641 0.619952 0.551923 0.625 0.564744 0.594712 0.572115 0.591106 0.557372
8 0.559375 0.529167 0.589904 0.525 0.592308 0.549038 0.560817 0.553846
8 0.61274 0.528205 0.64351 0.524359 0.646394 0.547115 0.614904 0.551603
8 0.599038 0.580449 0.649279 0.575962 0.655769 0.6125 0.603846 0.61891
8 0.71899 0.560897 0.772596 0.560577 0.776923 0.598077 0.723558 0.598718
3 0.727404 0.635256 0.75601 0.634936 0.757212 0.641987 0.728365 0.642308
2 0.722837 0.625 0.751683 0.623077 0.757452 0.632051 0.758173 0.642628 0.72524 0.643269
8 0.859375 0.558333 0.913221 0.557692 0.922115 0.596154 0.866827 0.596474
3 0.903125 0.542628 0.93125 0.535577 0.932933 0.54359 0.905048 0.548077
2 0.897596 0.532051 0.928846 0.527244 0.934135 0.545192 0.904567 0.55032
3 0.082452 0.843269 0.114183 0.83782 0.113702 0.847115 0.081731 0.851923
2 0.082692 0.832051 0.118269 0.826603 0.115865 0.847756 0.080288 0.852244
3 0.100962 0.788462 0.118029 0.791346 0.117548 0.799679 0.097596 0.796795
2 0.100721 0.777244 0.132212 0.778846 0.125481 0.80032 0.124519 0.802244 0.095192 0.797756
8 0.14976 0.779167 0.181971 0.777564 0.175481 0.808013 0.143029 0.808013
3 0.174279 0.76891 0.192067 0.767949 0.191106 0.775962 0.173077 0.776603
2 0.17476 0.755128 0.206731 0.75641 0.202404 0.775962 0.170673 0.777244
3 0.298317 0.765385 0.327644 0.765705 0.326442 0.773397 0.297356 0.772756
2 0.296875 0.751923 0.33101 0.752885 0.327885 0.773718 0.292308 0.773397
3 0.421394 0.779808 0.453606 0.775962 0.454327 0.784615 0.422115 0.7875
2 0.41899 0.766987 0.454567 0.763141 0.455529 0.785256 0.420192 0.789423
8 0.412981 0.792308 0.470673 0.799038 0.466827 0.85 0.40625 0.84391
3 0.520192 0.784615 0.540625 0.782372 0.541827 0.789423 0.521635 0.792628
2 0.518029 0.770833 0.552644 0.766987 0.555048 0.788782 0.520673 0.793269
3 0.561058 0.765064 0.58101 0.765705 0.580529 0.774359 0.561298 0.772756
2 0.559615 0.753846 0.591586 0.753526 0.593269 0.776923 0.559135 0.776603
3 0.536298 0.853205 0.543269 0.852244 0.542788 0.882692 0.535337 0.883333
2 0.534375 0.851603 0.554087 0.852564 0.553846 0.902885 0.534375 0.89968
3 0.620433 0.863141 0.654567 0.866667 0.655288 0.875 0.620913 0.872115
2 0.61875 0.848718 0.654567 0.852564 0.655769 0.876603 0.619952 0.873397
3 0.618029 0.730128 0.639183 0.731731 0.639183 0.740385 0.617548 0.736859
2 0.618029 0.717628 0.650962 0.721154 0.650721 0.741987 0.617067 0.738462
5 0.720914 0.748718 0.773077 0.746795 0.775 0.758013 0.722837 0.760577
4 0.7 0.746154 0.774038 0.744231 0.777404 0.760577 0.703365 0.764103
5 0.741106 0.840385 0.798317 0.841026 0.799038 0.854167 0.742067 0.853526
4 0.720914 0.839744 0.8 0.83782 0.801442 0.858013 0.723558 0.858974
3 0.945192 0.73782 0.950721 0.737179 0.9625 0.778846 0.955288 0.778205
2 0.933413 0.736218 0.952163 0.733974 0.964183 0.780128 0.942308 0.78109
3 0.959856 0.833333 0.995913 0.842949 0.995913 0.851282 0.959135 0.84359 0.958414 0.833974
2 0.953846 0.819872 0.995673 0.828846 0.998798 0.852564 0.998317 0.854487 0.95649 0.844551
