3 0.256965 0.437608 0.268449 0.435456 0.269014 0.439114 0.256965 0.44105
3 0.231551 0.443201 0.243223 0.440835 0.243788 0.444492 0.231551 0.446644
3 0.221762 0.483864 0.233622 0.483219 0.233057 0.486876 0.221574 0.487737
3 0.241152 0.479561 0.252824 0.479561 0.252259 0.484725 0.239834 0.484079
2 0.229669 0.437177 0.252636 0.433735 0.251883 0.445998 0.229669 0.447935
2 0.255836 0.430938 0.274096 0.428141 0.277485 0.429217 0.275414 0.440189 0.269767 0.440835 0.255271 0.44148
2 0.24134 0.472246 0.262989 0.473537 0.259789 0.484079 0.257718 0.485155 0.238705 0.484509
2 0.221009 0.475904 0.239458 0.475043 0.23814 0.487522 0.220256 0.488597
3 0.267319 0.476334 0.28012 0.475258 0.280309 0.480852 0.266943 0.481067
2 0.266943 0.470095 0.287462 0.467943 0.287086 0.482143 0.266002 0.483003
3 0.260919 0.523881 0.277297 0.524957 0.276167 0.52969 0.260919 0.52969
2 0.260166 0.516136 0.281062 0.515275 0.281815 0.531411 0.260919 0.531411 0.258848 0.530551
3 0.28878 0.526893 0.301393 0.525818 0.30177 0.530981 0.287839 0.532272
2 0.28878 0.519148 0.307794 0.517642 0.306852 0.532702 0.286898 0.533563
3 0.291416 0.482788 0.305158 0.483003 0.30497 0.487091 0.290663 0.487522
2 0.291792 0.476549 0.311747 0.475473 0.310806 0.487306 0.28991 0.487952
3 0.318524 0.436317 0.330949 0.434165 0.330949 0.439114 0.318148 0.44062
2 0.317395 0.429647 0.338667 0.428356 0.337726 0.440835 0.317583 0.442126 0.316077 0.441695
3 0.336785 0.478055 0.349962 0.47827 0.349586 0.484079 0.336785 0.484509
2 0.335843 0.469449 0.360128 0.47031 0.360128 0.482788 0.359752 0.485155 0.334337 0.485585
3 0.360504 0.431153 0.372929 0.428787 0.374059 0.43352 0.360693 0.435671
2 0.359375 0.422762 0.379895 0.420611 0.379895 0.434165 0.359563 0.436532
3 0.386107 0.434165 0.399285 0.43395 0.399849 0.438253 0.385166 0.438898 0.384789 0.433735
2 0.384601 0.427281 0.404744 0.426635 0.405874 0.439329 0.384036 0.439544 0.384224 0.427496
3 0.408509 0.430723 0.422252 0.430508 0.422816 0.436317 0.407756 0.436747
2 0.40738 0.424484 0.430158 0.423838 0.430535 0.437392 0.407003 0.438683
3 0.380648 0.478055 0.395143 0.480207 0.394767 0.486231 0.380271 0.483864
2 0.381401 0.47031 0.403614 0.474182 0.403614 0.486876 0.378577 0.484725
3 0.412274 0.47827 0.426581 0.479346 0.426393 0.48537 0.411709 0.484294
2 0.411521 0.470525 0.437124 0.472892 0.434676 0.48537 0.43317 0.486661 0.410768 0.48537
3 0.357869 0.50667 0.372929 0.505164 0.372929 0.510757 0.358998 0.511833
2 0.357116 0.500861 0.37613 0.498924 0.377071 0.512048 0.357869 0.512694
3 0.378389 0.522806 0.393072 0.523021 0.393637 0.52926 0.378577 0.529475
2 0.3782 0.515921 0.39759 0.51506 0.398155 0.529905 0.377447 0.52969
3 0.41058 0.524742 0.424511 0.523881 0.424699 0.530766 0.409639 0.52926 0.40945 0.524957
2 0.408321 0.516997 0.432605 0.516566 0.432982 0.532487 0.407944 0.530551
3 0.44616 0.518503 0.459902 0.517427 0.459714 0.523451 0.446536 0.523881 0.445595 0.518287
2 0.445595 0.512263 0.461032 0.511188 0.463667 0.510112 0.464232 0.524957 0.444465 0.524957
3 0.445407 0.545826 0.459714 0.545611 0.459902 0.55185 0.44503 0.552281
2 0.444465 0.540017 0.464232 0.538942 0.463479 0.554862 0.444089 0.554862
3 0.480422 0.524096 0.494352 0.52216 0.495105 0.528184 0.480233 0.53012
2 0.478727 0.516781 0.498306 0.515275 0.499435 0.529045 0.479292 0.531411
3 0.504706 0.523451 0.519014 0.52173 0.519014 0.526248 0.505083 0.527969
2 0.503577 0.515921 0.52259 0.513769 0.523343 0.525602 0.523532 0.527754 0.50433 0.529045
3 0.529179 0.520224 0.543863 0.520869 0.544239 0.525818 0.528426 0.525172
2 0.528426 0.512263 0.547628 0.511833 0.548758 0.526678 0.528238 0.526033
3 0.482869 0.470525 0.4968 0.469664 0.497929 0.474613 0.482681 0.475688
2 0.480986 0.464286 0.498494 0.462565 0.499435 0.474828 0.482492 0.476334 0.481363 0.464716
3 0.502447 0.470955 0.51619 0.47117 0.516943 0.476764 0.501883 0.475904
2 0.50113 0.46364 0.521273 0.464501 0.521084 0.47784 0.501694 0.476979
3 0.525979 0.471386 0.539345 0.469019 0.539721 0.474398 0.526355 0.476119 0.525979 0.471816
2 0.524849 0.465361 0.541416 0.462349 0.543298 0.474398 0.525414 0.477194
3 0.479669 0.423623 0.493223 0.421687 0.493788 0.427711 0.480233 0.428356
2 0.477974 0.417169 0.495482 0.416093 0.497364 0.428571 0.47948 0.430077
3 0.500565 0.439759 0.51506 0.439974 0.515625 0.444707 0.501694 0.444277
2 0.5 0.43352 0.519014 0.433305 0.520896 0.445353 0.499624 0.444923
3 0.524473 0.421687 0.536145 0.422547 0.535956 0.427711 0.523532 0.426205
2 0.52372 0.415663 0.540098 0.417384 0.541604 0.428571 0.523343 0.427711
3 0.553652 0.523236 0.568336 0.522375 0.568336 0.527324 0.554217 0.528184
2 0.552146 0.516566 0.571348 0.515491 0.571536 0.528399 0.55384 0.529045
3 0.572854 0.519793 0.588479 0.519148 0.587914 0.525172 0.57323 0.525172
2 0.571913 0.512694 0.592244 0.512478 0.594315 0.525387 0.572289 0.525818
3 0.575113 0.473107 0.590361 0.471386 0.591303 0.476764 0.576242 0.478055
2 0.572101 0.465792 0.593938 0.462134 0.596386 0.477625 0.574172 0.478916 0.571536 0.465577
3 0.59808 0.471816 0.61314 0.47031 0.613893 0.476764 0.597892 0.476979
2 0.59488 0.463425 0.617846 0.461919 0.619541 0.476119 0.597327 0.478701
3 0.597327 0.52926 0.620105 0.52883 0.620858 0.535499 0.598456 0.535069
2 0.595444 0.521084 0.62067 0.520439 0.621988 0.536575 0.597139 0.536145
3 0.623306 0.518287 0.646084 0.516997 0.646273 0.523021 0.624247 0.522806
2 0.620482 0.509466 0.646649 0.509036 0.647967 0.524957 0.622176 0.524527
3 0.623682 0.486231 0.646273 0.486876 0.645896 0.492255 0.624624 0.491394
2 0.621047 0.478916 0.645708 0.479346 0.646837 0.49247 0.620294 0.493115
3 0.650602 0.518933 0.665851 0.519578 0.666792 0.526033 0.650602 0.524742
2 0.647779 0.511403 0.669992 0.511403 0.671687 0.526033 0.648908 0.526248
3 0.641754 0.420611 0.655874 0.419535 0.656626 0.425559 0.642319 0.424914
2 0.641002 0.413726 0.659639 0.413726 0.662086 0.426205 0.641566 0.425559
3 0.668675 0.430508 0.682794 0.429217 0.683923 0.43395 0.669239 0.435241
2 0.666604 0.423838 0.684676 0.422762 0.687124 0.43438 0.668298 0.435886
3 0.67884 0.530336 0.702184 0.525818 0.703502 0.532272 0.680723 0.535929
2 0.674887 0.521945 0.700489 0.518287 0.702748 0.52216 0.704819 0.533133 0.67884 0.53722
3 0.703125 0.518933 0.725339 0.518933 0.726468 0.524096 0.704066 0.524957
2 0.701054 0.510542 0.723456 0.509897 0.724962 0.510542 0.726845 0.524527 0.703878 0.525387 0.702372 0.518503
3 0.693901 0.468589 0.717997 0.466007 0.71875 0.471386 0.694842 0.473322
2 0.692206 0.461704 0.717056 0.459768 0.71988 0.472246 0.694277 0.473537
3 0.718374 0.419105 0.730798 0.415663 0.732492 0.420826 0.719691 0.423408
2 0.71762 0.418675 0.731175 0.414157 0.733057 0.420826 0.719315 0.424268
3 0.763178 0.420611 0.776732 0.420181 0.778426 0.424484 0.764307 0.425559
2 0.759036 0.412866 0.782191 0.412651 0.78558 0.425129 0.76186 0.425774
3 0.789721 0.424914 0.810053 0.423623 0.810617 0.428571 0.790286 0.429002
2 0.786709 0.415448 0.810806 0.415017 0.810806 0.420826 0.810806 0.429432 0.788215 0.429432 0.786521 0.424699
3 0.723645 0.464071 0.73927 0.464071 0.740399 0.469449 0.724021 0.469019
2 0.720633 0.45611 0.740211 0.45611 0.743223 0.47031 0.722515 0.469019 0.720444 0.456756
3 0.746988 0.465577 0.765248 0.466222 0.766002 0.47117 0.748306 0.471386
2 0.744164 0.458262 0.764872 0.457186 0.767319 0.457401 0.769578 0.470955 0.746611 0.472461
3 0.772026 0.463855 0.788027 0.462349 0.788592 0.468804 0.772967 0.46988
2 0.768072 0.456325 0.790851 0.455034 0.792922 0.469019 0.770331 0.470525
3 0.728916 0.515275 0.744352 0.513124 0.745482 0.518933 0.730422 0.520009
2 0.726845 0.508176 0.746235 0.505379 0.749247 0.519363 0.729669 0.521515
3 0.75866 0.518072 0.772402 0.515706 0.774096 0.515491 0.774661 0.520869 0.760354 0.522375 0.758283 0.518503
2 0.755836 0.510327 0.775602 0.508176 0.778426 0.520654 0.759224 0.524096
3 0.782944 0.517642 0.798381 0.515921 0.798946 0.519793 0.799134 0.521084 0.783886 0.523236
2 0.779932 0.511188 0.799699 0.50753 0.803087 0.521945 0.783133 0.523881
3 0.803276 0.517212 0.819465 0.515706 0.820218 0.52216 0.804593 0.522375
2 0.801017 0.508606 0.824736 0.506239 0.827372 0.521515 0.804029 0.524312
3 0.289721 0.695138 0.304782 0.696429 0.304593 0.703098 0.28878 0.701592
2 0.28878 0.686317 0.314759 0.688253 0.312876 0.704174 0.286709 0.703098
3 0.34695 0.686532 0.363328 0.687177 0.362764 0.695783 0.346762 0.694277
2 0.34488 0.678141 0.370105 0.679002 0.372364 0.682659 0.372364 0.696213 0.34488 0.694707
3 0.386295 0.63253 0.40738 0.634251 0.40738 0.640706 0.386107 0.638984
2 0.384601 0.623494 0.408509 0.625 0.407944 0.642427 0.383283 0.638769
3 0.437688 0.63296 0.455196 0.633391 0.455008 0.640275 0.438065 0.639415
3 0.431099 0.690835 0.447289 0.69148 0.447854 0.698365 0.430911 0.697719
2 0.42884 0.680938 0.455384 0.681799 0.453313 0.699441 0.427899 0.699226
2 0.436559 0.623279 0.461408 0.624139 0.462349 0.641566 0.434488 0.63963
3 0.472703 0.700516 0.490399 0.700516 0.490211 0.708477 0.472515 0.708262
2 0.471009 0.69062 0.499812 0.689974 0.50113 0.707831 0.471197 0.708907
3 0.549511 0.697719 0.567395 0.698795 0.56683 0.707186 0.548946 0.705895
2 0.548758 0.687608 0.578878 0.689114 0.578502 0.708046 0.548381 0.70611
3 0.550452 0.634251 0.566453 0.634251 0.566265 0.640491 0.550075 0.63963
2 0.548381 0.624139 0.576054 0.624355 0.576619 0.641351 0.548569 0.640921
3 0.595821 0.657702 0.613517 0.659854 0.61314 0.666738 0.595444 0.665448
2 0.59262 0.649096 0.62387 0.651678 0.623117 0.668244 0.59262 0.666523
3 0.59695 0.708907 0.612952 0.70525 0.615587 0.712564 0.597327 0.715577
2 0.592809 0.698795 0.611822 0.697289 0.624624 0.698365 0.625941 0.714286 0.597139 0.717298
3 0.634036 0.693847 0.659827 0.692556 0.661521 0.699656 0.634036 0.699871
2 0.633095 0.682014 0.659639 0.681368 0.662274 0.701162 0.633848 0.701377
3 0.634413 0.634466 0.652108 0.633176 0.652297 0.639415 0.635166 0.639845
2 0.632342 0.623709 0.657756 0.623709 0.658509 0.640275 0.632718 0.640491
3 0.694277 0.629088 0.718938 0.628227 0.719503 0.635542 0.695407 0.636618
2 0.692395 0.620697 0.718185 0.619406 0.721009 0.636188 0.694277 0.637478
3 0.696536 0.69062 0.71988 0.688038 0.721197 0.695998 0.696724 0.69815 0.696913 0.69062
2 0.692206 0.682659 0.698042 0.681368 0.698042 0.679217 0.720821 0.679002 0.722703 0.696644 0.695407 0.700301
3 0.730422 0.734725 0.747929 0.734079 0.749624 0.741824 0.731363 0.74247
2 0.72628 0.724613 0.756401 0.723107 0.759601 0.741824 0.728916 0.7429
3 0.810617 0.697935 0.829254 0.697935 0.831137 0.70654 0.812312 0.706756
2 0.806099 0.688683 0.835655 0.687608 0.839608 0.705895 0.810617 0.708907
3 0.818712 0.665878 0.834526 0.664802 0.835655 0.671687 0.818712 0.672117
2 0.815512 0.655551 0.841679 0.653399 0.843562 0.671472 0.817771 0.673623
