5 0.874624 0.416954 0.878012 0.427281 0.931476 0.429862 0.929405 0.420396
4 0.845256 0.408563 0.850904 0.428141 0.9343 0.431153 0.92997 0.414157
5 0.319465 0.612737 0.318712 0.625861 0.395143 0.628012 0.395896 0.615964
5 0.474209 0.627367 0.473456 0.640275 0.53238 0.640275 0.532191 0.629733
4 0.449172 0.623924 0.448795 0.645009 0.53445 0.642642 0.535015 0.627367
4 0.271461 0.600473 0.267319 0.629518 0.396461 0.634036 0.398532 0.609079
3 0.387989 0.709337 0.387048 0.719234 0.432794 0.724398 0.434488 0.713855
2 0.38686 0.692986 0.381589 0.724398 0.434488 0.729346 0.437688 0.699441
3 0.493976 0.732143 0.494352 0.742685 0.538968 0.741394 0.539157 0.731928
2 0.489458 0.713425 0.489458 0.744621 0.540474 0.744406 0.539533 0.71278
8 0.467244 0.697935 0.465738 0.708907 0.523343 0.709122 0.523532 0.697719
8 0.317395 0.686962 0.317018 0.696644 0.382154 0.698365 0.383471 0.686532
