3 0.558547 0.623279 0.559488 0.634036 0.590738 0.630164 0.588479 0.619621
2 0.55064 0.604346 0.555723 0.637263 0.612199 0.630379 0.608434 0.604131 0.605233 0.598107 0.551205 0.603916
3 0.447477 0.773236 0.446913 0.785499 0.480986 0.788942 0.481928 0.776678
2 0.443336 0.74957 0.440889 0.786575 0.504142 0.794535 0.505459 0.755379 0.446724 0.748494
3 0.589044 0.784208 0.588479 0.796472 0.623306 0.797547 0.622741 0.785284
2 0.582267 0.759897 0.583396 0.799484 0.647402 0.802065 0.645143 0.761403
3 0.691077 0.765706 0.692206 0.777324 0.724398 0.774096 0.722703 0.761833
2 0.682605 0.74333 0.688253 0.781626 0.745858 0.774742 0.739834 0.737737 0.722327 0.739028 0.685241 0.742685
3 0.807605 0.864458 0.808735 0.876936 0.841114 0.873064 0.837914 0.860155
2 0.799699 0.839716 0.798758 0.842298 0.803464 0.871558 0.806852 0.880594 0.862387 0.873279 0.857304 0.842083 0.850339 0.833692
3 0.910768 0.847031 0.912651 0.859294 0.942018 0.85284 0.939006 0.840792
2 0.902673 0.826807 0.910015 0.863167 0.961408 0.851119 0.951996 0.813898 0.902861 0.82315
3 0.55177 0.200301 0.551958 0.204174 0.58302 0.206325 0.582643 0.202238
2 0.548193 0.192986 0.548758 0.20525 0.583584 0.207616 0.585655 0.20525 0.58509 0.195998 0.58302 0.193201 0.550264 0.192341
3 0.473645 0.19858 0.473833 0.202883 0.505271 0.202453 0.505459 0.19858
2 0.469691 0.195783 0.46988 0.203744 0.505836 0.203313 0.506024 0.194492
