5 0.347596 0.284295 0.366827 0.284295 0.366587 0.290064 0.347115 0.290064
4 0.346635 0.283333 0.367548 0.283333 0.368029 0.292308 0.345673 0.292308
5 0.472837 0.271154 0.501442 0.26891 0.501442 0.27532 0.473798 0.277564
4 0.471875 0.269872 0.502644 0.266667 0.502404 0.276282 0.472115 0.279487
5 0.625962 0.286538 0.645433 0.28718 0.645192 0.292308 0.625721 0.29359
4 0.623077 0.284936 0.646154 0.284936 0.646154 0.29391 0.624279 0.295833
3 0.171875 0.854808 0.208413 0.854167 0.207452 0.864103 0.170913 0.863782
2 0.170433 0.840705 0.21226 0.841987 0.210337 0.866346 0.166587 0.864423
5 0.420673 0.845833 0.441106 0.846474 0.440144 0.852564 0.420673 0.852564
4 0.41899 0.844872 0.44399 0.84391 0.443269 0.863462 0.41875 0.858974
5 0.655529 0.835897 0.675721 0.836859 0.675481 0.84359 0.655048 0.842628
4 0.653365 0.834615 0.676202 0.834936 0.677885 0.846154 0.654327 0.844551
