8 0.405529 0.165064 0.403846 0.180769 0.426923 0.180769 0.428125 0.170513 0.425721 0.167628 0.425481 0.165385
3 0.386298 0.138141 0.386538 0.150321 0.382692 0.150321 0.382692 0.138782
2 0.382452 0.136538 0.392788 0.136538 0.393029 0.157372 0.381731 0.157372
3 0.529808 0.206731 0.551683 0.205128 0.551923 0.209615 0.530048 0.210577
2 0.528125 0.2 0.528365 0.2125 0.552644 0.211218 0.552164 0.198718
3 0.632452 0.201923 0.654086 0.202885 0.654327 0.207372 0.632692 0.207051
2 0.631731 0.196795 0.631971 0.208654 0.655288 0.208974 0.655288 0.197436
3 0.629567 0.128526 0.65024 0.130128 0.65024 0.133974 0.629087 0.132372
2 0.629087 0.124038 0.650721 0.125962 0.650721 0.135256 0.628606 0.133654
3 0.629087 0.060256 0.648558 0.061218 0.648798 0.064744 0.629087 0.063782 0.629087 0.061218
2 0.628365 0.05641 0.628365 0.064423 0.649519 0.065705 0.64976 0.057372
3 0.530769 0.061859 0.54976 0.066346 0.549038 0.070192 0.530288 0.065705
2 0.530529 0.057692 0.528606 0.066987 0.549279 0.072756 0.551683 0.063462
3 0.535337 0.129487 0.555288 0.13109 0.555048 0.133974 0.535337 0.133013
2 0.533654 0.125321 0.533173 0.133974 0.55625 0.135897 0.55649 0.126923
3 0.670192 0.075 0.687981 0.075 0.68774 0.078846 0.670192 0.078846
2 0.66875 0.070513 0.66875 0.080449 0.690144 0.079808 0.690144 0.070513
3 0.673317 0.355449 0.675481 0.382051 0.680529 0.381731 0.678365 0.35641
2 0.666346 0.357692 0.66899 0.386218 0.683894 0.386859 0.68101 0.355128 0.666346 0.354487
3 0.780048 0.371154 0.783173 0.399359 0.788462 0.398718 0.784375 0.370833
2 0.772596 0.372436 0.775962 0.403205 0.791827 0.401603 0.7875 0.36891 0.772596 0.369231
3 0.222356 0.321795 0.217067 0.344872 0.221875 0.345513 0.227885 0.321795 0.222837 0.320513
2 0.214423 0.320192 0.207692 0.347756 0.223558 0.34968 0.230048 0.320513 0.214904 0.31891
3 0.509375 0.361859 0.507692 0.386859 0.51274 0.386859 0.513942 0.361859
2 0.502163 0.360897 0.5 0.390064 0.514663 0.391667 0.516106 0.360897 0.502404 0.359615
3 0.552404 0.43141 0.552644 0.459295 0.557933 0.459295 0.557452 0.43141
2 0.549279 0.426603 0.549038 0.460577 0.563942 0.461218 0.564664 0.427564
3 0.724279 0.457692 0.726202 0.478526 0.73149 0.478526 0.729327 0.457692
2 0.722596 0.452564 0.73726 0.450962 0.740144 0.480128 0.724279 0.48109
3 0.190144 0.650641 0.184135 0.683974 0.190625 0.685256 0.196875 0.649359 0.191106 0.648397
2 0.189423 0.645513 0.18125 0.686859 0.197837 0.688141 0.204567 0.648397
3 0.210096 0.541346 0.205048 0.573077 0.210337 0.573397 0.215385 0.541987
2 0.208894 0.539103 0.203365 0.575641 0.217308 0.577885 0.222596 0.541667
3 0.314663 0.684295 0.310577 0.720513 0.316827 0.720513 0.321154 0.683974
2 0.314183 0.676923 0.308894 0.720833 0.328125 0.723077 0.331971 0.677244
3 0.405048 0.586218 0.40024 0.620513 0.406731 0.621474 0.410577 0.585577 0.405048 0.584615
2 0.396154 0.583013 0.389423 0.623077 0.410096 0.62468 0.414663 0.584615
3 0.589663 0.686218 0.590865 0.723718 0.597115 0.723077 0.595673 0.686859
2 0.580529 0.704167 0.580529 0.73141 0.598798 0.73141 0.597596 0.684615 0.580529 0.684936
3 0.682212 0.678205 0.683654 0.697756 0.684615 0.713462 0.691106 0.713782 0.687981 0.675641 0.682212 0.675962
2 0.675 0.709615 0.67524 0.714423 0.67524 0.717628 0.675481 0.719551 0.69351 0.720513 0.690385 0.674038 0.681971 0.674679 0.673317 0.679167 0.674038 0.68782 0.67476 0.700962
3 0.827644 0.709615 0.832692 0.748077 0.838221 0.748077 0.832692 0.709615
2 0.823558 0.701923 0.830288 0.752244 0.848077 0.753846 0.841106 0.703526
3 0.710577 0.967949 0.710577 0.997115 0.717788 0.998077 0.717548 0.968269
2 0.706971 0.960577 0.707933 0.998397 0.726442 1.0 0.725962 0.961859
3 0.226442 0.940064 0.254567 0.94968 0.252404 0.957051 0.224038 0.947756
2 0.228846 0.928526 0.222115 0.948718 0.254087 0.960256 0.259135 0.940385 0.227885 0.928526
