3 0.130449 0.882452 0.131731 0.905769 0.138782 0.904567 0.13718 0.88149
2 0.119231 0.88726 0.11859 0.909135 0.141667 0.90649 0.141026 0.879567 0.127244 0.88149
3 0.734295 0.707212 0.734936 0.710577 0.754167 0.708654 0.753526 0.705529
2 0.732051 0.701202 0.733013 0.7125 0.755128 0.709135 0.753846 0.698558
3 0.700641 0.722356 0.700962 0.726202 0.721474 0.723077 0.720192 0.719231
2 0.698077 0.716827 0.699359 0.727163 0.723077 0.723558 0.721474 0.714904
3 0.498718 0.740385 0.499359 0.760817 0.504808 0.760577 0.504167 0.739904
2 0.491987 0.739183 0.491667 0.766346 0.508333 0.764904 0.507692 0.73774
3 0.273397 0.689664 0.273718 0.693269 0.301923 0.691587 0.301923 0.688221
2 0.270513 0.681731 0.269872 0.694231 0.303846 0.691827 0.304167 0.682933 0.301923 0.680048
3 0.520192 0.65601 0.520192 0.659615 0.54359 0.657692 0.542949 0.654086
2 0.517949 0.649519 0.518269 0.660337 0.544872 0.658414 0.54391 0.648317
3 0.572436 0.646635 0.572436 0.65024 0.594872 0.650481 0.594551 0.646635
2 0.571795 0.640385 0.571154 0.650721 0.595833 0.651202 0.595192 0.640385
3 0.571474 0.532692 0.571474 0.536058 0.591026 0.536058 0.59359 0.534856 0.593269 0.532452
2 0.569872 0.525721 0.569872 0.536779 0.591346 0.536779 0.594872 0.534856 0.59391 0.525721
3 0.141026 0.586538 0.140705 0.591106 0.172756 0.592067 0.173397 0.58774
2 0.137821 0.580529 0.136538 0.591586 0.174679 0.592788 0.175641 0.579087 0.141667 0.577885
3 0.150641 0.559375 0.150641 0.564423 0.182692 0.565625 0.183013 0.561058
2 0.148718 0.551442 0.147115 0.564664 0.184295 0.566346 0.185256 0.552885
3 0.713782 0.483654 0.713462 0.497356 0.716987 0.497596 0.716987 0.483894
2 0.706731 0.48101 0.70641 0.498077 0.717949 0.498317 0.717628 0.480288
