1 0.068524 0.246558 0.126506 0.245912 0.124247 0.255809 0.067018 0.255809
0 0.071724 0.211489 0.137048 0.21278 0.129895 0.261618 0.060241 0.260542
1 0.361258 0.292384 0.415474 0.292814 0.41491 0.301205 0.361446 0.301635
0 0.359375 0.259897 0.420557 0.259466 0.419051 0.305293 0.356363 0.305723
1 0.536521 0.298193 0.571913 0.305293 0.571913 0.309811 0.536709 0.303356
1 0.536521 0.306368 0.572289 0.312392 0.572477 0.317341 0.535956 0.311747 0.535956 0.306368
1 0.53878 0.315189 0.572666 0.320353 0.572477 0.325947 0.538592 0.320138 0.538592 0.315835
0 0.532568 0.283133 0.589232 0.29389 0.589985 0.315404 0.590926 0.334337 0.532191 0.323365
1 0.702937 0.335198 0.747929 0.340361 0.749624 0.347676 0.704254 0.343158
0 0.696536 0.302926 0.74567 0.309165 0.752259 0.351764 0.701996 0.346386
1 0.928464 0.320353 0.960655 0.325301 0.962914 0.331971 0.930346 0.327238 0.928087 0.320353
0 0.919992 0.29346 0.955008 0.299699 0.963479 0.330465 0.965926 0.334983 0.929782 0.330465 0.921875 0.304217
