5 0.420557 0.130809 0.440136 0.130164 0.440889 0.133606 0.420746 0.134897
5 0.398532 0.159854 0.432417 0.156196 0.432794 0.16136 0.398908 0.163511
4 0.397026 0.159208 0.433358 0.15469 0.433923 0.16222 0.39759 0.164587
4 0.419428 0.129518 0.440889 0.129088 0.44183 0.134682 0.419428 0.135972
5 0.54631 0.094019 0.575301 0.092083 0.575678 0.095955 0.547063 0.097246
4 0.545746 0.092943 0.575866 0.091222 0.576996 0.097031 0.546122 0.098107
5 0.613893 0.084768 0.638554 0.084768 0.639684 0.088855 0.614834 0.08821
4 0.612575 0.084122 0.638554 0.083477 0.640437 0.089071 0.61427 0.088855
5 0.728351 0.163941 0.753577 0.163511 0.754706 0.16932 0.729669 0.167599
4 0.727033 0.16222 0.755271 0.162005 0.757907 0.171256 0.728727 0.169966
8 0.551205 0.554432 0.568712 0.552065 0.568901 0.554647 0.551581 0.557229
8 0.57116 0.668029 0.588479 0.664157 0.589044 0.667599 0.571536 0.670826
