1 0.675 0.284295 0.677164 0.296474 0.72476 0.296154 0.751442 0.299359 0.75024 0.28718 0.711298 0.283974
0 0.664423 0.245833 0.673798 0.300641 0.744231 0.303846 0.75601 0.305128 0.744231 0.244872
1 0.325 0.198077 0.324279 0.203205 0.336058 0.203205 0.351923 0.205449 0.370913 0.210256 0.371394 0.204167 0.360337 0.200962 0.350721 0.198718
1 0.321635 0.204808 0.321154 0.2125 0.33149 0.213141 0.339423 0.214103 0.369231 0.221154 0.369952 0.213462 0.351202 0.209615 0.335096 0.20641
1 0.322115 0.216987 0.321635 0.225 0.332692 0.225 0.351202 0.230449 0.367308 0.232051 0.368269 0.225 0.351683 0.221154 0.332933 0.217949
0 0.322356 0.180128 0.315144 0.20641 0.311538 0.234615 0.339904 0.233333 0.373798 0.241987 0.39375 0.243269 0.398798 0.195833 0.398317 0.189423 0.371635 0.187179 0.330048 0.183974
3 0.9125 0.683333 0.914663 0.688462 0.937981 0.686538 0.936058 0.680128
2 0.90625 0.671795 0.9125 0.690705 0.939904 0.6875 0.934375 0.667308 0.908414 0.670833
3 0.847115 0.619872 0.848317 0.62532 0.874038 0.625962 0.874279 0.623397 0.872596 0.619551
2 0.841827 0.609936 0.846635 0.627885 0.87476 0.627244 0.875481 0.624359 0.870673 0.608974 0.842308 0.609615
3 0.836779 0.571474 0.838221 0.575641 0.8625 0.577244 0.861538 0.571795
2 0.831731 0.561218 0.835337 0.577244 0.864183 0.578526 0.859135 0.560256
3 0.584375 0.646795 0.584135 0.652244 0.610577 0.659936 0.611538 0.658013 0.611779 0.653526
2 0.584375 0.63718 0.582452 0.652885 0.611058 0.661218 0.61274 0.658974 0.613221 0.645513 0.610096 0.641987
3 0.521875 0.632051 0.521635 0.638141 0.54976 0.641346 0.549519 0.635256
2 0.520913 0.622115 0.519471 0.640385 0.55024 0.64359 0.55024 0.62468
3 0.363221 0.649359 0.364183 0.654808 0.391827 0.647756 0.391346 0.641667
2 0.358654 0.638141 0.361779 0.657372 0.39375 0.648397 0.391587 0.632692 0.38774 0.629487
3 0.286779 0.599359 0.286298 0.60641 0.311779 0.606731 0.31226 0.6
2 0.285577 0.588782 0.282933 0.606731 0.314183 0.608013 0.316587 0.589744
7 0.168269 0.722436 0.166346 0.732372 0.174519 0.733654 0.187019 0.733654 0.196154 0.733974 0.207452 0.735256 0.214423 0.735256 0.216346 0.726923 0.205529 0.726282 0.188702 0.724359 0.17524 0.724038
6 0.217067 0.725962 0.215144 0.736218 0.201683 0.735577 0.194471 0.734936 0.172115 0.734615 0.165625 0.733654 0.167788 0.721474 0.183413 0.723077 0.191106 0.723397 0.214423 0.725962
3 0.123077 0.713462 0.122596 0.716987 0.128846 0.720513 0.141587 0.722115 0.153365 0.722436 0.154087 0.716346 0.139423 0.715385
2 0.123077 0.7 0.118269 0.713141 0.122356 0.718269 0.129087 0.722115 0.154808 0.724359 0.158654 0.702564
3 0.134615 0.607372 0.134856 0.613141 0.164904 0.60609 0.163942 0.6
2 0.13149 0.596795 0.131971 0.615385 0.16875 0.605449 0.166106 0.591026 0.161779 0.588782
7 0.239183 0.683333 0.230048 0.7 0.248798 0.69968 0.246875 0.722115 0.257933 0.723397 0.257212 0.745192 0.291346 0.746154 0.301442 0.725962 0.280529 0.721795 0.286058 0.700962 0.267067 0.699038 0.272596 0.680769
6 0.23774 0.68141 0.227644 0.701603 0.247115 0.701282 0.244231 0.723718 0.255769 0.725 0.255769 0.747436 0.291587 0.749038 0.303846 0.724359 0.282933 0.720192 0.288942 0.699359 0.26875 0.697756 0.27476 0.679487
