3 0.842244 0.894578 0.844503 0.908993 0.878577 0.903399 0.875376 0.8892
2 0.828878 0.86833 0.838479 0.912005 0.904179 0.902969 0.894202 0.863812 0.889872 0.858219 0.830384 0.867255
3 0.68637 0.904905 0.68863 0.91932 0.725151 0.916523 0.723833 0.901248
2 0.676581 0.877582 0.681664 0.923408 0.751318 0.917169 0.745858 0.874785 0.738893 0.872203 0.678652 0.877152
3 0.0 0.887909 0.0 0.902539 0.026732 0.908563 0.029744 0.893933
2 0.051958 0.871343 0.057417 0.879948 0.049134 0.919105 0.0 0.908348 0.0 0.886188 0.000377 0.868546 0.002447 0.862091 0.006777 0.861876
3 0.014872 0.817341 0.011672 0.829819 0.04311 0.834552 0.045181 0.820138
2 0.016755 0.790232 0.006589 0.833477 0.066077 0.841222 0.073607 0.798408 0.070783 0.796041
3 0.036333 0.748494 0.034639 0.761618 0.086408 0.765275 0.088102 0.751936
2 0.035203 0.725043 0.027297 0.763339 0.086973 0.768718 0.093185 0.734725 0.08622 0.727194
3 0.189759 0.784208 0.188441 0.796902 0.24247 0.800129 0.244164 0.78722
2 0.185053 0.759036 0.180723 0.798838 0.243599 0.803787 0.248117 0.762048
3 0.175075 0.843589 0.175828 0.857358 0.232116 0.851979 0.231928 0.837564
2 0.168486 0.818201 0.168486 0.861231 0.234187 0.854991 0.233434 0.817986 0.21875 0.812608
3 0.170745 0.906196 0.170934 0.919966 0.231739 0.919105 0.231739 0.904475
2 0.165286 0.876721 0.162086 0.924268 0.232869 0.922332 0.234375 0.876076
3 0.34375 0.892857 0.342997 0.907057 0.381777 0.909639 0.381777 0.894793
2 0.337726 0.865318 0.334526 0.910714 0.408133 0.914587 0.409827 0.8679
3 0.509977 0.790878 0.510542 0.804217 0.547063 0.802281 0.54631 0.788942
2 0.501318 0.766351 0.503012 0.807874 0.572854 0.804647 0.570218 0.767212 0.563441 0.762263
3 0.516002 0.853485 0.517696 0.869191 0.556664 0.866394 0.555723 0.851764
2 0.506965 0.826807 0.510166 0.872633 0.582455 0.867255 0.580384 0.828098 0.576431 0.822289 0.509601 0.825732
3 0.512425 0.915017 0.512613 0.929862 0.553652 0.928141 0.552523 0.912436
2 0.503577 0.884897 0.505271 0.93438 0.580761 0.929862 0.57756 0.886833 0.575113 0.882315
3 0.676958 0.827668 0.678464 0.841867 0.714232 0.83864 0.712726 0.825947
2 0.668675 0.80185 0.67244 0.845095 0.73814 0.841437 0.736069 0.800559 0.730798 0.797547
3 0.818901 0.77259 0.820407 0.785499 0.854292 0.783133 0.851657 0.770869
2 0.807417 0.748924 0.814947 0.789157 0.876506 0.784639 0.868223 0.743976
3 0.810429 0.716652 0.812124 0.728485 0.843374 0.725043 0.840361 0.71278
2 0.799511 0.695568 0.808547 0.732358 0.865211 0.725258 0.85561 0.688683
3 0.793298 0.66846 0.795181 0.679002 0.825301 0.677496 0.822101 0.666093
2 0.783321 0.647806 0.791227 0.682659 0.84695 0.679217 0.836408 0.644793
3 0.655874 0.74333 0.656626 0.755809 0.713291 0.758176 0.712914 0.745912
2 0.647214 0.72031 0.648908 0.757745 0.71442 0.761188 0.714608 0.757745 0.711596 0.721816 0.666227 0.719019
3 0.437124 0.393072 0.43637 0.399742 0.463291 0.400602 0.463667 0.393718
2 0.43317 0.379733 0.431664 0.402108 0.483057 0.404045 0.483622 0.380379 0.434111 0.378873
3 0.442771 0.362952 0.442583 0.370697 0.469503 0.370697 0.46875 0.362737
2 0.438441 0.347892 0.438253 0.373494 0.487952 0.372849 0.487952 0.351764 0.481363 0.347246
3 0.441642 0.329604 0.441077 0.335843 0.467244 0.337349 0.467244 0.330034 0.44183 0.328744
2 0.438065 0.31605 0.436935 0.337995 0.485128 0.340361 0.486069 0.320568 0.484375 0.317771 0.484187 0.317341 0.480798 0.317341
3 0.445595 0.306583 0.445595 0.312823 0.470256 0.311532 0.469691 0.305077
2 0.440324 0.294105 0.44183 0.314544 0.487387 0.312608 0.485128 0.292169
3 0.546687 0.364673 0.54744 0.371127 0.590926 0.371773 0.590173 0.364243
2 0.540098 0.349828 0.54198 0.372633 0.591867 0.373279 0.589608 0.351334 0.587349 0.350043
7 0.616152 0.317556 0.617846 0.328959 0.662274 0.328744 0.659827 0.31691
6 0.615399 0.317126 0.617282 0.329819 0.663592 0.329604 0.660203 0.315404
3 0.268449 0.178571 0.267131 0.18309 0.285392 0.184596 0.286145 0.180508
2 0.268825 0.172547 0.263742 0.182229 0.264496 0.18438 0.295369 0.185456 0.301393 0.175344 0.294992 0.172547 0.272402 0.172117
3 0.328313 0.182874 0.328313 0.186532 0.347892 0.183735 0.34808 0.179862
2 0.326054 0.175344 0.325113 0.187608 0.361822 0.182659 0.362575 0.171041
