3 0.325301 0.240103 0.340738 0.238597 0.34055 0.241179 0.325301 0.243115
2 0.325301 0.236446 0.324548 0.243546 0.341303 0.24204 0.341303 0.234509
3 0.321348 0.259036 0.337914 0.255809 0.337914 0.259036 0.321348 0.262048
2 0.320783 0.255809 0.320595 0.262694 0.338479 0.259897 0.338479 0.252582
3 0.307229 0.299268 0.324736 0.29475 0.324736 0.298623 0.307417 0.302065
2 0.307229 0.295396 0.325113 0.290878 0.325678 0.299053 0.306664 0.302926 0.306288 0.295611
3 0.294239 0.340577 0.311935 0.338425 0.311747 0.341867 0.294051 0.343589 0.294239 0.341007
2 0.294051 0.335413 0.292733 0.34531 0.3125 0.342943 0.312876 0.333477
3 0.366717 0.186317 0.376694 0.185026 0.376506 0.188468 0.366717 0.189114
2 0.36634 0.18352 0.36634 0.190189 0.379518 0.188898 0.379895 0.181368 0.366717 0.182874
3 0.375753 0.225688 0.38573 0.223967 0.38573 0.226979 0.375753 0.228485 0.375565 0.226979
2 0.374812 0.222246 0.374624 0.229346 0.389684 0.226979 0.389684 0.219664 0.374812 0.221601
3 0.39759 0.181799 0.413404 0.178787 0.413215 0.182014 0.397402 0.18438
2 0.397026 0.178141 0.396461 0.185241 0.414533 0.182444 0.414533 0.175344
3 0.451996 0.174053 0.462538 0.172978 0.462538 0.175559 0.451242 0.17685 0.451242 0.174484 0.452184 0.174484
2 0.450489 0.170611 0.450489 0.178141 0.469315 0.174914 0.46875 0.167384
3 0.447289 0.21321 0.459526 0.21321 0.459337 0.216007 0.447289 0.216007 0.447289 0.213855
2 0.447101 0.208907 0.44616 0.216652 0.466303 0.216652 0.467056 0.208692
5 0.442018 0.258606 0.486822 0.251721 0.487575 0.259466 0.44183 0.264845 0.44183 0.260327
4 0.441265 0.225043 0.439947 0.251291 0.487575 0.245697 0.48927 0.262263 0.412462 0.270009 0.414533 0.228701
5 0.5593 0.237522 0.608998 0.229561 0.609752 0.238812 0.558923 0.245482 0.557982 0.236661
4 0.556664 0.23537 0.610316 0.228055 0.612011 0.240749 0.557794 0.247418
3 0.554782 0.189114 0.567395 0.187823 0.567583 0.190835 0.55497 0.191695 0.55497 0.189544 0.555346 0.189114
2 0.55384 0.184165 0.554405 0.192341 0.575866 0.19062 0.575113 0.18352
3 0.641002 0.199441 0.660203 0.196644 0.660768 0.199871 0.641378 0.202453
2 0.638931 0.195353 0.64006 0.203959 0.661709 0.200732 0.660015 0.192556
3 0.767319 0.185671 0.778991 0.18438 0.779556 0.186962 0.767696 0.188683 0.767319 0.186317
2 0.76506 0.181799 0.781062 0.179862 0.782944 0.186962 0.767131 0.189759
3 0.72308 0.282272 0.737011 0.282272 0.737011 0.285284 0.722892 0.284854
2 0.721386 0.277754 0.721197 0.285929 0.746047 0.28679 0.747176 0.284854 0.747176 0.277108
3 0.365023 0.312823 0.383095 0.311102 0.383283 0.314759 0.364646 0.316695
2 0.36427 0.307659 0.364081 0.317556 0.384036 0.31562 0.38366 0.305508
3 0.252447 0.431368 0.272026 0.431153 0.271084 0.435456 0.252259 0.435241
2 0.2532 0.424914 0.251318 0.435671 0.272214 0.436532 0.273155 0.425344
3 0.089232 0.465361 0.104857 0.462134 0.104669 0.466222 0.088855 0.469019
2 0.089044 0.459122 0.087914 0.470095 0.105233 0.467298 0.105233 0.456971
3 0.017319 0.551635 0.032568 0.55099 0.031627 0.554862 0.016943 0.555293
2 0.018449 0.544535 0.01506 0.556583 0.032568 0.556153 0.034639 0.54346
3 0.064759 0.534854 0.079631 0.533563 0.078878 0.537866 0.064194 0.538942
2 0.065512 0.527754 0.063441 0.539372 0.079255 0.538726 0.080761 0.527324
8 0.025414 0.522806 0.025226 0.536145 0.042357 0.534854 0.043675 0.520224
3 0.0032 0.505164 0.01619 0.505379 0.015248 0.508606 0.0032 0.508606 0.003577 0.505809
2 0.005271 0.498709 0.001318 0.509897 0.016566 0.510327 0.02052 0.498494
8 0.046122 0.593158 0.04198 0.60994 0.060806 0.612952 0.064947 0.595525
3 0.086408 0.574871 0.086596 0.596386 0.090173 0.59531 0.089985 0.578744 0.090926 0.572935 0.086408 0.573795
2 0.080949 0.574871 0.080949 0.601119 0.092056 0.597892 0.092056 0.571644
3 0.214608 0.565404 0.226845 0.56605 0.22628 0.571429 0.214044 0.570568
2 0.215173 0.557014 0.212349 0.572074 0.236446 0.572935 0.237764 0.557444
3 0.233998 0.495052 0.246047 0.494406 0.24567 0.498709 0.233622 0.498924
2 0.234187 0.487091 0.232304 0.500645 0.245294 0.499785 0.256401 0.491609 0.256777 0.486231
3 0.313253 0.494191 0.334149 0.491609 0.334149 0.496127 0.313253 0.498494 0.313253 0.494836
2 0.312688 0.486661 0.312124 0.499785 0.334902 0.497203 0.335279 0.483649
3 0.312124 0.533348 0.325489 0.532487 0.325678 0.537436 0.312312 0.538081
2 0.311935 0.524312 0.310806 0.539157 0.334714 0.537651 0.335279 0.536145 0.336032 0.523021
3 0.316642 0.584337 0.331137 0.584337 0.330949 0.589716 0.316453 0.589501
2 0.315889 0.574441 0.314571 0.590361 0.338855 0.590361 0.341303 0.579389 0.338855 0.574226
3 0.314006 0.626076 0.327937 0.624139 0.328125 0.629948 0.313818 0.631454
2 0.311747 0.616609 0.310806 0.63167 0.311935 0.632745 0.336032 0.630164 0.338855 0.628227 0.338479 0.613382
3 0.403803 0.443201 0.416416 0.444492 0.415474 0.448795 0.403238 0.447504
2 0.403803 0.435671 0.400226 0.447935 0.424134 0.450947 0.426958 0.437392 0.404179 0.435886
3 0.397967 0.514845 0.412274 0.513769 0.412462 0.518287 0.39759 0.519363
2 0.396273 0.50667 0.395896 0.520439 0.420746 0.518933 0.42131 0.504303 0.396084 0.506239
3 0.40192 0.537866 0.416227 0.537651 0.416039 0.543029 0.401732 0.543029 0.401732 0.538511
2 0.400979 0.529475 0.399473 0.544535 0.42564 0.544105 0.426958 0.52926 0.426017 0.528399 0.401355 0.529045
3 0.423569 0.629518 0.44936 0.626291 0.449925 0.6321 0.424134 0.635327
2 0.421122 0.619836 0.421687 0.637048 0.451054 0.634036 0.449925 0.616824 0.442583 0.61704
3 0.416604 0.682659 0.443712 0.681583 0.443712 0.688468 0.41698 0.688683 0.416792 0.68309
2 0.414533 0.671902 0.414345 0.690404 0.444465 0.689974 0.444465 0.673408 0.443336 0.671041 0.415098 0.671902
3 0.485316 0.419105 0.499247 0.416738 0.499812 0.421041 0.485881 0.423623
2 0.483246 0.412005 0.484375 0.424914 0.504706 0.421041 0.503012 0.408993
3 0.516566 0.55185 0.532191 0.549699 0.532756 0.555293 0.517131 0.557229 0.516754 0.555723 0.516754 0.554002
2 0.514496 0.544105 0.516378 0.558305 0.537274 0.555508 0.535768 0.541093
2 0.602221 0.415017 0.625941 0.412435 0.626318 0.416954 0.602598 0.419105
2 0.600527 0.407917 0.602033 0.420181 0.627259 0.417384 0.625376 0.405336
3 0.693712 0.541093 0.721762 0.539587 0.722515 0.54475 0.694654 0.546687 0.694089 0.541308
2 0.689571 0.531411 0.692206 0.547978 0.723645 0.546041 0.720068 0.52926
3 0.695971 0.402108 0.721009 0.399096 0.72195 0.403614 0.697477 0.406842 0.696536 0.403399
2 0.694089 0.395439 0.697101 0.408563 0.723645 0.404905 0.720068 0.391566
3 0.77052 0.448365 0.786898 0.446429 0.788027 0.451377 0.771649 0.453313
2 0.767884 0.440189 0.770896 0.45525 0.799134 0.450732 0.794804 0.436747
3 0.876318 0.400387 0.900038 0.395439 0.90192 0.399957 0.878389 0.40469 0.876318 0.401033
2 0.871235 0.392857 0.877259 0.406842 0.903614 0.400818 0.897967 0.387478
3 0.931099 0.51463 0.947289 0.51506 0.948607 0.520224 0.931852 0.520009
2 0.928087 0.505809 0.931476 0.52173 0.961032 0.52216 0.957267 0.506239
