3 0.608894 0.739103 0.634375 0.745192 0.633654 0.751603 0.608654 0.744872
2 0.609615 0.730449 0.635817 0.735256 0.634135 0.752244 0.607692 0.746154
5 0.403846 0.785577 0.424038 0.784295 0.423798 0.791026 0.403606 0.792628
4 0.395192 0.783974 0.42476 0.782051 0.424279 0.791987 0.394952 0.794872
3 0.30024 0.739744 0.316106 0.739744 0.315865 0.745833 0.299519 0.746154
2 0.301202 0.730449 0.322356 0.730449 0.321635 0.747436 0.297837 0.747756
3 0.254327 0.804487 0.270192 0.801282 0.270673 0.807692 0.254087 0.811218
2 0.253365 0.793269 0.27524 0.789744 0.276202 0.808013 0.253606 0.811859
3 0.180769 0.795513 0.197596 0.793269 0.197596 0.799679 0.179567 0.802244
2 0.181971 0.785256 0.203606 0.783333 0.202885 0.80032 0.178606 0.803526
3 0.984135 0.772115 1.0 0.772115 1.0 0.778526 0.984856 0.778205
2 0.980288 0.760256 0.983894 0.779487 0.99976 0.779487 1.0 0.76218
3 0.772837 0.469551 0.784615 0.469231 0.784856 0.473077 0.772596 0.472115
2 0.767548 0.468269 0.767788 0.475962 0.785577 0.477564 0.785096 0.468269
