1 0.388742 0.200947 0.42677 0.195138 0.42677 0.200732 0.387989 0.20611
1 0.388742 0.210198 0.388178 0.215146 0.426393 0.208262 0.426017 0.204174
0 0.385166 0.189329 0.44823 0.179432 0.44503 0.219449 0.380271 0.230207
3 0.581702 0.616394 0.61427 0.615749 0.61427 0.622418 0.582078 0.623064
2 0.578878 0.604561 0.612387 0.604131 0.616152 0.608003 0.616152 0.623709 0.580384 0.623064
3 0.692206 0.605852 0.692206 0.612522 0.723645 0.613812 0.723268 0.607788
2 0.68863 0.593589 0.717244 0.595525 0.721386 0.595525 0.724962 0.614673 0.691077 0.612737
3 0.691265 0.703313 0.691453 0.710843 0.72308 0.714931 0.723456 0.708046
2 0.691265 0.69105 0.722892 0.695998 0.724021 0.715792 0.689571 0.71278
1 0.171687 0.204389 0.186559 0.203098 0.185617 0.207186 0.169239 0.208692
1 0.166792 0.211274 0.183923 0.209552 0.182794 0.213855 0.166792 0.215361
1 0.165286 0.218374 0.181288 0.217083 0.17997 0.220955 0.164157 0.221816
1 0.146649 0.238382 0.173005 0.236015 0.17131 0.241394 0.144955 0.2429
1 0.142508 0.246343 0.170745 0.244836 0.169428 0.249139 0.140813 0.250861
1 0.139872 0.253227 0.167357 0.252367 0.166227 0.256885 0.138742 0.257745
1 0.161145 0.273451 0.159262 0.27926 0.133095 0.280981 0.134789 0.276248
1 0.130459 0.284423 0.158133 0.282487 0.157191 0.287651 0.128765 0.289157
0 0.138554 0.263124 0.151544 0.262048 0.167545 0.261188 0.184864 0.263984 0.177523 0.279475 0.173381 0.285929 0.171875 0.291523 0.169428 0.302065 0.119917 0.302065 0.133471 0.268933
0 0.149849 0.228701 0.192583 0.223967 0.186747 0.237952 0.18637 0.24247 0.184676 0.247633 0.179029 0.261833 0.166416 0.260542 0.151732 0.261833 0.148908 0.260972 0.138178 0.262048 0.137425 0.258176 0.14119 0.246343 0.147967 0.228916
0 0.161898 0.194923 0.177523 0.193632 0.189383 0.192556 0.196536 0.191695 0.204631 0.189329 0.200678 0.200732 0.199736 0.20525 0.196348 0.209983 0.192771 0.222461 0.149285 0.226979 0.154932 0.211489
5 0.543675 0.150172 0.567018 0.146515 0.567206 0.153399 0.544051 0.156842
4 0.542733 0.148236 0.57869 0.143287 0.579254 0.15426 0.542733 0.157702
