1 0.279556 0.085413 0.279367 0.091437 0.306288 0.091222 0.306476 0.085413
1 0.279744 0.094019 0.279367 0.100043 0.306476 0.099828 0.306476 0.094234
1 0.276732 0.103485 0.276544 0.109509 0.30384 0.109509 0.304217 0.10327
1 0.280874 0.137263 0.280874 0.143072 0.306664 0.141351 0.305723 0.134466
1 0.281815 0.147375 0.281815 0.153184 0.307605 0.151463 0.306664 0.144793
1 0.262613 0.182014 0.264496 0.190189 0.306852 0.186747 0.306476 0.178571
1 0.264119 0.195568 0.264496 0.202668 0.306664 0.197935 0.306476 0.190835
1 0.263931 0.20611 0.264307 0.21321 0.306476 0.208477 0.306288 0.201377
1 0.264119 0.155981 0.306476 0.153614 0.306099 0.157057 0.262801 0.159639
0 0.254895 0.16136 0.254895 0.22031 0.278614 0.218158 0.299511 0.214071 0.329631 0.211489 0.329443 0.157272 0.278991 0.160069
0 0.257154 0.121988 0.292545 0.116824 0.328125 0.111876 0.328313 0.156196 0.254142 0.160714 0.256589 0.151463
0 0.260542 0.069277 0.295934 0.075086 0.328125 0.074871 0.326242 0.111446 0.296875 0.114243 0.252824 0.115964 0.257342 0.089501
1 0.644014 0.10994 0.671122 0.110585 0.671122 0.117685 0.644578 0.1179
1 0.648908 0.121343 0.673758 0.120912 0.674887 0.127797 0.650791 0.126291
1 0.63573 0.130164 0.675828 0.131454 0.676958 0.138769 0.637613 0.136618
0 0.620105 0.091007 0.688065 0.091007 0.69183 0.108649 0.693524 0.119191 0.69936 0.143933 0.659074 0.143933 0.629895 0.143072 0.62613 0.12457 0.622929 0.118761 0.623117 0.110155
5 0.657568 0.080034 0.675264 0.08025 0.676393 0.084552 0.658133 0.084122
4 0.642508 0.079604 0.676205 0.079174 0.67677 0.085198 0.643449 0.083907
5 0.49567 0.081756 0.515625 0.08025 0.51619 0.084768 0.49567 0.085198
4 0.479669 0.081325 0.516943 0.079389 0.516943 0.085843 0.479669 0.086704
1 0.869917 0.076592 0.891943 0.079174 0.892508 0.085198 0.87067 0.083046
1 0.875188 0.087995 0.894202 0.090577 0.895143 0.09617 0.876318 0.094019
1 0.878765 0.097892 0.897779 0.100473 0.89872 0.106067 0.879895 0.104131
1 0.880083 0.128873 0.914157 0.133176 0.913404 0.139845 0.881024 0.136618
1 0.882907 0.141136 0.917169 0.145439 0.916227 0.152108 0.883848 0.149096
1 0.945407 0.135542 0.975715 0.138339 0.976845 0.145654 0.945783 0.141781
1 0.930158 0.082401 0.951996 0.084983 0.952748 0.091007 0.930723 0.088855
1 0.935994 0.092728 0.956325 0.095095 0.955761 0.100904 0.937124 0.098752
1 0.939006 0.102194 0.959902 0.103485 0.959902 0.11037 0.940324 0.109294
0 0.908133 0.066695 0.960279 0.068632 0.971009 0.098107 0.974962 0.10994 0.97195 0.115749 0.925828 0.113382
0 0.846009 0.059165 0.901732 0.06605 0.908133 0.081325 0.910768 0.093158 0.918298 0.111661 0.880836 0.108219 0.861446 0.106497
0 0.867282 0.11037 0.925452 0.115318 0.930535 0.1392 0.942771 0.163296 0.921687 0.160284 0.897214 0.157057 0.887236 0.158563 0.879895 0.153399 0.874059 0.141781 0.874624 0.132315 0.871235 0.119191 0.867846 0.111661
0 0.935617 0.11704 0.986258 0.122203 0.989458 0.139415 0.994352 0.15426 0.999812 0.166093 0.999059 0.169105 0.977033 0.169105 0.951996 0.166308 0.946348 0.153184 0.939006 0.133176
3 0.074172 0.600043 0.090738 0.58068 0.093562 0.584122 0.076431 0.60327
2 0.069465 0.593804 0.088667 0.572074 0.095068 0.584983 0.076054 0.606282
3 0.204255 0.578959 0.219126 0.578959 0.219126 0.584768 0.203878 0.584983
2 0.20256 0.569062 0.229292 0.569062 0.227598 0.585628 0.201242 0.586058
5 0.195971 0.539802 0.21555 0.53679 0.214797 0.542384 0.196724 0.545181
4 0.193901 0.539372 0.194842 0.546041 0.21762 0.543029 0.217056 0.535929
3 0.198607 0.462995 0.212349 0.460628 0.212726 0.465361 0.198607 0.467513
2 0.195595 0.455034 0.218562 0.450086 0.222139 0.451807 0.221762 0.464931 0.19616 0.469664
3 0.269767 0.568632 0.294616 0.571859 0.294239 0.577453 0.270331 0.575086
2 0.274661 0.560886 0.290851 0.562608 0.295746 0.563253 0.294428 0.579389 0.267696 0.575947 0.269578 0.56691
8 0.31137 0.451807 0.312312 0.468374 0.357869 0.464501 0.357116 0.447935
3 0.439194 0.440404 0.463479 0.438253 0.464044 0.443201 0.439759 0.445138
2 0.435994 0.430723 0.464232 0.429432 0.465738 0.443632 0.436935 0.446429
5 0.434864 0.44858 0.435994 0.453313 0.468374 0.449441 0.466491 0.443847 0.460279 0.445138
4 0.433923 0.44815 0.435617 0.454389 0.469503 0.449656 0.467056 0.443417 0.450489 0.445783
3 0.444842 0.510112 0.470256 0.5071 0.470821 0.512909 0.445595 0.515491
2 0.440512 0.500861 0.470256 0.497203 0.471386 0.504948 0.471574 0.513984 0.44183 0.516997
5 0.440136 0.520439 0.474398 0.515706 0.474586 0.521515 0.441077 0.526033
4 0.438253 0.519148 0.440512 0.527324 0.475339 0.521945 0.474774 0.514415
3 0.395331 0.555293 0.393261 0.560456 0.418675 0.569492 0.421122 0.563898
2 0.395143 0.544535 0.423569 0.554862 0.419428 0.570998 0.390437 0.562608
3 0.504518 0.511188 0.520896 0.50796 0.522026 0.513124 0.505648 0.516566
2 0.499812 0.501506 0.526732 0.495697 0.529932 0.496773 0.53238 0.511403 0.503389 0.517857
3 0.489646 0.416308 0.505271 0.416523 0.505083 0.422547 0.489458 0.421256
2 0.487952 0.407272 0.513931 0.408563 0.516378 0.413081 0.515625 0.424484 0.487575 0.422762
3 0.581702 0.493546 0.608998 0.489458 0.608622 0.494836 0.583584 0.498064
2 0.57869 0.483864 0.608622 0.478701 0.610504 0.496127 0.581514 0.500215
8 0.783509 0.451162 0.829819 0.442986 0.831514 0.451162 0.83622 0.480637 0.791039 0.486661
8 0.752071 0.366609 0.795746 0.358649 0.80384 0.38963 0.75753 0.398666
