3 0.143261 0.752367 0.14119 0.761618 0.160392 0.767212 0.16378 0.759251
2 0.142884 0.737952 0.138554 0.763339 0.17244 0.774527 0.175264 0.769148 0.178652 0.748279
3 0.127824 0.824226 0.126694 0.833262 0.145331 0.837134 0.146837 0.828959
2 0.124435 0.80895 0.122929 0.834983 0.159639 0.844234 0.160768 0.820138 0.155874 0.814544
3 0.245858 0.832831 0.243976 0.843589 0.282568 0.851119 0.283321 0.841007
2 0.243788 0.816695 0.239834 0.844449 0.283133 0.853485 0.285392 0.851979 0.288027 0.825301
3 0.307605 0.839931 0.307041 0.850258 0.348456 0.853485 0.349774 0.843158
2 0.304217 0.820138 0.301958 0.852194 0.350527 0.856497 0.350904 0.833262 0.348645 0.82401
3 0.192959 0.724613 0.191642 0.734509 0.224209 0.737091 0.225339 0.728485
2 0.194465 0.709122 0.191077 0.736446 0.224774 0.739243 0.227974 0.714286 0.22628 0.711489
3 0.253765 0.736446 0.253765 0.745697 0.290286 0.744191 0.290851 0.734509
2 0.251883 0.719664 0.249812 0.746773 0.29311 0.745267 0.295181 0.718589
