3 0.35024 0.621795 0.373317 0.620192 0.372115 0.629487 0.348798 0.63141
2 0.348558 0.609936 0.388942 0.610897 0.388221 0.633013 0.345433 0.632372 0.348798 0.611538
8 0.307692 0.608974 0.343029 0.610897 0.339423 0.634295 0.304808 0.633013
8 0.417308 0.703205 0.454808 0.703526 0.451923 0.735897 0.414423 0.734615
3 0.461298 0.65641 0.499279 0.66282 0.499038 0.671795 0.461058 0.666667
2 0.461058 0.641667 0.501442 0.647115 0.499519 0.673077 0.456971 0.666667
3 0.469471 0.481731 0.489663 0.484295 0.488942 0.491987 0.46875 0.489103
2 0.467548 0.470513 0.503606 0.47468 0.501683 0.495192 0.465144 0.489423
3 0.575 0.640064 0.597837 0.642628 0.597115 0.652244 0.574038 0.649038
2 0.572836 0.628846 0.6125 0.633013 0.613702 0.633333 0.6125 0.656731 0.571635 0.650641 0.572115 0.630128
3 0.575481 0.674038 0.613702 0.680128 0.613462 0.689744 0.57476 0.683654
2 0.572356 0.658654 0.614664 0.664103 0.614423 0.690705 0.570673 0.684615
7 0.634856 0.732051 0.707933 0.729808 0.708894 0.747436 0.633654 0.753846
6 0.632452 0.729487 0.709615 0.727885 0.709856 0.752564 0.632212 0.760256
3 0.80024 0.70609 0.841586 0.710256 0.841827 0.719551 0.800962 0.716026
2 0.795673 0.690705 0.840625 0.69359 0.84375 0.722436 0.797356 0.716987
3 0.792067 0.66859 0.816346 0.674679 0.816106 0.684936 0.791106 0.678846
2 0.791586 0.655128 0.828365 0.664744 0.83101 0.690064 0.789663 0.679487
3 0.969712 0.658974 0.976202 0.658654 0.983173 0.685577 0.975721 0.683333
2 0.952163 0.639103 0.973798 0.640705 0.985817 0.692308 0.964663 0.688782
3 0.97476 0.762821 0.999519 0.765705 0.999279 0.775962 0.976683 0.774038
2 0.958173 0.760577 0.99976 0.764423 0.999519 0.794231 0.970433 0.790705 0.961538 0.78141
8 0.417788 0.702885 0.415625 0.734936 0.451683 0.735256 0.454087 0.702885
3 0.735096 0.509295 0.735577 0.516026 0.769471 0.515385 0.76875 0.508654 0.751683 0.509295 0.741346 0.509295
2 0.729567 0.497115 0.732212 0.517308 0.770673 0.516346 0.766106 0.497115
