5 0.802146 0.65383 0.838855 0.652969 0.84055 0.658348 0.804405 0.659639
4 0.786898 0.653184 0.79198 0.664587 0.804593 0.663081 0.80384 0.660929 0.841867 0.658778 0.839608 0.651893 0.800452 0.653399 0.798193 0.651893 0.787086 0.652324
3 0.907003 0.731497 0.92564 0.733219 0.926393 0.739458 0.907756 0.737952
3 0.908133 0.764845 0.908697 0.771945 0.926393 0.771945 0.926017 0.765706
2 0.90512 0.753873 0.907191 0.774742 0.939571 0.774312 0.938441 0.758391 0.935806 0.755379
3 0.920181 0.78722 0.936935 0.785499 0.938441 0.792384 0.921687 0.793675
2 0.914721 0.776033 0.919992 0.796687 0.952372 0.79475 0.942959 0.776033
3 0.930911 0.828098 0.946913 0.827883 0.948607 0.834552 0.932417 0.834768
2 0.927334 0.816265 0.954819 0.816695 0.959714 0.83864 0.930723 0.83864 0.926017 0.816265
3 0.839797 0.827022 0.868411 0.827238 0.869729 0.834552 0.84055 0.833477
2 0.836032 0.813683 0.869917 0.814759 0.872176 0.835198 0.838479 0.834983 0.835279 0.814329
3 0.767884 0.827453 0.785768 0.826162 0.786709 0.833262 0.768637 0.834337
2 0.763931 0.814114 0.792169 0.812177 0.794992 0.813253 0.798381 0.817556 0.799887 0.834122 0.765813 0.836919 0.762236 0.814329
3 0.821348 0.761403 0.850151 0.761403 0.851468 0.768072 0.822666 0.767857
2 0.816642 0.749785 0.819654 0.769363 0.854104 0.768933 0.850904 0.750645 0.849021 0.749785 0.817018 0.749355
2 0.90192 0.719664 0.905497 0.739458 0.939759 0.74204 0.935806 0.722676 0.934676 0.721816 0.902861 0.719019
3 0.568712 0.822074 0.569089 0.827668 0.586408 0.828528 0.586408 0.822504 0.569277 0.820998
3 0.585843 0.791738 0.602786 0.791308 0.603351 0.797547 0.58622 0.798193
3 0.582078 0.751936 0.599021 0.752797 0.599209 0.759251 0.58189 0.758176
3 0.632154 0.758391 0.634224 0.779045 0.634224 0.780766 0.639684 0.780336 0.637801 0.757745
3 0.593185 0.685886 0.594503 0.69815 0.591867 0.69815 0.590738 0.685671
3 0.390248 0.824441 0.407944 0.828098 0.40738 0.834552 0.389119 0.831325
3 0.396837 0.79389 0.414533 0.795826 0.413968 0.802281 0.396461 0.800559
3 0.432041 0.834983 0.450866 0.833907 0.451619 0.841652 0.432417 0.842513
3 0.52052 0.83025 0.551393 0.828313 0.551958 0.836274 0.521084 0.837564
3 0.390437 0.755379 0.40625 0.758606 0.40512 0.764845 0.389119 0.761403 0.389684 0.755164
5 0.411709 0.598752 0.42677 0.597892 0.42677 0.601119 0.411898 0.602194
4 0.40305 0.597676 0.402861 0.604561 0.410203 0.604346 0.410392 0.60284 0.427334 0.601979 0.427146 0.597246 0.411521 0.597892 0.410015 0.597031
2 0.390248 0.743115 0.386295 0.762263 0.417922 0.767857 0.422063 0.749785
2 0.395331 0.781411 0.393072 0.802281 0.425264 0.805293 0.427711 0.785069
2 0.389496 0.811317 0.385542 0.831971 0.386295 0.833262 0.418486 0.83821 0.420557 0.82315 0.417169 0.817126
2 0.430535 0.820998 0.430158 0.831756 0.431288 0.834337 0.430723 0.843589 0.464985 0.842298 0.465361 0.825301 0.463479 0.820138 0.431288 0.819707
2 0.518449 0.818632 0.519955 0.83864 0.553087 0.837134 0.551017 0.816265 0.518449 0.817126
2 0.567206 0.807229 0.565889 0.809165 0.567395 0.828098 0.600904 0.83025 0.600339 0.810241 0.599209 0.809596
2 0.582831 0.780766 0.583773 0.800344 0.613705 0.799699 0.615211 0.797978 0.61427 0.780551 0.61314 0.779475 0.583584 0.78012
2 0.579254 0.740964 0.579631 0.760542 0.60994 0.761833 0.611446 0.759251 0.610881 0.743115 0.609187 0.74204 0.580572 0.740318
2 0.624059 0.743976 0.622553 0.746127 0.625565 0.783348 0.62613 0.783993 0.641002 0.783348 0.641943 0.782272 0.638931 0.744836 0.637236 0.743761
2 0.581325 0.680293 0.583584 0.70654 0.596386 0.706325 0.594315 0.679217
