7 0.151355 0.299053 0.197854 0.29389 0.198042 0.304217 0.147779 0.311317
6 0.148343 0.296902 0.201431 0.288941 0.199172 0.314329 0.145896 0.31691 0.147402 0.296472
3 0.333961 0.260972 0.347703 0.260327 0.347703 0.264415 0.332831 0.265491
2 0.334714 0.256024 0.352221 0.254088 0.350339 0.26506 0.331702 0.266566
5 0.324548 0.218374 0.340173 0.216652 0.339797 0.22074 0.323795 0.222892
4 0.314571 0.216652 0.341303 0.21364 0.341303 0.222676 0.314006 0.225688
3 0.160392 0.484725 0.176017 0.481497 0.175075 0.487737 0.160015 0.490318
2 0.159639 0.476764 0.184488 0.471386 0.183358 0.486661 0.159074 0.49247
3 0.221574 0.505594 0.246423 0.502582 0.24567 0.508821 0.220821 0.511833
2 0.220444 0.497418 0.247553 0.494836 0.247364 0.509036 0.21988 0.512694
7 0.266378 0.487737 0.322666 0.476979 0.325678 0.489458 0.267508 0.500215
6 0.263554 0.484079 0.324172 0.474613 0.327748 0.496558 0.266754 0.5071
5 0.304782 0.395224 0.336032 0.395439 0.33509 0.400602 0.304593 0.401678
4 0.293486 0.393503 0.336785 0.393287 0.335467 0.402754 0.292545 0.403399
3 0.385354 0.464931 0.410956 0.461059 0.411333 0.467513 0.38573 0.47117
2 0.384789 0.457401 0.411709 0.454174 0.412839 0.468589 0.385542 0.472892
3 0.445218 0.4858 0.472515 0.484509 0.472139 0.490534 0.445407 0.492255
2 0.443712 0.47827 0.472515 0.477194 0.473645 0.492255 0.444089 0.493546
3 0.465926 0.39006 0.481363 0.388769 0.481551 0.393933 0.466114 0.395224
2 0.46442 0.383391 0.489646 0.380594 0.490964 0.394363 0.464232 0.396515
3 0.537274 0.446859 0.567959 0.445998 0.567771 0.452453 0.537462 0.453098
2 0.53558 0.439114 0.567583 0.438683 0.569654 0.453744 0.535392 0.455465
3 0.514307 0.393718 0.540663 0.391136 0.540663 0.396945 0.51506 0.399096
2 0.512989 0.386833 0.540474 0.384251 0.541792 0.398236 0.513178 0.400387
3 0.602033 0.370052 0.628765 0.365749 0.630083 0.370697 0.603916 0.373709
2 0.60128 0.362952 0.625565 0.359294 0.62933 0.364243 0.630459 0.370912 0.602974 0.37457 0.600151 0.363812
3 0.628577 0.455895 0.657003 0.454389 0.65738 0.460198 0.628953 0.461274
2 0.625376 0.445998 0.657568 0.445138 0.659074 0.460843 0.627071 0.462134
3 0.70256 0.425774 0.730986 0.424053 0.732116 0.430077 0.703313 0.430938
2 0.697854 0.416954 0.73061 0.415878 0.733434 0.432444 0.701431 0.433305
3 0.726845 0.357573 0.75433 0.353485 0.755648 0.359294 0.728163 0.363597
2 0.722892 0.348752 0.753577 0.343158 0.758283 0.368115 0.727786 0.371558
3 0.794239 0.425344 0.817395 0.417814 0.820971 0.423623 0.79631 0.430938
2 0.787086 0.418029 0.815889 0.408778 0.823042 0.424699 0.794616 0.43438
3 0.87067 0.415663 0.896273 0.413081 0.897779 0.41932 0.873117 0.421256
2 0.865399 0.406842 0.893449 0.403184 0.899473 0.420396 0.871611 0.423838
5 0.648155 0.372418 0.673758 0.369836 0.674887 0.377367 0.648155 0.381885 0.645896 0.373064
4 0.645331 0.371127 0.675452 0.368115 0.677711 0.379088 0.646649 0.383821
3 0.827937 0.35241 0.842244 0.351979 0.843562 0.356497 0.828313 0.356282
2 0.824172 0.346386 0.849586 0.346386 0.854104 0.356928 0.827937 0.358219 0.823795 0.34574
