9 0.547596 0.370192 0.547837 0.373397 0.565144 0.374359 0.564904 0.371154
9 0.306731 0.374679 0.306731 0.377885 0.327163 0.38109 0.327885 0.377244
9 0.419471 0.36282 0.419231 0.366346 0.441106 0.36859 0.441587 0.365064
9 0.654808 0.368269 0.655048 0.371795 0.676923 0.370833 0.677164 0.367628
9 0.806971 0.384936 0.807692 0.38782 0.825481 0.389103 0.824519 0.385577
9 0.939904 0.370833 0.940625 0.373718 0.958414 0.375 0.957692 0.371474
9 0.30601 0.619551 0.304567 0.626923 0.338942 0.628526 0.338702 0.620192
9 0.654327 0.628526 0.654567 0.634295 0.681731 0.636218 0.681971 0.629808
8 0.438221 0.772756 0.43774 0.790705 0.463702 0.791667 0.463462 0.774038
8 0.896635 0.634295 0.898798 0.646154 0.919471 0.649359 0.919231 0.63718
8 0.939904 0.657692 0.944471 0.671154 0.965385 0.671154 0.962981 0.659295
9 0.181731 0.363462 0.18101 0.366346 0.198077 0.367308 0.198317 0.364744
8 0.06851 0.435897 0.064904 0.44359 0.081731 0.444231 0.084135 0.436218
