3 0.120858 0.305723 0.154179 0.30852 0.153614 0.313683 0.120294 0.311532
3 0.104857 0.344449 0.139872 0.347246 0.138178 0.353701 0.103916 0.350043
2 0.106363 0.333477 0.144578 0.33821 0.138554 0.355422 0.098833 0.351334
2 0.122176 0.295611 0.158509 0.298838 0.153803 0.31562 0.116152 0.312823
3 0.069654 0.40469 0.090926 0.404045 0.090361 0.41136 0.067959 0.41136
3 0.12933 0.384897 0.159074 0.388984 0.157756 0.39673 0.126506 0.393072
3 0.164157 0.379948 0.19616 0.382315 0.194089 0.388984 0.161333 0.388124
3 0.235693 0.383176 0.270708 0.384251 0.269202 0.391997 0.234752 0.3892
2 0.070407 0.391781 0.10881 0.392857 0.104669 0.414157 0.064006 0.413296
2 0.133095 0.373924 0.162839 0.378227 0.158321 0.398021 0.125 0.393933
2 0.166416 0.369836 0.199172 0.371342 0.194842 0.392857 0.160956 0.388984
2 0.240211 0.371773 0.269014 0.373279 0.273343 0.376291 0.26939 0.394793 0.234187 0.390491 0.237011 0.376936
3 0.322289 0.347676 0.358246 0.34617 0.357492 0.353485 0.322666 0.353701
3 0.322477 0.378012 0.345256 0.376721 0.344503 0.383821 0.322101 0.384897
2 0.318901 0.337134 0.358246 0.335843 0.359752 0.354131 0.318148 0.355852
2 0.320971 0.367255 0.359752 0.365318 0.359563 0.384897 0.319089 0.385972
3 0.423381 0.349828 0.458584 0.354991 0.458208 0.362091 0.423004 0.355852
2 0.421687 0.338855 0.460279 0.34488 0.457455 0.364028 0.418675 0.356713
3 0.476657 0.335843 0.50866 0.336704 0.508848 0.342298 0.477221 0.342083
2 0.473268 0.326592 0.506965 0.326377 0.509601 0.344234 0.472892 0.343804
3 0.500941 0.422117 0.523908 0.424699 0.524096 0.43309 0.512989 0.431368 0.512425 0.428787 0.500188 0.427926
2 0.498306 0.411145 0.533509 0.414157 0.535015 0.433305 0.513178 0.432444 0.51073 0.430077 0.498117 0.429002
3 0.574925 0.36704 0.595068 0.369836 0.594315 0.376506 0.573419 0.372418
2 0.572101 0.357358 0.571724 0.374355 0.605233 0.381024 0.606551 0.362952
7 0.649849 0.388339 0.649096 0.39716 0.678652 0.400387 0.678276 0.389415
6 0.64872 0.386618 0.648532 0.398666 0.680723 0.401033 0.679217 0.387909
7 0.652673 0.407057 0.652861 0.417169 0.684111 0.421256 0.684676 0.409854
6 0.650979 0.40512 0.685806 0.407272 0.685617 0.422547 0.651732 0.41975
8 0.869164 0.426635 0.894767 0.413726 0.90305 0.441265 0.88573 0.448795 0.883283 0.446213 0.874812 0.447289
3 0.935429 0.438253 0.960467 0.438898 0.963479 0.445353 0.935994 0.443847
2 0.932229 0.42642 0.959337 0.429002 0.964608 0.447504 0.934488 0.445353
3 0.908321 0.348752 0.930158 0.350688 0.931852 0.356282 0.910203 0.354131
2 0.903803 0.339716 0.928087 0.340792 0.933735 0.356713 0.908321 0.354561
3 0.973268 0.434165 0.988517 0.435886 0.989834 0.44148 0.97308 0.440189
2 0.968374 0.424053 0.990211 0.426205 0.99567 0.42685 0.999812 0.444492 0.973456 0.443201
3 0.937688 0.32358 0.943712 0.324656 0.953502 0.352194 0.948983 0.352194
2 0.930911 0.322289 0.944089 0.322074 0.955008 0.355422 0.939571 0.354561
3 0.131212 0.546472 0.168675 0.548193 0.166227 0.557229 0.130459 0.553787
3 0.111446 0.652754 0.150414 0.656626 0.149096 0.666093 0.111634 0.661575
2 0.111069 0.635972 0.153803 0.64006 0.150414 0.667599 0.105422 0.663726
2 0.130083 0.531411 0.172252 0.533563 0.167545 0.560026 0.125188 0.556153
3 0.22308 0.5142 0.26186 0.509897 0.261295 0.518933 0.22308 0.522375
2 0.220068 0.500645 0.262801 0.495912 0.26186 0.520439 0.21988 0.524527 0.217809 0.52259
3 0.324736 0.571644 0.365964 0.572074 0.366529 0.58068 0.32436 0.580034
2 0.321913 0.556153 0.364458 0.556153 0.36747 0.559811 0.366529 0.582831 0.321724 0.582186 0.319465 0.579389
3 0.35561 0.476979 0.36427 0.47784 0.359375 0.518718 0.350904 0.518503
2 0.343562 0.476979 0.337349 0.521084 0.35994 0.522375 0.365776 0.476764
7 0.55384 0.539587 0.593562 0.541093 0.595256 0.554862 0.552146 0.555293
6 0.550075 0.539372 0.55064 0.557659 0.597515 0.557874 0.596762 0.539587
3 0.558547 0.663726 0.585279 0.66222 0.586785 0.672547 0.558547 0.672762
3 0.610316 0.615749 0.63686 0.614028 0.636672 0.624139 0.610316 0.62457
3 0.691077 0.660929 0.733057 0.659639 0.733434 0.668244 0.691077 0.66975
2 0.555346 0.64716 0.556852 0.675344 0.603727 0.672978 0.601468 0.645439
2 0.604104 0.600043 0.606928 0.628873 0.653614 0.624785 0.650979 0.596386
2 0.685053 0.644578 0.73381 0.643933 0.735881 0.669966 0.686935 0.671041
3 0.747176 0.665232 0.771273 0.665232 0.770896 0.675559 0.748306 0.675129
2 0.740776 0.649527 0.77805 0.650387 0.781626 0.677496 0.744729 0.678141 0.74247 0.671687
3 0.775226 0.620482 0.783133 0.620697 0.787274 0.649742 0.778991 0.649527
2 0.774096 0.616609 0.79631 0.61704 0.800828 0.670826 0.78125 0.667814 0.778426 0.649957
3 0.719126 0.516997 0.740964 0.518503 0.740023 0.526463 0.71988 0.524957
2 0.716867 0.504518 0.746988 0.50753 0.751883 0.507315 0.753012 0.526893 0.718562 0.526248
3 0.768637 0.526033 0.790474 0.527969 0.791604 0.535499 0.767508 0.533133
2 0.762425 0.512694 0.764872 0.534639 0.799887 0.536575 0.797252 0.513769
3 0.891378 0.657272 0.924887 0.655981 0.926581 0.665017 0.893637 0.665878
2 0.885542 0.642857 0.923758 0.641781 0.927523 0.666093 0.890248 0.668029
