3 0.572666 0.820138 0.57323 0.825732 0.597327 0.823365 0.59695 0.817556
2 0.569654 0.811962 0.571348 0.828313 0.598833 0.825947 0.597139 0.811747 0.596009 0.80938 0.592809 0.80852 0.570971 0.810671
3 0.494164 0.822504 0.494352 0.827883 0.517696 0.828959 0.517884 0.82315
2 0.492282 0.811317 0.491905 0.829174 0.518825 0.830034 0.51939 0.813683 0.516754 0.811962
3 0.41378 0.819062 0.413592 0.824441 0.4375 0.823795 0.4375 0.818417
2 0.411145 0.808305 0.410768 0.826162 0.4375 0.825086 0.438065 0.823365 0.438441 0.811747 0.437876 0.808305 0.436747 0.807229
3 0.497176 0.690404 0.497176 0.695138 0.51073 0.695353 0.51073 0.690404
2 0.495858 0.682659 0.49567 0.697289 0.520708 0.696859 0.52052 0.684165 0.519202 0.682229 0.496611 0.682229
3 0.293298 0.763124 0.292545 0.768287 0.314194 0.770654 0.314947 0.765491
2 0.292357 0.753442 0.28991 0.769148 0.314571 0.772375 0.317018 0.756885 0.316453 0.755594 0.293486 0.753012
3 0.23381 0.760327 0.233057 0.765275 0.254142 0.766997 0.255271 0.762048
2 0.232869 0.750861 0.230986 0.763124 0.231175 0.766781 0.254706 0.768072 0.256401 0.75753 0.257154 0.752367 0.234187 0.75043
3 0.202184 0.77969 0.201431 0.785069 0.222139 0.785929 0.223645 0.780551
2 0.202748 0.770224 0.19936 0.785929 0.199925 0.786575 0.222703 0.787436 0.225527 0.774957 0.223645 0.7713 0.207078 0.770439
3 0.283697 0.813468 0.282944 0.819062 0.304593 0.823795 0.305723 0.817771
2 0.283133 0.802711 0.279932 0.819277 0.304782 0.824656 0.308358 0.809165 0.30817 0.807229 0.284827 0.802496
3 0.419804 0.767642 0.419804 0.772806 0.441642 0.773021 0.44183 0.768072
2 0.417169 0.75796 0.416792 0.774096 0.442395 0.774096 0.442771 0.75796
3 0.419804 0.718589 0.420181 0.723752 0.44183 0.724398 0.442018 0.719664
2 0.417922 0.709768 0.417169 0.725258 0.442018 0.726119 0.442959 0.717298 0.443336 0.711489 0.442206 0.710198 0.419051 0.709552
3 0.560429 0.714501 0.561559 0.719234 0.582078 0.713855 0.581514 0.709122
2 0.556852 0.707616 0.5593 0.720955 0.563818 0.720955 0.583584 0.716007 0.581514 0.703313 0.579443 0.701162
3 0.541416 0.667814 0.54198 0.672117 0.5625 0.670611 0.562312 0.666093
2 0.538592 0.659854 0.53991 0.673408 0.563441 0.672332 0.563065 0.661575 0.561747 0.658778 0.559864 0.657917 0.539345 0.659423
3 0.224962 0.696213 0.219126 0.720525 0.222703 0.72117 0.228163 0.696429
2 0.225339 0.692556 0.218562 0.720955 0.221386 0.721386 0.22741 0.721601 0.229104 0.71988 0.235693 0.694062 0.234563 0.693201 0.226468 0.692126
3 0.121423 0.680723 0.115776 0.702238 0.120105 0.702238 0.124812 0.681368
2 0.121047 0.675559 0.11427 0.702883 0.134789 0.703313 0.141002 0.67685
4 0.066453 0.667814 0.062312 0.683735 0.116717 0.688038 0.120482 0.675129
5 0.080761 0.672332 0.079066 0.682444 0.116529 0.686102 0.118788 0.67642
4 0.004142 0.666093 0.000753 0.678356 0.048381 0.681799 0.050452 0.66889
5 0.011672 0.66889 0.010166 0.677281 0.047063 0.680077 0.049134 0.671041
4 0.118976 0.645009 0.11427 0.66136 0.1282 0.662866 0.130648 0.659208 0.144767 0.659639 0.145708 0.64673
5 0.132718 0.651248 0.131401 0.655766 0.143261 0.656411 0.143449 0.651893
4 0.131589 0.605637 0.127824 0.620267 0.139307 0.620912 0.14119 0.61704 0.153991 0.6179 0.155309 0.606928
5 0.143072 0.611661 0.142696 0.614458 0.152861 0.614888 0.15305 0.612091
3 0.74887 0.811317 0.749435 0.816265 0.772402 0.81605 0.771649 0.810886
2 0.745105 0.80099 0.747176 0.818201 0.773532 0.817986 0.771273 0.800344
3 0.800452 0.672332 0.801205 0.676635 0.820971 0.675129 0.819842 0.670396
2 0.796875 0.664157 0.799134 0.678356 0.821724 0.676205 0.817959 0.66179
4 0.635919 0.656626 0.637048 0.677926 0.670369 0.67642 0.670181 0.668675 0.648532 0.669105 0.64759 0.656411
5 0.637989 0.671256 0.638554 0.67642 0.668863 0.675774 0.668298 0.670611
4 0.587349 0.656196 0.590173 0.677065 0.621611 0.674484 0.62067 0.666738 0.601092 0.66846 0.599021 0.655551
5 0.590173 0.671256 0.590926 0.67599 0.62067 0.673623 0.620105 0.668029
4 0.596197 0.627152 0.596762 0.641781 0.611634 0.641351 0.611446 0.637048 0.625565 0.636618 0.625565 0.628442
5 0.610881 0.632315 0.611446 0.635542 0.624624 0.635327 0.624624 0.632315
4 0.153426 0.697935 0.147402 0.723752 0.168486 0.724828 0.171498 0.716007 0.202372 0.718374 0.204066 0.704389 0.204443 0.701377
5 0.174511 0.708477 0.173946 0.713855 0.199925 0.715577 0.200866 0.709983
4 0.139307 0.569062 0.136483 0.578959 0.145143 0.579819 0.146273 0.578098 0.162839 0.577668 0.163592 0.570783
5 0.147402 0.572935 0.146649 0.576377 0.162462 0.575947 0.162651 0.572935
4 0.00866 0.519363 0.004895 0.53012 0.042357 0.54432 0.047252 0.534423
5 0.022026 0.529045 0.020896 0.533563 0.042357 0.542599 0.044428 0.537651
4 0.41698 0.609079 0.415851 0.619836 0.440889 0.621127 0.44183 0.610155
5 0.428087 0.613812 0.427899 0.61747 0.440512 0.618115 0.441077 0.614458
4 0.412839 0.646084 0.412274 0.657917 0.438441 0.659854 0.439759 0.647806
5 0.425075 0.652324 0.425075 0.655551 0.438065 0.656411 0.438253 0.652539
5 0.862952 0.592298 0.871235 0.621127 0.875941 0.620267 0.86747 0.591652
5 0.849398 0.559165 0.858434 0.585628 0.862011 0.584337 0.853539 0.55852
4 0.848645 0.557874 0.858246 0.586704 0.863893 0.584552 0.857869 0.568201 0.869917 0.565835 0.867093 0.555723
5 0.891002 0.56605 0.893261 0.572289 0.919051 0.569923 0.918486 0.564114
4 0.874247 0.546472 0.884036 0.576377 0.921122 0.570998 0.919804 0.562177 0.890813 0.564114 0.885166 0.546041
3 0.893637 0.702238 0.894578 0.706971 0.91378 0.706325 0.913027 0.701377
2 0.889307 0.693847 0.892319 0.708262 0.915098 0.707401 0.911521 0.692341 0.890248 0.692986
3 0.954631 0.698795 0.956325 0.703098 0.974021 0.702668 0.97308 0.698365
2 0.949736 0.690189 0.953502 0.704389 0.975339 0.703959 0.971386 0.689974 0.968562 0.688468 0.951054 0.689544
3 0.925828 0.612091 0.927334 0.616179 0.943712 0.615103 0.943148 0.611016
2 0.920746 0.604346 0.926205 0.61747 0.944465 0.616394 0.94503 0.612952 0.942206 0.605422 0.940136 0.6037 0.93863 0.603055 0.92244 0.603485
3 0.904744 0.64759 0.907191 0.650602 0.925264 0.649096 0.922252 0.645654
2 0.895143 0.642427 0.904932 0.651033 0.90945 0.651033 0.927523 0.649312 0.917169 0.640275 0.897026 0.641781
4 0.862011 0.591222 0.870482 0.622203 0.877259 0.620697 0.871423 0.601764 0.887613 0.598537 0.884977 0.588425
5 0.946913 0.736876 0.94823 0.74333 0.977974 0.740534 0.976845 0.733864
4 0.926958 0.711489 0.938065 0.747418 0.980422 0.74204 0.978351 0.731713 0.946536 0.734725 0.939194 0.709983
5 0.90192 0.765275 0.908697 0.794966 0.912462 0.794105 0.906438 0.764415
4 0.900979 0.764415 0.908321 0.795611 0.91378 0.794535 0.910015 0.776678 0.924887 0.774096 0.922063 0.761188
5 0.889684 0.716652 0.899096 0.752797 0.903991 0.752152 0.893825 0.715577
4 0.887989 0.715146 0.898155 0.753873 0.90512 0.752797 0.899285 0.728055 0.911709 0.724613 0.908321 0.712564
4 0.761483 0.684811 0.764872 0.70568 0.832455 0.702883 0.82869 0.682874
5 0.782568 0.689759 0.784827 0.701162 0.831137 0.699441 0.828502 0.686747
5 0.649096 0.75667 0.649473 0.762694 0.681476 0.762263 0.680911 0.755809
4 0.646273 0.740103 0.648343 0.763769 0.68317 0.763124 0.682794 0.753657 0.66058 0.754088 0.658697 0.739888
4 0.598645 0.740749 0.600527 0.7642 0.634413 0.763554 0.633848 0.754518 0.613328 0.754948 0.611258 0.739673
5 0.60128 0.75753 0.601468 0.763339 0.63366 0.762263 0.633283 0.756239
5 0.950113 0.618115 0.951807 0.623279 0.97741 0.621988 0.975715 0.616824
4 0.942583 0.600473 0.951242 0.624785 0.978727 0.623064 0.97628 0.614888 0.956325 0.615749 0.951807 0.600043
5 0.702372 0.674484 0.70256 0.677711 0.724209 0.677281 0.724021 0.673838
4 0.693524 0.674484 0.693524 0.678356 0.724962 0.677926 0.724586 0.673193
4 0.707831 0.78012 0.707831 0.785284 0.741717 0.783348 0.740964 0.777754
5 0.716867 0.780336 0.717056 0.783563 0.740587 0.782702 0.740211 0.779045
5 0.295181 0.673193 0.290474 0.696644 0.29311 0.696859 0.297628 0.674053
4 0.294239 0.672762 0.287462 0.707616 0.292169 0.708262 0.298946 0.673408
