3 0.178464 0.284854 0.202372 0.285929 0.202748 0.291308 0.17884 0.290448
3 0.17677 0.319923 0.19936 0.314759 0.200489 0.319707 0.178087 0.325086
3 0.218562 0.327022 0.243976 0.326377 0.244541 0.331756 0.219315 0.332401
3 0.274473 0.258391 0.299887 0.25667 0.30064 0.261833 0.275602 0.263984
3 0.389872 0.334768 0.414533 0.335628 0.414721 0.341007 0.39006 0.340146
3 0.42564 0.316265 0.451054 0.319277 0.451242 0.324441 0.42564 0.321644
3 0.506401 0.260542 0.533321 0.263124 0.532944 0.269148 0.506024 0.266566
3 0.608622 0.24957 0.634413 0.247203 0.634413 0.253442 0.608622 0.255809 0.608434 0.250215
3 0.649473 0.314329 0.674887 0.315189 0.674699 0.320783 0.649096 0.319707 0.649661 0.315835
3 0.700489 0.319707 0.724021 0.320138 0.724021 0.325732 0.700489 0.324871 0.699548 0.319277
3 0.741905 0.323795 0.765625 0.324226 0.765437 0.329389 0.741905 0.329174
3 0.824736 0.319923 0.847515 0.319923 0.846762 0.325301 0.824548 0.325516 0.824548 0.320568
3 0.802334 0.243976 0.826431 0.243761 0.825866 0.24957 0.802146 0.24957
3 0.594691 0.119191 0.621988 0.11833 0.622176 0.12457 0.59488 0.125645
3 0.202184 0.156842 0.227221 0.159639 0.22741 0.165878 0.201995 0.163511 0.202184 0.157702
2 0.174511 0.311962 0.197289 0.306368 0.201619 0.320138 0.175828 0.327453 0.17244 0.312392
2 0.175264 0.274312 0.177523 0.291523 0.204066 0.292814 0.201054 0.275818
2 0.215738 0.318632 0.21762 0.334552 0.245482 0.334337 0.243599 0.31691
2 0.270708 0.247849 0.298004 0.246127 0.301958 0.262263 0.274849 0.26506
2 0.387425 0.325301 0.387989 0.341437 0.416039 0.342298 0.415474 0.325516
2 0.422816 0.306153 0.423381 0.322289 0.451996 0.325947 0.45256 0.308735
2 0.505836 0.248709 0.534639 0.252151 0.534074 0.270439 0.504706 0.268503
2 0.60561 0.238812 0.605798 0.2571 0.606175 0.25753 0.635354 0.254733 0.634789 0.236231 0.605045 0.238597
2 0.648532 0.303787 0.676017 0.305508 0.675452 0.322935 0.648155 0.321213
2 0.699736 0.310241 0.725339 0.311532 0.724586 0.327022 0.698795 0.325516
2 0.742658 0.315835 0.766943 0.315835 0.765813 0.332186 0.740776 0.331325 0.74134 0.31562
2 0.825113 0.311962 0.84808 0.312392 0.847327 0.325732 0.824172 0.326377 0.82436 0.311962
2 0.200113 0.14716 0.200489 0.165663 0.228539 0.167814 0.227786 0.148451 0.200678 0.145869
2 0.592809 0.108003 0.62387 0.106713 0.624059 0.128227 0.593938 0.128657
3 0.667357 0.081325 0.684111 0.079389 0.684488 0.085413 0.667545 0.087349
2 0.667357 0.070138 0.689947 0.06691 0.689947 0.085843 0.666792 0.088855 0.666604 0.070138
8 0.237952 0.099613 0.24134 0.137048 0.27805 0.133176 0.274473 0.097031
8 0.190512 0.131885 0.222139 0.128442 0.225151 0.14716 0.200489 0.145224 0.192018 0.146945
8 0.602974 0.219664 0.601468 0.23537 0.637989 0.23537 0.639119 0.221386
8 0.597892 0.298838 0.596009 0.331325 0.630836 0.331756 0.632342 0.300129
