3 0.048798 0.705449 0.047356 0.713141 0.084135 0.714423 0.085337 0.706731
2 0.049279 0.691987 0.043269 0.715064 0.085337 0.716667 0.089423 0.692628 0.054808 0.690705
3 0.226442 0.750962 0.224038 0.784936 0.223798 0.794231 0.23125 0.79359 0.232692 0.749359 0.23125 0.749038 0.226442 0.74968
2 0.225962 0.746474 0.222837 0.796154 0.244471 0.792949 0.245192 0.791026 0.247115 0.74391
3 0.385577 0.766026 0.389423 0.794551 0.391587 0.808654 0.398317 0.806731 0.395433 0.784295 0.392067 0.763141 0.385577 0.764103
2 0.383173 0.760256 0.402644 0.754808 0.404327 0.755128 0.40649 0.77468 0.410817 0.799359 0.407452 0.805449 0.390144 0.809615 0.383654 0.760577
3 0.54351 0.754487 0.544231 0.761859 0.57524 0.76218 0.575 0.754808
2 0.539183 0.740385 0.541346 0.763141 0.576683 0.763782 0.576202 0.750641 0.555529 0.746795 0.555288 0.740705
3 0.39351 0.67532 0.386298 0.7125 0.392788 0.713782 0.399519 0.676603
2 0.394471 0.671154 0.411298 0.674038 0.41274 0.67532 0.405529 0.715385 0.404087 0.716667 0.385577 0.713141 0.393269 0.673718
3 0.88125 0.774359 0.883413 0.780449 0.903606 0.779167 0.901202 0.772756 0.884375 0.773718
2 0.873077 0.7625 0.88149 0.781731 0.904808 0.779808 0.901683 0.772436 0.896394 0.760256 0.874519 0.761218
3 0.937981 0.766026 0.940625 0.773397 0.967788 0.771795 0.965385 0.765064 0.94399 0.765385
2 0.929808 0.755128 0.937981 0.774359 0.969231 0.772756 0.961538 0.752244 0.930288 0.753205
3 0.934375 0.727244 0.935817 0.733333 0.96226 0.732692 0.960577 0.726282
2 0.927164 0.716026 0.934135 0.736218 0.964663 0.735256 0.961298 0.725962 0.952885 0.72532 0.949519 0.715385
3 0.846394 0.678846 0.848558 0.685577 0.875721 0.686859 0.873558 0.679487
2 0.840144 0.668269 0.847115 0.686538 0.877164 0.6875 0.869712 0.666346 0.840865 0.667628
3 0.921394 0.591026 0.924038 0.596474 0.947596 0.591667 0.944952 0.586218
2 0.919952 0.589744 0.927404 0.603846 0.93101 0.606731 0.955769 0.601282 0.953846 0.596154 0.952163 0.595513 0.946154 0.584615
3 0.898798 0.558333 0.901442 0.563782 0.92476 0.5625 0.923077 0.556731
2 0.892067 0.55032 0.89976 0.565064 0.926202 0.563782 0.919231 0.547756 0.897596 0.55
3 0.888702 0.535256 0.890865 0.540064 0.914663 0.539744 0.913221 0.534615
2 0.882452 0.527244 0.888942 0.541346 0.916586 0.541026 0.914423 0.533974 0.909856 0.525962
3 0.793269 0.575641 0.797837 0.589103 0.803606 0.605769 0.808173 0.604808 0.805769 0.596154 0.797837 0.575
2 0.783894 0.57468 0.785096 0.580128 0.791346 0.579808 0.797837 0.599038 0.792548 0.59968 0.795673 0.608654 0.810096 0.607692 0.808173 0.6 0.802644 0.585256 0.799038 0.574038
3 0.618029 0.565064 0.619712 0.570833 0.646394 0.565705 0.644231 0.559936 0.627885 0.56282
2 0.612019 0.554487 0.617308 0.571474 0.629327 0.570192 0.648077 0.566346 0.640865 0.55
3 0.56274 0.600962 0.563702 0.606731 0.592308 0.606731 0.591827 0.60032
2 0.558894 0.590064 0.560817 0.607692 0.593269 0.607692 0.592788 0.598397 0.575962 0.598397 0.574519 0.589103 0.560096 0.589423
3 0.477404 0.565064 0.477644 0.571474 0.505288 0.573397 0.505769 0.567308
2 0.475721 0.554487 0.477163 0.573397 0.50625 0.57468 0.50625 0.558333 0.505769 0.55641
3 0.496635 0.509615 0.503125 0.527885 0.50601 0.53718 0.511298 0.535897 0.501923 0.509295 0.500721 0.508333
2 0.494712 0.507372 0.505288 0.538462 0.510096 0.5375 0.516346 0.535256 0.519712 0.532372 0.509135 0.502564 0.496635 0.50609 0.494952 0.506731
3 0.483654 0.457692 0.488221 0.485256 0.493269 0.484295 0.488462 0.457051
2 0.474038 0.457692 0.474038 0.460897 0.478846 0.489423 0.494231 0.486538 0.488942 0.455769
3 0.409615 0.472436 0.407933 0.50032 0.413702 0.500641 0.415385 0.473077
2 0.408654 0.469872 0.40625 0.500962 0.420673 0.502244 0.423317 0.499679 0.424519 0.470833 0.410337 0.469551
3 0.389904 0.527564 0.390144 0.557692 0.396154 0.557372 0.395433 0.527244
2 0.381971 0.526603 0.378606 0.529808 0.379808 0.561859 0.397115 0.560256 0.396154 0.526603
3 0.391587 0.588462 0.391346 0.594872 0.421875 0.595192 0.422356 0.588782
2 0.389423 0.577885 0.38774 0.594872 0.388462 0.595513 0.422837 0.596154 0.423558 0.577885 0.390385 0.576923
3 0.066346 0.60032 0.064663 0.607051 0.099038 0.608974 0.10024 0.601923
2 0.066587 0.586218 0.060817 0.603846 0.061058 0.608654 0.099519 0.609936 0.104327 0.588782
3 0.097356 0.5625 0.096875 0.56891 0.123798 0.566346 0.124279 0.560256
2 0.096635 0.549679 0.095913 0.550962 0.09375 0.570192 0.124279 0.567308 0.125481 0.55032 0.125962 0.548077
3 0.11851 0.533974 0.118029 0.540064 0.150481 0.539103 0.151202 0.533013
2 0.117788 0.523397 0.113942 0.539103 0.114423 0.541026 0.151202 0.540064 0.152644 0.533013 0.153125 0.527244 0.150481 0.522115
3 0.103365 0.47468 0.102885 0.479808 0.135817 0.477885 0.136058 0.472756
2 0.100962 0.464423 0.098798 0.480128 0.137019 0.478846 0.1375 0.463141 0.102163 0.463462
3 0.200481 0.48141 0.19976 0.486859 0.230529 0.492628 0.23101 0.489744 0.228125 0.489103 0.228365 0.485577
2 0.19976 0.469551 0.195913 0.485897 0.196635 0.48718 0.23125 0.49359 0.231971 0.490064 0.229087 0.488462 0.228846 0.483654 0.229087 0.475
3 0.206971 0.509936 0.20601 0.519551 0.204087 0.542628 0.20625 0.542949 0.210096 0.542308 0.21226 0.510256
2 0.194712 0.509936 0.191106 0.544872 0.191346 0.548397 0.210337 0.547115 0.212981 0.508974 0.196154 0.508974
3 0.19351 0.567949 0.191587 0.584615 0.189663 0.600962 0.189423 0.602564 0.195913 0.602885 0.19976 0.567628
2 0.180769 0.566667 0.175962 0.607692 0.194712 0.607051 0.196154 0.605128 0.200721 0.566667
3 0.308413 0.490705 0.306971 0.495833 0.336298 0.502885 0.33774 0.496795
2 0.308173 0.478846 0.303606 0.49391 0.304087 0.496474 0.336538 0.503846 0.33774 0.501603 0.340385 0.488782 0.339663 0.484936 0.327404 0.483013
3 0.308413 0.525962 0.308413 0.532692 0.333413 0.532692 0.333173 0.526282
2 0.308894 0.516026 0.33125 0.516026 0.334135 0.517628 0.333894 0.533013 0.307933 0.533333 0.308173 0.517308 0.308173 0.516026
3 0.290625 0.596474 0.289904 0.603846 0.318269 0.605128 0.31899 0.598077
2 0.290144 0.584295 0.286779 0.603526 0.288702 0.605128 0.31899 0.60641 0.319952 0.585577 0.291587 0.583974
2 0.306731 0.551282 0.306731 0.569872 0.333413 0.569231 0.333173 0.553526 0.332692 0.549679
3 0.306971 0.563141 0.306971 0.569231 0.332212 0.56859 0.331971 0.561859
3 0.802404 0.380128 0.804087 0.384295 0.82524 0.384295 0.823317 0.379487
2 0.797837 0.375321 0.802404 0.386218 0.826683 0.385256 0.821394 0.373077 0.801923 0.374359
3 0.751923 0.282051 0.753365 0.286218 0.774038 0.285577 0.772115 0.28141
2 0.746875 0.275641 0.751202 0.28718 0.77476 0.286538 0.770673 0.275
3 0.611779 0.360577 0.613462 0.365064 0.636298 0.363462 0.634856 0.358654
2 0.607692 0.353846 0.611298 0.366346 0.63726 0.364103 0.633894 0.351282 0.609135 0.353526
3 0.610337 0.308654 0.615625 0.325 0.620192 0.324359 0.613942 0.307372
2 0.608654 0.306731 0.614664 0.326603 0.627164 0.323718 0.620913 0.305128
3 0.608654 0.272436 0.610096 0.291987 0.614664 0.291667 0.6125 0.272115 0.608894 0.271795
2 0.607212 0.270192 0.609135 0.290385 0.609375 0.292949 0.621875 0.292628 0.622356 0.291026 0.619471 0.269872 0.609375 0.269231
3 0.589663 0.24359 0.592308 0.260256 0.596154 0.260256 0.59351 0.24391
2 0.582452 0.242628 0.582692 0.249359 0.585577 0.249679 0.587019 0.259615 0.584856 0.260256 0.585096 0.261218 0.597356 0.2625 0.594712 0.243269 0.582933 0.241346
3 0.610096 0.215705 0.614183 0.233333 0.618269 0.232692 0.613462 0.215064
2 0.608894 0.214103 0.620673 0.213782 0.625721 0.232692 0.623798 0.233654 0.613702 0.234615
3 0.458894 0.3625 0.460096 0.385577 0.455048 0.385577 0.454087 0.361538
2 0.453365 0.359295 0.454087 0.386218 0.460337 0.386538 0.467788 0.386218 0.46899 0.384936 0.467788 0.361218 0.467067 0.360256 0.459375 0.359615 0.455048 0.359295
3 0.458654 0.33109 0.456971 0.351923 0.461538 0.352564 0.463462 0.331731
2 0.458173 0.328846 0.471875 0.330769 0.470673 0.353205 0.469471 0.354487 0.456971 0.352885 0.45601 0.351923
3 0.449038 0.299038 0.452163 0.318269 0.456731 0.317628 0.452885 0.298718
2 0.447837 0.297115 0.451442 0.319231 0.455769 0.319231 0.460817 0.31891 0.464663 0.316987 0.460577 0.296154 0.449038 0.296795
3 0.45024 0.265385 0.45024 0.283654 0.455048 0.283974 0.454567 0.265705
2 0.449279 0.264744 0.449519 0.284936 0.460096 0.285256 0.46274 0.283974 0.462019 0.265705 0.461298 0.264423 0.454087 0.264423
3 0.379327 0.369551 0.378846 0.392949 0.374519 0.392308 0.374519 0.369551
2 0.373798 0.366346 0.389183 0.367308 0.389423 0.392628 0.38726 0.39391 0.373317 0.39359
3 0.363462 0.327885 0.364423 0.348397 0.36899 0.348397 0.368029 0.327885
2 0.36226 0.32532 0.363221 0.348077 0.363942 0.349038 0.373798 0.349359 0.375962 0.347756 0.377404 0.345513 0.376683 0.325962 0.37524 0.32532 0.365385 0.32532
3 0.382933 0.295833 0.379808 0.316667 0.384375 0.317308 0.38726 0.296474
2 0.395673 0.296795 0.393269 0.316026 0.391827 0.318269 0.391106 0.318269 0.382452 0.317949 0.379087 0.316667 0.381971 0.294551 0.384615 0.29359
3 0.379087 0.26218 0.377644 0.280449 0.382212 0.280449 0.383413 0.263141
2 0.391827 0.26218 0.390865 0.278205 0.388221 0.282051 0.380288 0.282372 0.377163 0.28109 0.376683 0.279167 0.378846 0.260256 0.391106 0.261538
3 0.369952 0.236538 0.369952 0.252885 0.374279 0.252564 0.374279 0.237179
2 0.362019 0.235256 0.362019 0.253526 0.375962 0.254487 0.376202 0.235897 0.364663 0.234615
3 0.26875 0.185897 0.269471 0.202885 0.273558 0.202885 0.272837 0.185897
2 0.260096 0.184295 0.260817 0.203526 0.266106 0.205128 0.269952 0.205128 0.274519 0.204167 0.273558 0.184936
3 0.274279 0.154167 0.273077 0.169872 0.277163 0.170192 0.278365 0.154167
2 0.266346 0.153205 0.264904 0.161859 0.265385 0.169872 0.277885 0.171795 0.279327 0.153526 0.267067 0.152244
3 0.210577 0.318269 0.207692 0.342628 0.21274 0.342949 0.215144 0.31859
2 0.200721 0.317308 0.199038 0.327564 0.198077 0.345833 0.213462 0.345513 0.216346 0.317628
3 0.273317 0.3875 0.273077 0.390064 0.295913 0.392949 0.3 0.39359 0.30024 0.388782
2 0.274279 0.379487 0.272596 0.385256 0.272356 0.390385 0.300962 0.394551 0.301202 0.380449
3 0.272356 0.333333 0.273317 0.337179 0.278125 0.335256 0.283173 0.333013 0.288462 0.330769 0.291827 0.328526 0.290865 0.327564 0.281731 0.330128
2 0.267308 0.325962 0.271154 0.339103 0.280048 0.335897 0.290625 0.330769 0.297596 0.325962 0.294712 0.319872 0.286779 0.319551 0.271635 0.324359 0.26851 0.325
3 0.174279 0.28718 0.173077 0.291346 0.181731 0.292949 0.19351 0.294551 0.195913 0.295192 0.198558 0.295833 0.199519 0.292308
2 0.173798 0.280449 0.169471 0.290385 0.172356 0.292308 0.198317 0.297115 0.202644 0.285577 0.182692 0.282372
