1 0.302163 0.027564 0.342788 0.03141 0.342308 0.037179 0.301442 0.033013
1 0.301923 0.035577 0.301442 0.040705 0.340865 0.045833 0.341587 0.040385
1 0.301683 0.044231 0.301202 0.049359 0.340385 0.053205 0.340865 0.048718
1 0.370913 0.033654 0.409856 0.040705 0.409375 0.045833 0.370673 0.038782
1 0.372115 0.041667 0.409375 0.048397 0.408894 0.053526 0.371875 0.046795
1 0.370192 0.048718 0.369712 0.054487 0.408654 0.061218 0.408894 0.056731
1 0.539183 0.047115 0.563702 0.047115 0.563942 0.052244 0.539663 0.052564
1 0.541106 0.054808 0.541106 0.060897 0.564664 0.060577 0.564423 0.055128
1 0.540144 0.063462 0.540625 0.069551 0.565385 0.06859 0.564904 0.0625
0 0.3625 0.025 0.360577 0.059295 0.298077 0.052244 0.301923 0.01891
0 0.36899 0.025321 0.365385 0.058654 0.428606 0.070192 0.430288 0.035897
0 0.51899 0.035256 0.520913 0.075 0.585577 0.072756 0.58125 0.035897
1 0.925962 0.065385 0.956971 0.06859 0.959135 0.076282 0.928125 0.073397
0 0.894471 0.046795 0.901923 0.050321 0.90649 0.076282 0.962981 0.082051 0.961058 0.071795 0.946154 0.051923
