3 0.208396 0.460413 0.208584 0.466437 0.239458 0.459768 0.239458 0.452668
2 0.207267 0.44858 0.205008 0.458692 0.205384 0.467298 0.209337 0.467298 0.241717 0.459983 0.240776 0.443201 0.239646 0.439974 0.235316 0.442126
3 0.341867 0.439114 0.340738 0.445783 0.376318 0.444277 0.377447 0.437392
2 0.340926 0.42599 0.337538 0.447074 0.378012 0.445138 0.382154 0.424053 0.341303 0.425774
3 0.509601 0.440835 0.509601 0.447504 0.53125 0.446644 0.539157 0.446859 0.549322 0.446644 0.548946 0.438898
2 0.505648 0.427496 0.505271 0.44858 0.55177 0.447289 0.552523 0.446213 0.552334 0.425559 0.548381 0.424914 0.509036 0.426635 0.506589 0.42685
3 0.528238 0.693847 0.529179 0.702883 0.575301 0.702453 0.575113 0.692341
2 0.522214 0.674268 0.522967 0.70568 0.57756 0.704819 0.575489 0.673193
3 0.490587 0.581756 0.486069 0.6321 0.494541 0.63296 0.499247 0.581971
2 0.475527 0.58068 0.470444 0.636618 0.496611 0.63963 0.501318 0.58111 0.481551 0.578959
3 0.391002 0.678571 0.389119 0.688253 0.430911 0.703744 0.433358 0.694062
2 0.391378 0.662651 0.383471 0.689974 0.431476 0.707831 0.438441 0.682444 0.437124 0.677711 0.396084 0.663726
3 0.250376 0.570783 0.249624 0.578528 0.287462 0.577668 0.288215 0.570138
2 0.249247 0.557659 0.244917 0.581325 0.287086 0.581756 0.288968 0.576592 0.291604 0.556153 0.252636 0.557229
3 0.773155 0.112091 0.773908 0.115318 0.800264 0.113597 0.798758 0.109079
2 0.767131 0.105422 0.771461 0.11747 0.801581 0.114673 0.796687 0.103485
3 0.843374 0.69148 0.845444 0.702022 0.871235 0.698795 0.869541 0.688468
2 0.836973 0.672547 0.840738 0.704389 0.889684 0.699441 0.884789 0.671687 0.880083 0.668675
3 0.725904 0.704389 0.727033 0.715146 0.776167 0.717513 0.774849 0.70568
2 0.717997 0.68395 0.720821 0.717513 0.777673 0.719449 0.774473 0.691265 0.769578 0.686102 0.721386 0.683305
3 0.721762 0.651248 0.723645 0.660929 0.771461 0.656411 0.770143 0.645654
2 0.713479 0.631885 0.719503 0.663726 0.773908 0.657917 0.767508 0.628873 0.763742 0.625645
