1 0.214985 0.104346 0.298381 0.099613 0.296687 0.11037 0.213667 0.114673
0 0.222139 0.060026 0.216867 0.080034 0.214232 0.096601 0.209337 0.111876 0.20689 0.121127 0.258471 0.11833 0.287274 0.115964 0.299134 0.116609 0.306288 0.08821 0.312688 0.061747 0.299511 0.057874 0.248682 0.058735 0.227221 0.05895
1 0.490023 0.16136 0.578878 0.169535 0.579443 0.181799 0.490023 0.175559
0 0.487575 0.111876 0.483998 0.18352 0.585279 0.187392 0.583396 0.171041 0.584714 0.158563 0.583396 0.149096 0.584902 0.1392 0.58509 0.113382 0.567771 0.116609 0.546875 0.113167 0.533886 0.112952 0.53125 0.114243 0.520896 0.114243 0.48927 0.11037
1 0.664533 0.03679 0.711032 0.040017 0.721574 0.040017 0.741152 0.037866 0.743035 0.049699 0.708584 0.052065 0.665286 0.048623
0 0.652297 0.001076 0.660015 0.055077 0.688065 0.054862 0.697477 0.055077 0.709526 0.05809 0.713855 0.053141 0.725904 0.057014 0.738328 0.055077 0.748306 0.057014 0.750188 0.056583 0.740399 0.0
3 0.346009 0.325947 0.374247 0.325301 0.374247 0.33068 0.345821 0.331325 0.346009 0.326592
2 0.344691 0.317771 0.343938 0.333046 0.375565 0.332831 0.375753 0.317341
5 0.508283 0.317126 0.53238 0.317556 0.53238 0.32358 0.508283 0.322935
4 0.49567 0.313683 0.495294 0.324871 0.533321 0.324871 0.533321 0.314759
1 0.909262 0.17642 0.937124 0.179862 0.93637 0.186317 0.909074 0.18309
0 0.890813 0.171256 0.895331 0.178571 0.89439 0.184165 0.902485 0.213425 0.939759 0.218374 0.961596 0.22074 0.949925 0.177496 0.914533 0.172547 0.900038 0.171041 0.889872 0.169535
