1 0.062981 0.308333 0.100962 0.316667 0.098558 0.32468 0.059135 0.315064
1 0.057452 0.317308 0.096635 0.326282 0.094952 0.333654 0.054327 0.324359
1 0.054808 0.367949 0.08125 0.370833 0.079327 0.377885 0.054087 0.375641
1 0.051683 0.379167 0.078125 0.381731 0.076202 0.390705 0.048317 0.388141
1 0.046875 0.390064 0.073798 0.392308 0.073077 0.399359 0.044471 0.397756
0 0.039663 0.349359 0.08149 0.352244 0.109615 0.354167 0.099038 0.390385 0.094231 0.400641 0.092308 0.400962 0.018269 0.401282 0.031971 0.364103
0 0.06274 0.290705 0.129567 0.306731 0.113221 0.343269 0.109615 0.347436 0.039663 0.339744 0.060096 0.295833
1 0.409856 0.370833 0.451923 0.370833 0.451202 0.383333 0.409135 0.384615
0 0.386298 0.330449 0.461538 0.333654 0.456731 0.388141 0.378125 0.390064 0.385337 0.333333
1 0.727644 0.277564 0.756971 0.277244 0.757933 0.285577 0.728125 0.285256
1 0.730288 0.288462 0.757692 0.289423 0.759135 0.297115 0.730769 0.296154
1 0.7125 0.299359 0.735817 0.29968 0.760096 0.29968 0.760577 0.308013 0.734375 0.308654 0.713221 0.307692
1 0.736779 0.340385 0.76274 0.341667 0.764423 0.349038 0.7375 0.347115
1 0.737019 0.352885 0.766106 0.353846 0.767308 0.361538 0.7375 0.360256 0.736298 0.352885
1 0.737981 0.364423 0.767788 0.365385 0.769231 0.373718 0.738221 0.371795
0 0.704567 0.259295 0.753125 0.26218 0.776442 0.261218 0.785096 0.318269 0.710096 0.315385 0.705769 0.278526
0 0.708173 0.320833 0.782212 0.32468 0.79375 0.38141 0.716106 0.377564 0.707692 0.326923
5 0.229808 0.519872 0.255769 0.521474 0.255288 0.527885 0.229327 0.526282
5 0.222596 0.545833 0.248558 0.547436 0.248077 0.554167 0.221875 0.552244
5 0.213462 0.567308 0.239423 0.569231 0.238702 0.575641 0.21274 0.574038
5 0.19976 0.590064 0.225721 0.591667 0.225 0.598077 0.199038 0.596474
5 0.189904 0.616346 0.215865 0.618269 0.215385 0.62468 0.189183 0.622756
5 0.167548 0.64391 0.19375 0.645833 0.193029 0.652244 0.167067 0.65032
5 0.298317 0.694551 0.327404 0.694872 0.328365 0.701282 0.297837 0.700962
5 0.295913 0.728205 0.326923 0.727244 0.325721 0.735256 0.295192 0.734615
5 0.289663 0.758333 0.320913 0.757692 0.319712 0.765385 0.289183 0.765064
5 0.282692 0.792308 0.313942 0.791667 0.31274 0.799359 0.282212 0.798718
5 0.278125 0.830449 0.309375 0.829808 0.307933 0.8375 0.277404 0.83718
4 0.228606 0.51859 0.258654 0.520513 0.257212 0.530128 0.227404 0.527244
4 0.220913 0.544231 0.250962 0.546154 0.249519 0.555769 0.219712 0.552885
4 0.212019 0.565705 0.242067 0.567628 0.240625 0.576923 0.211058 0.574359
4 0.198798 0.588782 0.228846 0.590705 0.227404 0.6 0.197837 0.597436
4 0.188462 0.615385 0.21851 0.617308 0.217067 0.626603 0.1875 0.624038
4 0.166346 0.641987 0.196394 0.64391 0.194952 0.653205 0.165385 0.650641
4 0.296154 0.692628 0.329327 0.693269 0.330048 0.703526 0.295673 0.702564
4 0.294231 0.726282 0.327885 0.725641 0.328365 0.737179 0.29375 0.736218
4 0.288462 0.75641 0.322115 0.755769 0.322356 0.767308 0.287981 0.766346
4 0.28149 0.790385 0.315144 0.789744 0.315385 0.801282 0.28101 0.80032
4 0.276683 0.829487 0.310096 0.829167 0.310577 0.840385 0.276202 0.839423
3 0.44976 0.783333 0.479087 0.785897 0.478125 0.792949 0.449519 0.791026
2 0.447596 0.770513 0.482452 0.775 0.479327 0.795192 0.447596 0.790705
5 0.393269 0.577564 0.416587 0.576282 0.416587 0.583333 0.391827 0.583013
2 0.391827 0.566987 0.416106 0.566026 0.417788 0.585256 0.390385 0.585897
3 0.53149 0.611538 0.555769 0.6125 0.556731 0.619231 0.53149 0.61859
2 0.527163 0.603205 0.554808 0.603205 0.557692 0.621154 0.529808 0.620833
