1 0.125941 0.347246 0.125565 0.356067 0.137989 0.355422 0.154367 0.355207 0.15625 0.347892 0.142884 0.346816 0.133095 0.346816
0 0.117093 0.319492 0.111069 0.338425 0.106739 0.36037 0.156626 0.360155 0.161145 0.339501 0.165098 0.315835 0.139872 0.317556
1 0.032944 0.546687 0.031062 0.555938 0.064194 0.558305 0.067583 0.545396 0.054029 0.547117
0 0.041792 0.509897 0.028991 0.55895 0.067583 0.560671 0.07436 0.561317 0.087161 0.508176 0.060053 0.508176
1 0.241529 0.554647 0.239646 0.562823 0.266002 0.564759 0.297252 0.565404 0.298381 0.555077 0.267319 0.555077
0 0.246423 0.513554 0.243223 0.532272 0.239081 0.550559 0.235693 0.564329 0.301581 0.568201 0.307794 0.518718
1 0.487764 0.564114 0.488705 0.575947 0.55177 0.576377 0.551393 0.564114 0.514872 0.564114
0 0.483057 0.52216 0.480986 0.577022 0.555158 0.579174 0.55497 0.544535 0.527108 0.526893 0.514872 0.518072 0.482869 0.519363
1 0.206137 0.826162 0.206137 0.83778 0.273908 0.847031 0.275414 0.833907 0.236258 0.828959 0.218562 0.827668
0 0.210279 0.768718 0.206514 0.798623 0.201242 0.826807 0.201807 0.844449 0.27692 0.85241 0.283886 0.810456 0.287462 0.774096 0.24567 0.7713
1 0.508848 0.873064 0.510166 0.887694 0.547816 0.884466 0.586785 0.880164 0.584902 0.865749 0.548569 0.86833 0.525791 0.870912
0 0.58509 0.803571 0.543486 0.806583 0.504518 0.8608 0.503012 0.896945 0.592432 0.889845
1 0.800075 0.889415 0.804029 0.906196 0.827184 0.899742 0.845068 0.8963 0.856551 0.892212 0.872929 0.890921 0.868599 0.876291 0.848833 0.877797 0.82436 0.885542
0 0.784639 0.831325 0.791227 0.866609 0.798569 0.914372 0.838667 0.905551 0.861634 0.902539 0.881965 0.901033 0.864834 0.829604 0.860693 0.812392 0.825866 0.821429
1 0.693524 0.314974 0.693712 0.323365 0.727598 0.326807 0.727033 0.317341
0 0.66491 0.282702 0.66811 0.303356 0.670181 0.326592 0.731175 0.33111 0.729292 0.300344 0.726092 0.28636 0.699172 0.283133 0.677899 0.283778
