7 0.795746 0.108003 0.794051 0.118976 0.821536 0.122418 0.823607 0.113812
6 0.78991 0.102625 0.783886 0.119406 0.834714 0.126291 0.835279 0.114028 0.796122 0.10327
3 0.571536 0.328528 0.571348 0.333692 0.586973 0.333907 0.587538 0.328959
2 0.570218 0.319923 0.568901 0.336059 0.596386 0.336274 0.596574 0.319707
3 0.605798 0.280766 0.60561 0.286575 0.629518 0.289372 0.630459 0.283778
2 0.603916 0.270224 0.60241 0.282917 0.605233 0.288511 0.629706 0.290878 0.630459 0.290232 0.632154 0.273666 0.629895 0.272806
3 0.635166 0.324226 0.634977 0.329819 0.658321 0.329819 0.659639 0.324871
2 0.634601 0.315404 0.632342 0.330465 0.65945 0.331971 0.660392 0.324226 0.659074 0.31562
3 0.666792 0.327238 0.666039 0.332616 0.688818 0.333477 0.690512 0.328098
2 0.665286 0.318201 0.663404 0.333477 0.6907 0.334983 0.692206 0.318847
3 0.702372 0.326377 0.702372 0.331756 0.724586 0.332616 0.725715 0.327668
2 0.700866 0.317126 0.699548 0.333262 0.725151 0.334983 0.727033 0.318632
3 0.690512 0.296687 0.690136 0.301635 0.711596 0.303571 0.711973 0.298838
2 0.689194 0.287651 0.6875 0.302926 0.712726 0.305293 0.713667 0.289587
3 0.733246 0.312823 0.732304 0.317556 0.7468 0.319707 0.747176 0.314759
2 0.733246 0.303787 0.731175 0.317986 0.751883 0.320998 0.753012 0.307014
3 0.756024 0.354991 0.755459 0.359725 0.768072 0.36037 0.768637 0.355852
2 0.756212 0.346386 0.752636 0.361876 0.774285 0.363597 0.776544 0.348107
7 0.375376 0.287435 0.376694 0.300774 0.423004 0.300344 0.422628 0.285069
6 0.374059 0.285929 0.375376 0.302926 0.440512 0.30185 0.439194 0.282917
8 0.734752 0.320353 0.730986 0.353485 0.750565 0.355637 0.751883 0.322289
8 0.763931 0.313253 0.759413 0.34531 0.77372 0.345095 0.779744 0.313683
