5 0.216679 0.207616 0.216679 0.211059 0.244917 0.208907 0.245294 0.205034
5 0.214797 0.222246 0.214608 0.225904 0.242846 0.223537 0.243223 0.219664
4 0.208961 0.206971 0.208773 0.213425 0.245858 0.209768 0.246047 0.203744
4 0.20689 0.221601 0.206514 0.22784 0.243788 0.224398 0.243976 0.218374
5 0.348645 0.164372 0.349021 0.167599 0.370105 0.165448 0.369917 0.162651
4 0.342432 0.164587 0.370105 0.162005 0.370482 0.165663 0.342432 0.168675
3 0.488893 0.070998 0.48927 0.074441 0.5032 0.072504 0.502824 0.069062
2 0.486822 0.06562 0.488517 0.075301 0.511295 0.072074 0.509036 0.061747
3 0.488517 0.108649 0.488517 0.111876 0.501883 0.111876 0.502071 0.108434
2 0.487764 0.102625 0.487575 0.113167 0.512048 0.112091 0.512236 0.102194
3 0.48381 0.148021 0.483246 0.151463 0.496423 0.151678 0.496611 0.147806
2 0.482304 0.141351 0.482116 0.152969 0.506212 0.152539 0.507154 0.142857 0.505836 0.140275
3 0.473456 0.187177 0.474209 0.191265 0.487575 0.187608 0.487011 0.18352
2 0.470256 0.180938 0.473456 0.192556 0.497741 0.185671 0.494352 0.174484
3 0.637801 0.120697 0.637801 0.12457 0.650979 0.125 0.651167 0.121343
2 0.636483 0.114673 0.636672 0.126076 0.659074 0.127151 0.658509 0.115534
3 0.627824 0.154905 0.628012 0.158563 0.640813 0.159208 0.640437 0.155766
2 0.625565 0.149312 0.626883 0.160284 0.649849 0.161145 0.648155 0.150172
3 0.635919 0.194062 0.635354 0.197719 0.64872 0.199871 0.648908 0.196429
2 0.633848 0.187823 0.63366 0.198795 0.657191 0.203098 0.65738 0.19191 0.633848 0.187392
3 0.653614 0.231067 0.65305 0.23494 0.666227 0.237522 0.666604 0.233649
2 0.651544 0.224828 0.651167 0.2358 0.675075 0.241179 0.676205 0.230207
3 0.87613 0.266351 0.876883 0.270224 0.887236 0.270439 0.886672 0.266566
2 0.872741 0.259251 0.875376 0.271515 0.89552 0.271299 0.892696 0.259682
3 0.240776 0.348967 0.240399 0.353701 0.261295 0.35284 0.262048 0.348537
2 0.238705 0.342083 0.237575 0.355422 0.262048 0.354776 0.263178 0.341437
3 0.239646 0.396084 0.239458 0.400602 0.26186 0.400602 0.262989 0.399312 0.263554 0.396299
2 0.238893 0.386833 0.237199 0.401893 0.261672 0.402108 0.263178 0.400602 0.265813 0.387694
3 0.514684 0.319277 0.514307 0.324441 0.528991 0.325086 0.529179 0.320353
2 0.513931 0.310886 0.512801 0.326807 0.539157 0.328528 0.539721 0.312392
3 0.520708 0.394363 0.520708 0.399527 0.535768 0.399312 0.535956 0.395009
2 0.51939 0.386188 0.519014 0.399742 0.545934 0.399957 0.546498 0.398451 0.546498 0.385972
3 0.607304 0.317771 0.606928 0.322289 0.620858 0.324871 0.621611 0.320568
2 0.605986 0.310456 0.605045 0.32401 0.630836 0.328528 0.631965 0.315189
3 0.604292 0.360585 0.603727 0.365534 0.618411 0.367255 0.618976 0.362737
2 0.602033 0.353916 0.600904 0.368115 0.628012 0.370697 0.628577 0.356282
3 0.621423 0.427065 0.622741 0.432229 0.636672 0.428141 0.63573 0.423623
2 0.616529 0.419535 0.620858 0.433735 0.642131 0.427496 0.641943 0.41222
3 0.677523 0.317126 0.677146 0.321429 0.690136 0.32315 0.6907 0.319277
3 0.66698 0.361016 0.666604 0.365318 0.680723 0.36833 0.681099 0.362952
3 0.662086 0.410069 0.661709 0.415448 0.676017 0.416308 0.676393 0.41136
2 0.674887 0.310026 0.700678 0.312608 0.700678 0.326592 0.674887 0.322935
2 0.665474 0.353701 0.664721 0.366179 0.665851 0.3679 0.690512 0.371342 0.691453 0.357358
2 0.660015 0.402108 0.66058 0.416954 0.686559 0.418675 0.685994 0.404045
3 0.755459 0.355637 0.755271 0.359725 0.769955 0.3608 0.770331 0.356713
2 0.753389 0.348322 0.75433 0.361876 0.777861 0.363167 0.779179 0.361876 0.778426 0.349828
3 0.740776 0.405336 0.740587 0.410284 0.754706 0.411575 0.755271 0.407057
2 0.738517 0.39716 0.738328 0.41136 0.764307 0.413511 0.764307 0.399527
3 0.795557 0.40426 0.794804 0.409208 0.80817 0.410499 0.809111 0.406196
2 0.792922 0.39716 0.793675 0.411145 0.817959 0.413941 0.817583 0.400172
3 0.491905 0.583262 0.490964 0.588855 0.506777 0.591652 0.507718 0.586274
2 0.490211 0.573365 0.487952 0.589931 0.51619 0.594234 0.518825 0.578098
3 0.568336 0.543244 0.568336 0.548623 0.583208 0.549053 0.583773 0.54389
2 0.565324 0.533778 0.564947 0.550559 0.594126 0.55099 0.593938 0.534639
3 0.639307 0.539372 0.639684 0.54475 0.654556 0.54346 0.653991 0.538511
2 0.635166 0.530336 0.636483 0.546256 0.665286 0.544535 0.663404 0.532487 0.661521 0.528184
3 0.70802 0.606928 0.708584 0.613382 0.732681 0.610155 0.732116 0.604346
2 0.705008 0.598967 0.706702 0.614888 0.73381 0.610585 0.731175 0.59574
3 0.825866 0.538726 0.826619 0.54389 0.839985 0.540448 0.839608 0.535499
2 0.820407 0.529905 0.824172 0.545611 0.841491 0.541308 0.842432 0.542599 0.846197 0.54346 0.847139 0.528399 0.832078 0.527539
3 0.850527 0.581971 0.850527 0.586919 0.863517 0.587564 0.863893 0.583046
2 0.848645 0.572074 0.849586 0.58821 0.871423 0.589931 0.874059 0.587995 0.874435 0.575947 0.871047 0.574226
3 0.474962 0.734725 0.474021 0.738597 0.493788 0.745482 0.494917 0.741609
2 0.475527 0.727194 0.47195 0.738812 0.493976 0.747418 0.496988 0.734725
5 0.351092 0.151248 0.351468 0.154475 0.372364 0.152324 0.372364 0.149527
4 0.34488 0.151463 0.372741 0.148881 0.372929 0.152754 0.34488 0.155766
5 0.912839 0.408993 0.913215 0.41889 0.951242 0.420181 0.950489 0.41179
4 0.911521 0.407702 0.911709 0.420826 0.952372 0.421472 0.951996 0.409639
