7 0.046635 0.634295 0.042067 0.645833 0.130769 0.658013 0.131731 0.644231
6 0.045433 0.630769 0.040625 0.646795 0.132212 0.660577 0.133654 0.641346
1 0.695192 0.310577 0.697115 0.317628 0.752164 0.321795 0.75024 0.314744
0 0.683173 0.285256 0.686779 0.296795 0.688702 0.303205 0.689423 0.309295 0.694712 0.321154 0.757212 0.326603 0.74375 0.289423
3 0.184615 0.650962 0.182452 0.656731 0.211779 0.666346 0.213942 0.660897
2 0.18774 0.640705 0.179567 0.65641 0.212019 0.66859 0.219952 0.650962
3 0.061538 0.755769 0.060337 0.763462 0.097115 0.764423 0.098558 0.757372
2 0.06226 0.74391 0.05601 0.765064 0.098077 0.766667 0.102644 0.746154
3 0.157212 0.782692 0.155769 0.790064 0.189904 0.791987 0.192548 0.784936
2 0.159375 0.770192 0.152644 0.791987 0.192788 0.794551 0.195192 0.773077
3 0.277644 0.801603 0.277644 0.809615 0.298317 0.809295 0.299519 0.801923
2 0.276202 0.788141 0.275 0.811538 0.313702 0.809936 0.314904 0.788141
5 0.945673 0.622115 0.946635 0.627244 0.973798 0.630769 0.972115 0.62468
4 0.936298 0.60609 0.945433 0.628846 0.975 0.632051 0.973558 0.623397 0.95649 0.621154 0.951683 0.608333
