3 0.489458 0.466652 0.489646 0.470525 0.515248 0.47031 0.515248 0.465792
2 0.488517 0.459337 0.488328 0.472892 0.51619 0.472461 0.51619 0.458692
3 0.446348 0.480207 0.446724 0.484509 0.461408 0.482143 0.460843 0.47741
2 0.445218 0.472246 0.445783 0.48537 0.47308 0.480637 0.471574 0.467728
3 0.456325 0.416093 0.456137 0.419535 0.469126 0.421041 0.469691 0.416954
2 0.454819 0.412651 0.454254 0.41975 0.479669 0.422332 0.480986 0.413511
3 0.492093 0.418675 0.491529 0.422978 0.505459 0.422978 0.505459 0.418675
2 0.490964 0.413726 0.490587 0.422978 0.515248 0.423838 0.515813 0.414587
3 0.637801 0.434596 0.637613 0.438468 0.652485 0.439329 0.652485 0.435026
2 0.634789 0.426205 0.635919 0.439329 0.66378 0.440404 0.663215 0.427065 0.636483 0.425344
3 0.633283 0.489243 0.63366 0.493546 0.649096 0.493546 0.64872 0.488812
2 0.630083 0.480422 0.631777 0.493976 0.654179 0.494191 0.655685 0.491609 0.659827 0.48494 0.658697 0.479561 0.631212 0.479991
3 0.764307 0.462995 0.764684 0.466867 0.778426 0.467513 0.77805 0.462995 0.764684 0.462349
2 0.76073 0.454174 0.762989 0.467298 0.789533 0.468158 0.787839 0.454604 0.785768 0.454389 0.782756 0.455034
3 0.84695 0.477625 0.847703 0.482143 0.868411 0.482143 0.867658 0.47784
2 0.843374 0.468589 0.84262 0.473322 0.845256 0.482573 0.870105 0.482358 0.866529 0.469664
3 0.412651 0.425344 0.412462 0.429002 0.434676 0.430723 0.435241 0.426635 0.41378 0.424699
2 0.411333 0.417384 0.409074 0.429432 0.435053 0.432014 0.436747 0.418675
3 0.320218 0.431583 0.319465 0.435671 0.341303 0.437608 0.342056 0.433735
2 0.319654 0.423838 0.316453 0.435671 0.317018 0.436747 0.341114 0.439114 0.34262 0.436102 0.343938 0.430938 0.34488 0.427496 0.344315 0.42599 0.325866 0.424268
3 0.221197 0.458477 0.220256 0.462995 0.242282 0.46364 0.243411 0.459552
2 0.220444 0.450516 0.216867 0.463855 0.243035 0.465146 0.245482 0.451377
3 0.185994 0.692771 0.184111 0.698365 0.200866 0.698365 0.201619 0.692341
2 0.186747 0.682659 0.182041 0.700516 0.211032 0.699656 0.214232 0.686317 0.213479 0.682444 0.212914 0.681368 0.188441 0.681799
3 0.379895 0.659854 0.379895 0.665232 0.397779 0.663942 0.397779 0.657487
2 0.377071 0.648881 0.377447 0.667599 0.40945 0.663942 0.407756 0.645224
3 0.465173 0.688683 0.465173 0.694923 0.493035 0.695783 0.493411 0.689544
2 0.462161 0.677065 0.461408 0.696429 0.493788 0.697289 0.494352 0.677926
3 0.52805 0.705034 0.528426 0.710843 0.556476 0.708046 0.555911 0.701807
2 0.524849 0.694277 0.525979 0.71278 0.557982 0.709552 0.555346 0.690404 0.524849 0.693847
3 0.633283 0.678787 0.634036 0.684811 0.65192 0.683305 0.651167 0.67685 0.633283 0.677926
2 0.629142 0.666954 0.631589 0.686317 0.664157 0.684165 0.66058 0.664372
3 0.686747 0.709552 0.687876 0.715577 0.704066 0.711058 0.702937 0.70525
2 0.682041 0.698795 0.687124 0.716867 0.718374 0.708046 0.712914 0.690189 0.68317 0.697935
3 0.708396 0.763124 0.708584 0.769363 0.737764 0.770439 0.737387 0.763769
2 0.704443 0.75043 0.706325 0.774742 0.740211 0.776033 0.739081 0.751721 0.724962 0.750645 0.705949 0.749785
3 0.817959 0.770224 0.817959 0.775818 0.832643 0.77969 0.833584 0.773236
2 0.815136 0.75753 0.815136 0.776248 0.828125 0.779475 0.836973 0.781842 0.846386 0.783993 0.84808 0.770869 0.846197 0.76463 0.82869 0.759897
3 0.93317 0.67685 0.934488 0.682659 0.948795 0.679217 0.947101 0.673623
2 0.926581 0.667169 0.932982 0.685026 0.958961 0.678571 0.951996 0.660714
3 0.61634 0.596816 0.616717 0.602194 0.633471 0.601334 0.632718 0.595525
2 0.611634 0.586058 0.61427 0.604131 0.644955 0.60241 0.643449 0.584337
2 0.600151 0.586058 0.600527 0.603485 0.569654 0.601119 0.569465 0.583692
3 0.572477 0.594019 0.572101 0.599613 0.588855 0.600688 0.589232 0.595095
2 0.522967 0.601119 0.524661 0.61747 0.55497 0.614888 0.552334 0.597246
3 0.526732 0.61037 0.527297 0.615964 0.55384 0.612737 0.553276 0.606928
2 0.469503 0.586489 0.469503 0.602625 0.497741 0.601764 0.497364 0.585198
3 0.472515 0.59574 0.472892 0.600688 0.497176 0.600258 0.496611 0.59488
3 0.273532 0.614028 0.272402 0.619406 0.288215 0.620267 0.28878 0.614888
2 0.273155 0.6037 0.269955 0.620912 0.298193 0.622418 0.300828 0.604991
2 0.212914 0.600688 0.209714 0.61747 0.237764 0.61833 0.240587 0.601764
3 0.213102 0.61037 0.212349 0.615318 0.226845 0.615964 0.228163 0.6108
3 0.817206 0.673623 0.818712 0.679217 0.84262 0.677711 0.841679 0.671687
2 0.814571 0.663942 0.817395 0.680723 0.844691 0.678787 0.841491 0.662005 0.815324 0.663511
2 0.942583 0.434596 0.946536 0.446213 0.96875 0.44858 0.964232 0.436747
3 0.946536 0.441695 0.947289 0.445138 0.960279 0.446859 0.958961 0.442556
2 0.967809 0.513124 0.972139 0.527539 0.994352 0.528614 0.989646 0.513984
3 0.97308 0.521945 0.974209 0.526678 0.993411 0.527324 0.992093 0.522806
1 0.397402 0.284423 0.396649 0.291093 0.424134 0.292814 0.424322 0.286575
1 0.40305 0.275172 0.402485 0.281196 0.42564 0.282702 0.426017 0.277324
1 0.404367 0.265921 0.403614 0.271299 0.42677 0.273451 0.427334 0.268503
0 0.382907 0.252797 0.380836 0.260327 0.37613 0.281411 0.37387 0.295611 0.446913 0.298408 0.450678 0.255594 0.383848 0.252582
1 0.462538 0.270224 0.462538 0.275602 0.505083 0.279045 0.505459 0.273451
1 0.463102 0.27969 0.463102 0.284854 0.505271 0.289157 0.505271 0.283133
1 0.462538 0.288941 0.461785 0.294105 0.505271 0.298838 0.505459 0.292814
0 0.459526 0.257315 0.455384 0.298408 0.528238 0.305508 0.528238 0.260972 0.461596 0.256454
1 0.704254 0.259466 0.704631 0.26506 0.730798 0.267212 0.729857 0.261403
1 0.689194 0.268933 0.690324 0.274742 0.732681 0.277108 0.732492 0.271084
1 0.694465 0.27926 0.695218 0.286145 0.735504 0.288511 0.734563 0.281842
0 0.67884 0.244836 0.685053 0.272806 0.687688 0.290878 0.75866 0.295611 0.750376 0.262478 0.745858 0.249355
1 0.759413 0.263554 0.76186 0.268718 0.784827 0.271515 0.796875 0.272806 0.795181 0.268072 0.782756 0.267212
1 0.762425 0.271299 0.765248 0.276033 0.775414 0.277969 0.801393 0.281196 0.799511 0.276248 0.78125 0.274312
1 0.770331 0.279905 0.773343 0.285069 0.806099 0.289587 0.803276 0.284639 0.785956 0.282702
0 0.7468 0.249785 0.753012 0.263769 0.764496 0.28679 0.828502 0.297117 0.823795 0.284639 0.810806 0.259897 0.805158 0.255164 0.759601 0.250645
1 0.929217 0.287005 0.932229 0.294105 0.971762 0.30142 0.97195 0.300344 0.96988 0.293675 0.947477 0.289802
0 0.914345 0.266566 0.92564 0.290448 0.928087 0.297332 0.976092 0.306153 0.976092 0.304647 0.960655 0.268072 0.937312 0.265275 0.919616 0.260972 0.916227 0.260327 0.912462 0.261403
