1 0.402163 0.321154 0.46899 0.342949 0.469471 0.353205 0.402644 0.33141
0 0.39976 0.28109 0.396875 0.3375 0.474038 0.360256 0.473077 0.308013 0.435577 0.294231
1 0.690385 0.369231 0.742308 0.386218 0.743269 0.396795 0.693029 0.379167
0 0.680769 0.324359 0.694471 0.330769 0.71899 0.340385 0.738462 0.34968 0.749279 0.404487 0.721875 0.39359 0.68726 0.382051 0.687981 0.374359 0.686058 0.369231 0.686298 0.364103
5 0.440625 0.739103 0.485817 0.742628 0.486538 0.752244 0.440865 0.747436
4 0.41851 0.73141 0.487981 0.740064 0.4875 0.755128 0.417788 0.750641
1 0.892548 0.391026 0.911779 0.39359 0.913221 0.4 0.894231 0.397115 0.892548 0.391667
1 0.897596 0.401923 0.916586 0.404487 0.918029 0.411218 0.899519 0.408013
1 0.89976 0.41218 0.920192 0.415385 0.922115 0.422436 0.901202 0.41891
0 0.86851 0.369551 0.901442 0.376923 0.920913 0.382372 0.922837 0.390064 0.927885 0.399038 0.93101 0.40641 0.934615 0.416346 0.940865 0.430769 0.923798 0.428205 0.910817 0.424038 0.901683 0.424359 0.885577 0.420513 0.880048 0.40641 0.87476 0.38782 0.869471 0.375
1 0.935096 0.404167 0.96226 0.417949 0.963942 0.424038 0.936298 0.411538
0 0.92476 0.388141 0.935817 0.391987 0.969952 0.406731 0.976202 0.419872 0.981971 0.433333 0.989423 0.453846 0.982692 0.453846 0.957933 0.442949 0.952163 0.442949 0.942067 0.435256 0.941346 0.430769 0.9375 0.420513 0.934135 0.410577 0.930769 0.400962 0.926923 0.395513
