3 0.532944 0.384897 0.532756 0.3892 0.548381 0.391351 0.548946 0.386403
2 0.531062 0.37543 0.530685 0.390706 0.558735 0.393503 0.559488 0.381239 0.555911 0.377151 0.532944 0.37457 0.531626 0.375215
1 0.056099 0.200516 0.052899 0.211919 0.08942 0.21321 0.092432 0.202453
0 0.043675 0.165017 0.033321 0.194707 0.024285 0.216007 0.091867 0.217728 0.103163 0.191265 0.112011 0.165017 0.056476 0.163941
1 0.451054 0.171687 0.450866 0.178571 0.49887 0.182874 0.49887 0.174914
1 0.450866 0.18395 0.450301 0.190835 0.497929 0.193632 0.498306 0.187608
1 0.472139 0.160929 0.471574 0.167599 0.499247 0.169966 0.499624 0.162651
0 0.447289 0.143287 0.442959 0.196429 0.522779 0.201162 0.524473 0.147375
1 0.777673 0.21364 0.778991 0.223322 0.81363 0.228485 0.811935 0.217943
0 0.740399 0.170181 0.751694 0.226549 0.82003 0.233864 0.811182 0.200086 0.807982 0.179217
3 0.761295 0.649957 0.762048 0.655551 0.787274 0.65426 0.786521 0.648236
2 0.75753 0.638984 0.759036 0.657057 0.787274 0.656196 0.788404 0.65426 0.785956 0.637478
3 0.542922 0.676635 0.542733 0.682444 0.571913 0.682444 0.571724 0.67642
2 0.540851 0.665448 0.540286 0.68352 0.573042 0.68395 0.572101 0.665232
8 0.549322 0.717728 0.55064 0.725043 0.586596 0.722676 0.586596 0.716437
3 0.690136 0.730422 0.690512 0.736016 0.717997 0.73494 0.71762 0.729131
2 0.686747 0.719664 0.68863 0.737306 0.719503 0.736231 0.71762 0.717298 0.6907 0.717943
8 0.395896 0.717298 0.396084 0.723537 0.433735 0.723752 0.433547 0.717943
8 0.323419 0.716867 0.32323 0.722676 0.359375 0.723322 0.360316 0.717298
8 0.247553 0.712995 0.247553 0.720095 0.285015 0.72117 0.284639 0.714286
8 0.264119 0.498064 0.263554 0.503657 0.297628 0.504733 0.298004 0.499139
8 0.333773 0.499139 0.334149 0.504733 0.368411 0.504518 0.368599 0.49957
8 0.404367 0.501076 0.404179 0.506885 0.438253 0.5071 0.439194 0.501721
3 0.320595 0.603916 0.320783 0.609725 0.34808 0.607788 0.348645 0.60241
2 0.318148 0.593589 0.318148 0.611016 0.350339 0.609294 0.349021 0.591222
