7 0.203125 0.275641 0.258654 0.28109 0.257452 0.290705 0.200962 0.285897
6 0.202404 0.272756 0.199519 0.2875 0.258654 0.292628 0.261058 0.279487
3 0.228846 0.242628 0.247837 0.241346 0.247837 0.245513 0.229087 0.246474
2 0.227404 0.237179 0.227885 0.247756 0.25 0.246795 0.249519 0.236218
3 0.061779 0.374038 0.085096 0.377885 0.083654 0.382692 0.061058 0.378846
2 0.063942 0.367308 0.058413 0.380128 0.083894 0.384615 0.089423 0.371154
8 0.179567 0.342949 0.175481 0.35641 0.198077 0.358974 0.201442 0.345192
8 0.203365 0.388141 0.200721 0.402885 0.223317 0.404808 0.226202 0.388782 0.203846 0.3875
8 0.197115 0.429167 0.194952 0.440064 0.19351 0.443269 0.207212 0.447756 0.217788 0.448077 0.220192 0.432051 0.205529 0.43109
3 0.265865 0.361218 0.288702 0.361538 0.288702 0.366026 0.265865 0.365064
2 0.264904 0.354167 0.263942 0.366026 0.289183 0.366987 0.290385 0.355128
3 0.291587 0.421474 0.315385 0.419872 0.315385 0.424038 0.291827 0.42532
2 0.290385 0.413782 0.289663 0.427244 0.315865 0.425 0.315385 0.413782 0.314663 0.413141
8 0.15024 0.519551 0.147115 0.538141 0.171394 0.53718 0.174279 0.516667 0.155529 0.517949 0.152885 0.519872
8 0.146635 0.539744 0.143269 0.557051 0.149038 0.557051 0.152404 0.554167 0.167788 0.554487 0.170192 0.53782 0.147356 0.538782
7 0.727163 0.296474 0.728606 0.304167 0.752404 0.304808 0.750481 0.296795
6 0.725962 0.295513 0.751202 0.295833 0.753606 0.305449 0.728125 0.305449
7 0.789904 0.298397 0.810817 0.298397 0.812981 0.304487 0.791586 0.305449
6 0.788462 0.297756 0.811298 0.297436 0.813942 0.30609 0.790865 0.306731
8 0.885817 0.419231 0.889904 0.433333 0.910577 0.435577 0.906731 0.422115
9 0.213702 0.248718 0.209856 0.269231 0.255288 0.274679 0.259135 0.252564
8 0.080048 0.742949 0.074038 0.771474 0.108413 0.770833 0.113462 0.742628
8 0.062981 0.834936 0.055048 0.864744 0.089183 0.865385 0.094471 0.838462
7 0.12524 0.794551 0.150481 0.794231 0.151442 0.788141 0.126683 0.788782
6 0.126202 0.786538 0.123798 0.795833 0.151202 0.796474 0.152885 0.78718
7 0.120913 0.811538 0.147356 0.813782 0.145192 0.822115 0.137981 0.821154 0.136538 0.829808 0.121394 0.828526 0.122596 0.819551 0.11875 0.819551
6 0.119952 0.810256 0.117788 0.821154 0.121154 0.821474 0.119471 0.829167 0.137019 0.83141 0.138942 0.822115 0.146394 0.823077 0.148077 0.81282
7 0.113702 0.838782 0.142308 0.839744 0.141587 0.848077 0.11274 0.846474 0.114183 0.839103
6 0.11274 0.8375 0.143269 0.838462 0.142308 0.849359 0.111538 0.847436
3 0.98125 0.605769 0.997836 0.605449 0.999279 0.610897 0.982933 0.611218
2 0.975481 0.597115 0.98101 0.613141 0.99976 0.6125 0.999279 0.604487 0.996394 0.596795
