8 0.181971 0.511538 0.205048 0.5125 0.202404 0.529167 0.178365 0.526282 0.180769 0.511538
8 0.209615 0.529487 0.207692 0.545513 0.232212 0.544872 0.233654 0.528205
8 0.238942 0.507372 0.236298 0.522115 0.261538 0.522436 0.26274 0.507692
8 0.277404 0.518269 0.276202 0.533654 0.301442 0.532692 0.301923 0.517628
8 0.306971 0.522436 0.30649 0.53782 0.329808 0.5375 0.330769 0.521154
8 0.332212 0.526603 0.330769 0.543269 0.355769 0.54391 0.356731 0.527564
8 0.358413 0.514103 0.357452 0.529808 0.382452 0.529808 0.382692 0.513782
8 0.388221 0.513462 0.38774 0.529167 0.41226 0.527885 0.412019 0.511538
8 0.826442 0.550962 0.849279 0.551923 0.851683 0.567308 0.827644 0.566987
8 0.857933 0.555128 0.88149 0.558654 0.883654 0.574359 0.859135 0.571795 0.857212 0.555128
