1 0.317067 0.437821 0.346875 0.440064 0.378365 0.439423 0.376202 0.449038 0.347596 0.45 0.325721 0.447436 0.315865 0.445513
0 0.31851 0.402564 0.312981 0.433333 0.309615 0.444551 0.323077 0.44968 0.344712 0.453205 0.356731 0.453846 0.372356 0.452244 0.38125 0.44968 0.386298 0.404167
1 0.516106 0.36218 0.526202 0.363141 0.579567 0.353205 0.58101 0.363141 0.529808 0.371795 0.517067 0.370833
0 0.508413 0.330449 0.51274 0.358974 0.514183 0.375 0.529086 0.376282 0.547837 0.373718 0.584856 0.366987 0.576683 0.319231 0.533414 0.326923 0.519952 0.328526
5 0.170433 0.623718 0.20601 0.620833 0.205769 0.626603 0.170192 0.629808
4 0.160577 0.623077 0.207692 0.619551 0.207692 0.628846 0.159856 0.631731
5 0.232212 0.663141 0.267788 0.660897 0.267067 0.667628 0.231731 0.669872
4 0.222596 0.6625 0.26899 0.659615 0.26875 0.66891 0.221875 0.671154
5 0.220433 0.69968 0.256971 0.699359 0.256731 0.706731 0.220192 0.70641
4 0.210577 0.698718 0.258173 0.698718 0.257692 0.707692 0.209856 0.708333
5 0.144471 0.700321 0.180769 0.7 0.180529 0.70641 0.14399 0.707372
4 0.134135 0.7 0.181731 0.698718 0.18149 0.707692 0.133413 0.708654
5 0.132692 0.738462 0.169231 0.736538 0.16875 0.744231 0.132212 0.745192
4 0.121635 0.7375 0.170673 0.735577 0.170192 0.745833 0.121394 0.747436
5 0.121154 0.783333 0.157692 0.781731 0.157212 0.789103 0.120673 0.790705
4 0.110577 0.782372 0.159615 0.780128 0.159135 0.790385 0.110337 0.791987
5 0.114904 0.825962 0.153606 0.82468 0.153125 0.832372 0.113942 0.833333
4 0.103846 0.82468 0.155288 0.823397 0.154327 0.833654 0.103125 0.834615
5 0.10625 0.872756 0.145192 0.871154 0.144471 0.879167 0.105529 0.88141
4 0.09399 0.871474 0.145913 0.870192 0.145673 0.88141 0.093269 0.882692
5 0.213942 0.736218 0.250721 0.734936 0.250481 0.741987 0.213462 0.743269
4 0.203365 0.735577 0.251923 0.733974 0.251683 0.742949 0.202885 0.744872
5 0.205288 0.776923 0.243269 0.775641 0.243269 0.783013 0.204808 0.783974
4 0.194712 0.776282 0.244952 0.774038 0.245192 0.784295 0.194231 0.785577
5 0.2 0.822115 0.239663 0.820833 0.239663 0.827885 0.19976 0.829167
4 0.189423 0.821474 0.240865 0.819872 0.240625 0.829487 0.188942 0.830769
5 0.189904 0.867628 0.230048 0.867308 0.230048 0.87468 0.189904 0.875641
4 0.178125 0.866987 0.23125 0.866026 0.230769 0.875962 0.177885 0.876923
5 0.433894 0.825641 0.473558 0.825321 0.473798 0.833654 0.434375 0.833654
4 0.420433 0.824359 0.47476 0.824038 0.47524 0.834615 0.420673 0.835577
5 0.329567 0.869231 0.370913 0.868269 0.371154 0.876603 0.329567 0.877564
4 0.316106 0.866987 0.372115 0.867308 0.372115 0.878526 0.315865 0.879167
3 0.043269 0.717628 0.040865 0.7375 0.045673 0.73782 0.049279 0.717308
2 0.03726 0.705769 0.03101 0.742308 0.047596 0.741026 0.052404 0.705449
