1 0.122553 0.351549 0.147026 0.350258 0.144578 0.358649 0.1218 0.358219
0 0.116529 0.325732 0.15945 0.322504 0.146649 0.363597 0.103539 0.363167
1 0.361069 0.343589 0.38253 0.342513 0.381965 0.349182 0.361069 0.349182
1 0.359563 0.351764 0.359187 0.358864 0.381212 0.358219 0.381965 0.351764
0 0.347703 0.33154 0.401167 0.328528 0.39759 0.371127 0.339044 0.371342
1 0.59375 0.343589 0.628389 0.343589 0.627636 0.349398 0.593185 0.348752
1 0.590926 0.354346 0.629142 0.352194 0.628577 0.358434 0.591867 0.358434
0 0.584902 0.336919 0.587161 0.363382 0.649096 0.363167 0.646649 0.33154 0.61634 0.328959 0.606928 0.332401 0.59808 0.334983
1 0.480045 0.604346 0.539533 0.603916 0.53991 0.615749 0.479104 0.615103
0 0.475339 0.557874 0.545181 0.55938 0.546122 0.622633 0.472515 0.621343
1 0.232116 0.607143 0.28445 0.605207 0.28238 0.618115 0.231928 0.618761
0 0.233622 0.563898 0.291792 0.562823 0.288592 0.62457 0.225339 0.624785
1 0.685806 0.595955 0.747741 0.592513 0.748306 0.605422 0.6875 0.606928
0 0.672816 0.552065 0.744352 0.549053 0.754706 0.61037 0.681852 0.612952
1 0.048758 0.581325 0.092997 0.579819 0.092056 0.591652 0.049699 0.593158
0 0.056852 0.54475 0.107681 0.540017 0.094691 0.596601 0.04311 0.59617
