3 0.944654 0.43352 0.965173 0.43395 0.966303 0.437823 0.946348 0.437177
3 0.956514 0.455895 0.977221 0.455895 0.978916 0.460413 0.957643 0.459552
2 0.941265 0.426635 0.963291 0.427496 0.968185 0.439759 0.944654 0.439329
2 0.952184 0.448795 0.97628 0.449226 0.980045 0.46278 0.956325 0.462349
3 0.832643 0.462565 0.847703 0.459768 0.849021 0.464716 0.833584 0.467513
2 0.827937 0.455465 0.855045 0.450301 0.860128 0.464931 0.831702 0.470095
3 0.92677 0.524957 0.948042 0.525172 0.949548 0.53012 0.928087 0.52969
2 0.923381 0.515706 0.946724 0.516566 0.950301 0.531626 0.926581 0.531196
3 0.727786 0.43438 0.732304 0.43395 0.737387 0.457186 0.732869 0.457616
2 0.71988 0.434596 0.733434 0.43309 0.73927 0.460628 0.72628 0.462134
3 0.544616 0.474182 0.550075 0.473967 0.550452 0.498924 0.546122 0.499355
2 0.537086 0.473967 0.551017 0.473752 0.55177 0.499785 0.537651 0.49957
3 0.135354 0.628873 0.149096 0.625861 0.148908 0.630594 0.135354 0.633821
2 0.135919 0.619191 0.150414 0.616824 0.152485 0.616609 0.157568 0.619191 0.158133 0.630379 0.134789 0.634682
3 0.176581 0.63296 0.198419 0.634466 0.197854 0.639415 0.176205 0.638339
2 0.175828 0.622848 0.197101 0.624355 0.199925 0.628012 0.198042 0.641136 0.173193 0.6392
3 0.169616 0.671256 0.182794 0.671256 0.181852 0.67685 0.168863 0.67642
2 0.167169 0.666523 0.166604 0.678356 0.190136 0.679217 0.191642 0.668244
3 0.158509 0.710628 0.15945 0.715361 0.172063 0.716007 0.17244 0.711919
2 0.158133 0.701377 0.15738 0.710413 0.158509 0.715577 0.164345 0.717298 0.170745 0.716867 0.181476 0.717298 0.180723 0.711274 0.16491 0.709983 0.16698 0.700301
3 0.224774 0.712995 0.238893 0.712564 0.23927 0.717728 0.225151 0.718158
2 0.222139 0.702022 0.247929 0.701807 0.249247 0.703528 0.24887 0.719449 0.222892 0.719234
3 0.24134 0.629948 0.264684 0.630164 0.264872 0.635327 0.241905 0.635112
2 0.240587 0.620267 0.266943 0.620912 0.265813 0.637263 0.238893 0.636833
3 0.215738 0.626936 0.228727 0.62543 0.229104 0.630809 0.21555 0.63167
2 0.214608 0.61747 0.240023 0.615103 0.238705 0.631239 0.214797 0.633821 0.213291 0.63296
3 0.452748 0.61833 0.478351 0.614673 0.478916 0.619621 0.45369 0.623709
2 0.448795 0.609079 0.476468 0.604346 0.477786 0.605422 0.479857 0.621343 0.449925 0.626076
3 0.551393 0.630809 0.56683 0.630809 0.567018 0.636618 0.55177 0.636833
2 0.548004 0.620482 0.57756 0.619621 0.578502 0.622633 0.579443 0.638124 0.549511 0.638339 0.548569 0.635542
3 0.558923 0.669105 0.55817 0.674914 0.584902 0.681799 0.586032 0.67599
2 0.557229 0.657702 0.586032 0.664587 0.587914 0.667384 0.585467 0.683305 0.554593 0.675559
3 0.552146 0.718589 0.580008 0.724613 0.580008 0.730637 0.552146 0.724613
2 0.55064 0.706756 0.579443 0.712349 0.58189 0.714716 0.581137 0.731928 0.57869 0.732573 0.548381 0.725043
3 0.656062 0.6321 0.655497 0.637694 0.67131 0.641136 0.671687 0.635757
2 0.654744 0.621988 0.680723 0.628873 0.683923 0.634466 0.681664 0.646945 0.652861 0.638984
3 0.667733 0.717513 0.695783 0.717513 0.696724 0.723537 0.670369 0.723107
2 0.667169 0.704389 0.682041 0.705465 0.697477 0.705895 0.69936 0.723752 0.674511 0.723967 0.668675 0.726119 0.666227 0.719449 0.665098 0.70654
3 0.719315 0.666308 0.735504 0.666738 0.736069 0.672117 0.719503 0.671687
2 0.717244 0.654475 0.749624 0.656842 0.749247 0.673408 0.717056 0.671902
3 0.720068 0.723537 0.734375 0.722246 0.736634 0.72784 0.722139 0.729131
2 0.719315 0.713425 0.735504 0.711919 0.739458 0.711058 0.74134 0.712564 0.747929 0.72784 0.747176 0.729776 0.721762 0.732143 0.719126 0.729346 0.716114 0.721601 0.714985 0.716222
3 0.781438 0.675774 0.807229 0.673193 0.808735 0.678787 0.783133 0.681153
2 0.775414 0.664802 0.805346 0.661575 0.810241 0.679862 0.779556 0.68352
3 0.790663 0.719664 0.817583 0.720095 0.817959 0.726334 0.791227 0.725043
2 0.785392 0.707186 0.817018 0.708692 0.819089 0.728055 0.788027 0.726764
3 0.87067 0.658993 0.89759 0.658133 0.899096 0.663726 0.871611 0.664587
2 0.865211 0.647375 0.897026 0.646515 0.900791 0.665448 0.868223 0.666308
3 0.88253 0.715577 0.897026 0.71321 0.898532 0.719019 0.883471 0.721601
2 0.876883 0.705465 0.903614 0.700516 0.906062 0.702668 0.90945 0.719449 0.88253 0.725258
