5 0.356175 0.472246 0.388366 0.470525 0.387989 0.478485 0.355422 0.479131
4 0.333396 0.45611 0.342809 0.45654 0.340926 0.472031 0.389684 0.469234 0.389872 0.478916 0.334902 0.481067 0.335655 0.47031 0.330949 0.470095
5 0.473833 0.440404 0.499247 0.439329 0.499059 0.445138 0.474586 0.445353
4 0.436182 0.427496 0.445971 0.427281 0.445783 0.438683 0.500753 0.438038 0.500753 0.445568 0.472892 0.446213 0.47195 0.44105 0.434676 0.442556
5 0.57436 0.467513 0.60881 0.467513 0.609563 0.475688 0.573607 0.475688
4 0.543298 0.449226 0.557417 0.44901 0.557041 0.465146 0.610316 0.466437 0.610693 0.476979 0.550452 0.476334 0.550452 0.465361 0.544051 0.465577
3 0.586408 0.459768 0.599586 0.458692 0.599774 0.463425 0.586032 0.46364
2 0.582831 0.451592 0.607681 0.450301 0.608998 0.452022 0.60994 0.463855 0.583961 0.464931
3 0.510354 0.462349 0.53238 0.459552 0.532944 0.464071 0.51073 0.466222
2 0.507718 0.454604 0.53125 0.452022 0.533133 0.454389 0.533509 0.464931 0.508848 0.467513
3 0.509224 0.513124 0.531626 0.513769 0.531815 0.518503 0.509036 0.517642
2 0.50753 0.504733 0.530874 0.505594 0.532944 0.508606 0.532756 0.520009 0.506589 0.518933
5 0.470256 0.490534 0.49567 0.489673 0.495482 0.496342 0.470256 0.496127
4 0.42997 0.477194 0.440136 0.476549 0.439571 0.486876 0.496611 0.488812 0.4968 0.496558 0.439947 0.497418 0.439571 0.491179 0.42884 0.49204
3 0.78558 0.474398 0.806288 0.472246 0.807229 0.476549 0.786709 0.47827
2 0.78125 0.466007 0.804593 0.463855 0.808358 0.477625 0.78445 0.479776
3 0.259977 0.482143 0.270708 0.481497 0.269578 0.48537 0.259036 0.485585
2 0.259601 0.474398 0.279744 0.474613 0.277673 0.486661 0.257342 0.486876
5 0.040098 0.481497 0.069089 0.479991 0.067959 0.487091 0.039533 0.487522
4 0.033697 0.471386 0.042545 0.471816 0.041416 0.480207 0.069654 0.479131 0.068901 0.487952 0.03878 0.488167 0.039345 0.481067 0.032003 0.480852
1 0.942771 0.285284 0.97948 0.28722 0.981739 0.292599 0.94503 0.290017
1 0.949172 0.29432 0.98494 0.296472 0.987764 0.30185 0.951054 0.299484
0 0.929405 0.269578 0.989081 0.271299 0.996611 0.283563 0.999812 0.291738 0.999624 0.318632 0.98927 0.315189 0.950113 0.31605 0.94823 0.30852
