1 0.076442 0.535897 0.154327 0.550962 0.151683 0.563782 0.072837 0.548397
0 0.08774 0.497756 0.170192 0.511538 0.155048 0.56859 0.064423 0.551923
1 0.40625 0.365064 0.454087 0.377244 0.453846 0.384615 0.405769 0.373397
0 0.405048 0.338462 0.462019 0.35641 0.458654 0.389423 0.399279 0.373077
1 0.689904 0.407051 0.73726 0.408974 0.740144 0.416987 0.693269 0.414423
0 0.680288 0.383974 0.730288 0.386538 0.743029 0.419231 0.690385 0.416346 0.679567 0.386859
1 0.834375 0.425962 0.855769 0.428526 0.874279 0.429808 0.875721 0.435897 0.837019 0.430769 0.833894 0.426282
0 0.81899 0.405449 0.854567 0.413141 0.863702 0.410897 0.88101 0.437179 0.87476 0.438782 0.834375 0.435256 0.825962 0.420513 0.81899 0.407692
1 0.608654 0.639423 0.639423 0.64359 0.641106 0.654487 0.610577 0.651923
0 0.56899 0.604167 0.634856 0.609936 0.639904 0.621474 0.65 0.661538 0.578365 0.654487
