3 0.584149 0.549699 0.615776 0.549484 0.616905 0.561532 0.583773 0.561102
2 0.579819 0.532057 0.633471 0.531196 0.636295 0.561317 0.581325 0.562823
5 0.616717 0.509036 0.694654 0.50796 0.69616 0.525602 0.617282 0.528184
4 0.578878 0.50667 0.696913 0.504733 0.698607 0.52883 0.581137 0.530766
5 0.511295 0.670181 0.560429 0.669966 0.559864 0.681368 0.51186 0.681583
4 0.487575 0.668675 0.564194 0.66846 0.564571 0.683735 0.486822 0.682874 0.486446 0.669105
3 0.492846 0.635542 0.544804 0.630809 0.545746 0.643072 0.493976 0.64673
2 0.48814 0.61704 0.542733 0.612737 0.547628 0.645224 0.489081 0.649312 0.486634 0.618976
5 0.249247 0.521515 0.279744 0.53722 0.278238 0.544535 0.246988 0.529905
4 0.236822 0.512694 0.282191 0.53636 0.278991 0.547332 0.23381 0.526248
5 0.124059 0.504518 0.156626 0.503227 0.154932 0.509897 0.123117 0.510112
4 0.128012 0.485155 0.159074 0.48537 0.156438 0.511403 0.121047 0.512263
5 0.035015 0.504088 0.072101 0.518287 0.070218 0.524096 0.031815 0.510757
4 0.020331 0.496342 0.073983 0.517642 0.07116 0.526033 0.017319 0.507745
