5 0.271635 0.435577 0.270913 0.441667 0.299519 0.440385 0.301202 0.435577
5 0.332452 0.431731 0.331731 0.4375 0.360577 0.436218 0.362019 0.43141
5 0.392067 0.423718 0.391346 0.429808 0.420192 0.428526 0.421635 0.423397
4 0.270433 0.433654 0.269952 0.442949 0.300721 0.441667 0.301683 0.433654
4 0.33149 0.430128 0.33101 0.439423 0.361779 0.438141 0.36274 0.429808
4 0.391106 0.422115 0.390625 0.43141 0.421394 0.430128 0.422356 0.421795
5 0.503365 0.445192 0.503365 0.449038 0.531731 0.447115 0.53125 0.442949
4 0.502404 0.443269 0.502885 0.44968 0.532452 0.448077 0.531971 0.441667
5 0.014904 0.54391 0.013942 0.549679 0.044471 0.549679 0.044952 0.544872
4 0.014663 0.542949 0.013221 0.55 0.044952 0.551282 0.045673 0.54359
5 0.054567 0.841026 0.053846 0.846154 0.07524 0.846795 0.076202 0.842628
4 0.054087 0.839103 0.052885 0.847436 0.075481 0.848397 0.077163 0.841987
5 0.2125 0.847115 0.212019 0.851923 0.233894 0.851923 0.233894 0.847115
4 0.211779 0.845833 0.211538 0.852564 0.234135 0.852885 0.234615 0.846154
5 0.280048 0.823718 0.279808 0.83141 0.320913 0.829167 0.321394 0.822115
4 0.279567 0.822115 0.279087 0.832692 0.321635 0.830449 0.321875 0.820833
5 0.37476 0.816987 0.374279 0.825321 0.415625 0.825321 0.416587 0.817628
4 0.374279 0.815064 0.373558 0.826603 0.416346 0.826282 0.417308 0.816026
5 0.495673 0.841667 0.495913 0.846474 0.520433 0.846154 0.520192 0.841346
4 0.495433 0.840385 0.495192 0.847436 0.521154 0.846795 0.520913 0.839423
5 0.602644 0.827885 0.602885 0.832692 0.628125 0.832051 0.627404 0.827244
4 0.602163 0.826603 0.602404 0.833654 0.628365 0.833013 0.628125 0.825962
5 0.765144 0.835577 0.765385 0.840385 0.788221 0.840064 0.78774 0.835577
4 0.764663 0.834295 0.764904 0.841346 0.788702 0.841026 0.788221 0.834295
5 0.872115 0.830128 0.872356 0.834295 0.898317 0.834295 0.897596 0.829487
4 0.871394 0.828526 0.871875 0.835577 0.899279 0.834936 0.897837 0.828526
5 0.396154 0.589423 0.392308 0.62532 0.398317 0.625962 0.402404 0.589744
4 0.395192 0.58718 0.390385 0.627244 0.399279 0.627244 0.403846 0.58718
3 0.815625 0.633013 0.816106 0.639423 0.846635 0.639423 0.844952 0.633333
2 0.812019 0.623397 0.815865 0.641026 0.847596 0.640705 0.84351 0.623077
3 0.90601 0.630449 0.907452 0.636859 0.937981 0.636218 0.936298 0.629167
2 0.901683 0.620513 0.905769 0.638782 0.939904 0.63718 0.932212 0.618269
