1 0.298569 0.289587 0.332831 0.294966 0.330949 0.304217 0.295181 0.299053
0 0.282944 0.257745 0.345068 0.265921 0.333961 0.307014 0.26939 0.299699
1 0.467432 0.302496 0.525226 0.303141 0.52372 0.311962 0.466867 0.311532
0 0.462161 0.268718 0.527297 0.269578 0.530309 0.316265 0.460655 0.314759
1 0.699736 0.199656 0.73381 0.20525 0.734375 0.208907 0.700678 0.205034
1 0.703125 0.216867 0.739081 0.22031 0.738705 0.226334 0.703878 0.223322
1 0.704254 0.225904 0.740023 0.229346 0.740776 0.234509 0.705572 0.231282
1 0.706137 0.233219 0.741905 0.237522 0.742846 0.243546 0.70802 0.239888
1 0.712914 0.253657 0.748117 0.259036 0.748117 0.264415 0.713291 0.259682 0.712161 0.254088
1 0.712726 0.262909 0.750753 0.267212 0.750565 0.274527 0.713667 0.269578 0.71122 0.262909
1 0.714797 0.27173 0.751506 0.276033 0.753389 0.282057 0.714985 0.277324 0.713291 0.27173
0 0.693901 0.188038 0.745482 0.195138 0.749812 0.21321 0.697666 0.207186
0 0.697854 0.208046 0.75 0.213855 0.76073 0.251076 0.706325 0.244836
0 0.705761 0.245697 0.762425 0.252151 0.771084 0.288726 0.712161 0.279045
1 0.719691 0.298838 0.759224 0.304432 0.759789 0.311962 0.722139 0.306153 0.719126 0.298838
1 0.72308 0.30852 0.76073 0.314759 0.76186 0.321429 0.724774 0.316695
0 0.717809 0.294535 0.772779 0.302926 0.777485 0.324656 0.733057 0.318201 0.732681 0.322504 0.718938 0.319492 0.71555 0.296256
1 0.753577 0.322935 0.775414 0.326592 0.775414 0.331971 0.753389 0.328744
1 0.7532 0.333046 0.776167 0.336704 0.776732 0.342728 0.753389 0.33864
1 0.753012 0.341867 0.777108 0.347031 0.778614 0.353055 0.753953 0.350258
0 0.73381 0.318632 0.790474 0.327883 0.798004 0.355207 0.795746 0.362522 0.735128 0.351979 0.735128 0.339716 0.73381 0.323365
5 0.198607 0.423838 0.233245 0.424053 0.231739 0.435671 0.196348 0.435026
4 0.178464 0.41846 0.237575 0.419535 0.236069 0.437392 0.174511 0.436102 0.178276 0.419105
5 0.251694 0.472031 0.262801 0.47074 0.259036 0.50043 0.249435 0.499139
4 0.25113 0.451807 0.269014 0.450086 0.264119 0.503227 0.244729 0.502152
5 0.303652 0.472892 0.32323 0.486231 0.322101 0.496988 0.302523 0.483649
4 0.279556 0.453313 0.326807 0.486016 0.324548 0.5 0.276732 0.471601
5 0.240399 0.556153 0.252447 0.557444 0.24887 0.591437 0.235505 0.589286
4 0.23814 0.534423 0.261483 0.534208 0.255836 0.595525 0.232681 0.593158
5 0.45256 0.492255 0.476468 0.4929 0.476468 0.500861 0.451807 0.499785
4 0.429782 0.488167 0.478539 0.490318 0.477974 0.502367 0.42997 0.501936
5 0.603727 0.496988 0.626506 0.497203 0.627071 0.502582 0.603916 0.504303
4 0.582267 0.494191 0.629895 0.494621 0.630271 0.505164 0.583584 0.505809
5 0.514119 0.590361 0.544804 0.591007 0.544616 0.600258 0.514496 0.600043
4 0.491905 0.587349 0.546122 0.588425 0.546498 0.603055 0.49134 0.602625
5 0.516378 0.60994 0.544992 0.608864 0.545369 0.617255 0.51619 0.618115
4 0.490964 0.606282 0.546875 0.606067 0.546498 0.619836 0.492093 0.620482
5 0.461032 0.63167 0.502259 0.63253 0.502447 0.638984 0.461408 0.639845
4 0.442959 0.629088 0.505648 0.629518 0.505083 0.644148 0.44183 0.643503
5 0.454066 0.65512 0.522402 0.655981 0.521649 0.669966 0.451807 0.668244 0.451431 0.652754
4 0.417169 0.648666 0.523155 0.652539 0.524285 0.673408 0.415286 0.673838
3 0.736069 0.55852 0.749624 0.557444 0.750565 0.561962 0.737199 0.563253
2 0.730986 0.55185 0.753389 0.549484 0.757907 0.561962 0.735504 0.565189
5 0.067959 0.515275 0.079631 0.513769 0.073607 0.549484 0.060806 0.549268
4 0.052523 0.580034 0.065889 0.515275 0.08189 0.512478 0.07003 0.579174
