1 0.090926 0.307659 0.121611 0.311317 0.118599 0.321644 0.088479 0.317341
0 0.087161 0.27969 0.137425 0.283778 0.123494 0.310886 0.121235 0.32401 0.068148 0.320138 0.080949 0.29389
3 0.221386 0.496773 0.231551 0.495697 0.231928 0.50043 0.220821 0.500215 0.220821 0.496558
2 0.220633 0.490749 0.235505 0.489028 0.242093 0.489888 0.241529 0.501936 0.220444 0.500861
3 0.301581 0.483434 0.3157 0.481713 0.315512 0.486661 0.301581 0.488597
2 0.300075 0.475904 0.323042 0.472892 0.322666 0.486446 0.299699 0.489458
3 0.582643 0.484294 0.588291 0.483864 0.588291 0.499785 0.582267 0.499785
2 0.575489 0.475043 0.588667 0.475473 0.58942 0.501936 0.575489 0.500861
3 0.641754 0.496342 0.655685 0.496988 0.656062 0.501506 0.641754 0.500861
2 0.638931 0.488382 0.664157 0.489458 0.66378 0.502152 0.640625 0.501076
3 0.689571 0.486446 0.702748 0.488167 0.702937 0.4929 0.68863 0.490749
2 0.687312 0.48494 0.711785 0.486016 0.712349 0.495697 0.686559 0.491179
3 0.196724 0.57401 0.210279 0.572074 0.209902 0.578098 0.196913 0.579174
2 0.196536 0.565835 0.217244 0.563898 0.216303 0.579604 0.19503 0.580895
3 0.175264 0.625 0.189194 0.625 0.188253 0.630809 0.174322 0.630809
2 0.174887 0.616179 0.196913 0.616179 0.195218 0.631024 0.173381 0.631885 0.174134 0.616179
3 0.229292 0.631885 0.244729 0.626076 0.245294 0.632315 0.230233 0.638124
2 0.225715 0.624355 0.249624 0.615964 0.251883 0.630809 0.228351 0.638984 0.22628 0.624355
3 0.233434 0.56648 0.247553 0.567341 0.2468 0.572504 0.232869 0.572504
2 0.233245 0.55895 0.255083 0.55809 0.256024 0.564114 0.253577 0.57358 0.231363 0.572935
3 0.29198 0.563038 0.306852 0.561102 0.307982 0.566695 0.29198 0.568417
2 0.288968 0.555723 0.313065 0.551635 0.314571 0.554432 0.314759 0.56605 0.289345 0.569277
3 0.293863 0.618546 0.308358 0.616394 0.307794 0.621988 0.293486 0.623709
2 0.291039 0.609509 0.314383 0.606713 0.317771 0.606928 0.318336 0.622203 0.29198 0.624785
3 0.441453 0.56691 0.455949 0.568632 0.455384 0.574871 0.439759 0.572289
2 0.440324 0.558305 0.451242 0.559596 0.465361 0.561532 0.467056 0.564974 0.464232 0.577022 0.438441 0.572719
3 0.506401 0.61037 0.52259 0.6108 0.523343 0.616824 0.506589 0.616394
2 0.50433 0.600904 0.528614 0.602194 0.531815 0.604776 0.532944 0.607143 0.532944 0.61704 0.505083 0.616824
3 0.574172 0.64673 0.592056 0.645224 0.592244 0.652969 0.574172 0.652969
2 0.57323 0.635112 0.600904 0.634897 0.600715 0.65512 0.572289 0.654905
3 0.579631 0.582401 0.594503 0.583262 0.595068 0.589931 0.579443 0.588855
2 0.576807 0.572935 0.603916 0.574871 0.605798 0.577883 0.605045 0.591007 0.577748 0.589286 0.576619 0.589286
3 0.714797 0.632315 0.731551 0.631454 0.732304 0.637048 0.715926 0.638124
2 0.710843 0.623279 0.738705 0.620912 0.741152 0.623494 0.742282 0.637048 0.712538 0.638554
3 0.853163 0.657057 0.865964 0.657702 0.86634 0.663296 0.852221 0.66222 0.852033 0.656842
2 0.848645 0.64759 0.871423 0.649312 0.874624 0.664587 0.850151 0.662651
3 0.894955 0.590792 0.909074 0.590792 0.90945 0.596386 0.89552 0.595955 0.894202 0.591007
2 0.891002 0.58154 0.915286 0.58154 0.917545 0.596816 0.894202 0.59617
3 0.87613 0.529475 0.89119 0.525818 0.891754 0.529475 0.876694 0.534208
2 0.873494 0.523021 0.892696 0.518287 0.895331 0.531196 0.875376 0.535069
3 0.308923 0.748709 0.325678 0.75 0.324925 0.755594 0.3093 0.755379
2 0.308358 0.738382 0.335467 0.739673 0.334526 0.760112 0.306664 0.759897
3 0.314571 0.820783 0.331137 0.82358 0.330008 0.831971 0.313065 0.828098
2 0.314571 0.810886 0.341867 0.813468 0.340738 0.832616 0.310617 0.828959 0.314759 0.811747
3 0.356363 0.810671 0.374435 0.810241 0.374435 0.81605 0.374624 0.818632 0.356739 0.818847
2 0.354669 0.80099 0.38366 0.797762 0.384601 0.817341 0.354669 0.820353 0.354292 0.801635
3 0.411145 0.811747 0.427899 0.811532 0.428464 0.818847 0.411333 0.818201
2 0.408697 0.800559 0.438065 0.800129 0.439947 0.804862 0.439006 0.819923 0.407191 0.819923
3 0.473268 0.798838 0.500377 0.80142 0.500188 0.810026 0.47308 0.806583
2 0.471009 0.78722 0.502071 0.789587 0.50113 0.811102 0.470444 0.808305
3 0.541792 0.762263 0.558358 0.767427 0.556664 0.773881 0.540286 0.769363
2 0.541039 0.751506 0.565889 0.759682 0.562688 0.777108 0.538215 0.769578
3 0.540474 0.821644 0.557417 0.819492 0.559488 0.827883 0.541039 0.829174
2 0.536709 0.811532 0.568148 0.80895 0.569654 0.828313 0.53878 0.830465
3 0.687124 0.825301 0.704254 0.828098 0.70369 0.835628 0.686182 0.833692
2 0.684488 0.815189 0.712914 0.818417 0.714232 0.820998 0.714608 0.83864 0.684111 0.833262
3 0.775414 0.792599 0.79311 0.792169 0.793863 0.800129 0.77692 0.800129
2 0.763366 0.791954 0.79198 0.790017 0.793298 0.790663 0.795934 0.810456 0.767884 0.811532 0.765813 0.80938
