1 0.69359 0.641587 0.698077 0.652885 0.796795 0.653846 0.797756 0.651923 0.795192 0.641827
0 0.679487 0.597356 0.692308 0.657933 0.805128 0.659135 0.789744 0.596394
1 0.532372 0.258894 0.533654 0.26851 0.585256 0.265865 0.616346 0.26274 0.613462 0.253365 0.591987 0.255769
0 0.520513 0.232212 0.522115 0.240865 0.527885 0.27476 0.611218 0.269952 0.622115 0.270192 0.613141 0.22476 0.526923 0.230048
1 0.754808 0.243269 0.755449 0.249038 0.814744 0.248798 0.813462 0.243269
0 0.746474 0.232452 0.748397 0.240865 0.753205 0.275 0.844551 0.273317 0.83782 0.230288 0.760577 0.230529
1 0.847756 0.252885 0.849038 0.258894 0.904487 0.259135 0.903205 0.253125 0.870833 0.252644
1 0.847115 0.26226 0.848397 0.269471 0.90609 0.26899 0.905449 0.262019
1 0.865064 0.24399 0.865385 0.249519 0.901923 0.25 0.900641 0.24375
0 0.924679 0.230529 0.938462 0.273558 0.845513 0.274038 0.839744 0.230529
1 0.063462 0.271635 0.0625 0.281731 0.10609 0.283173 0.131731 0.285817 0.148077 0.28774 0.150641 0.279087 0.116026 0.275
0 0.069231 0.241346 0.053205 0.284135 0.152244 0.293269 0.164744 0.248317
