3 0.030685 0.627152 0.029179 0.632315 0.046122 0.632315 0.047628 0.627797
2 0.033133 0.618115 0.027108 0.632745 0.046498 0.633821 0.051205 0.618546
3 0.024096 0.691695 0.022779 0.697074 0.039721 0.699441 0.041227 0.694062
2 0.026544 0.681799 0.020331 0.697504 0.040286 0.700947 0.045557 0.684165
3 0.082455 0.634466 0.080572 0.639415 0.097515 0.643503 0.099774 0.638124
2 0.084714 0.624355 0.077748 0.63963 0.097892 0.644793 0.103727 0.628442
3 0.076619 0.696429 0.075489 0.701807 0.094127 0.704174 0.095068 0.69901
2 0.077748 0.685026 0.073419 0.702453 0.094315 0.70568 0.099021 0.687823
3 0.119352 0.703744 0.118411 0.709552 0.137989 0.710843 0.139119 0.705465
2 0.119917 0.69191 0.115776 0.710628 0.138931 0.713425 0.142508 0.693847
3 0.169428 0.73494 0.168486 0.740964 0.190889 0.740964 0.192395 0.73537
2 0.169239 0.722461 0.166416 0.742255 0.191642 0.742255 0.195595 0.722031
3 0.243223 0.739458 0.241905 0.745697 0.265625 0.751936 0.267319 0.745482
2 0.243788 0.725904 0.238705 0.746343 0.26619 0.753012 0.269578 0.739673 0.269202 0.731282
3 0.304217 0.748494 0.303276 0.756024 0.329443 0.760972 0.330761 0.754088
2 0.303652 0.734725 0.299887 0.756885 0.329066 0.762263 0.330761 0.760542 0.334149 0.740318
3 0.35994 0.758821 0.358434 0.765921 0.388742 0.77216 0.389119 0.76506
2 0.359375 0.744621 0.354669 0.767857 0.39006 0.773666 0.391754 0.750215
3 0.457267 0.75753 0.45689 0.765275 0.490023 0.765921 0.489646 0.758606
2 0.454066 0.74247 0.453502 0.766781 0.490964 0.768072 0.491717 0.750215 0.486069 0.74333
3 0.575866 0.772375 0.575866 0.780336 0.612764 0.785714 0.612575 0.776893
2 0.572666 0.7571 0.572854 0.781626 0.615023 0.78722 0.613328 0.761188
3 0.724398 0.77883 0.724021 0.78679 0.763742 0.791308 0.762989 0.782702
2 0.719315 0.762263 0.720068 0.787866 0.763366 0.792814 0.764872 0.791523 0.763554 0.770224 0.759036 0.765921
3 0.944089 0.75043 0.945971 0.758606 0.98494 0.755809 0.983246 0.748064
2 0.935617 0.734294 0.941265 0.759897 0.988328 0.756885 0.985881 0.742685 0.976092 0.730637
3 0.103163 0.457401 0.102221 0.461274 0.118223 0.459983 0.118976 0.456756
2 0.104857 0.449656 0.101845 0.457186 0.100904 0.462565 0.118976 0.460843 0.122176 0.449226
3 0.072289 0.531626 0.070971 0.535929 0.086032 0.537651 0.088667 0.533348
2 0.074736 0.523666 0.069277 0.537005 0.086408 0.538942 0.09055 0.531842 0.093373 0.524742
3 0.123682 0.535499 0.122176 0.540232 0.137989 0.540232 0.139307 0.535714
2 0.125565 0.527539 0.120105 0.541523 0.138742 0.541738 0.143072 0.527324
3 0.174322 0.532487 0.172628 0.537436 0.191453 0.535284 0.192771 0.530336
2 0.174699 0.524527 0.171687 0.538511 0.192206 0.535929 0.19503 0.521515
3 0.249812 0.442126 0.249435 0.446429 0.268825 0.444707 0.270331 0.44062
2 0.250565 0.434165 0.247929 0.447719 0.26939 0.445568 0.271461 0.438898 0.270143 0.432014
3 0.229292 0.527969 0.228163 0.532487 0.250188 0.531842 0.25113 0.527324
2 0.230986 0.518718 0.227221 0.533563 0.250376 0.533133 0.253953 0.518933
3 0.311559 0.438253 0.311182 0.443201 0.333208 0.439544 0.333961 0.435241
2 0.311747 0.430938 0.310053 0.444062 0.333961 0.440404 0.334902 0.43352 0.333584 0.427496
3 0.291792 0.52883 0.290286 0.533993 0.312876 0.535284 0.313818 0.530766
2 0.29311 0.519578 0.288592 0.535284 0.312688 0.536575 0.315136 0.52926 0.317583 0.520869
3 0.36427 0.523881 0.363893 0.529045 0.387989 0.52969 0.388554 0.524527
2 0.363517 0.5142 0.360881 0.530336 0.388931 0.530551 0.39119 0.518718 0.387989 0.513769
3 0.451054 0.412005 0.451431 0.416738 0.47308 0.414587 0.475151 0.412651 0.475151 0.409423
2 0.448983 0.40426 0.448983 0.418244 0.473456 0.415663 0.475527 0.413081 0.476468 0.40426 0.474398 0.401033
3 0.435617 0.517427 0.435429 0.522806 0.461408 0.52259 0.462914 0.517642
2 0.433547 0.507315 0.432417 0.524312 0.46122 0.524096 0.463291 0.518287 0.464044 0.506454
3 0.554593 0.395009 0.554405 0.399957 0.581137 0.399096 0.581325 0.394148
2 0.551958 0.386833 0.55177 0.401033 0.581702 0.399742 0.582267 0.384897
3 0.516002 0.479346 0.51619 0.484725 0.544804 0.481282 0.544428 0.476549 0.516002 0.478701
2 0.512989 0.46988 0.512989 0.486231 0.544239 0.482788 0.545369 0.481282 0.544428 0.465792
3 0.616717 0.47074 0.617282 0.475473 0.647026 0.473107 0.646084 0.468158
2 0.612199 0.460198 0.61314 0.467083 0.615399 0.476549 0.649473 0.473537 0.646461 0.457186
3 0.72628 0.492685 0.727033 0.498924 0.759413 0.498279 0.759036 0.492255
2 0.721009 0.481713 0.723456 0.500215 0.760542 0.499355 0.760919 0.496127 0.757718 0.480852
3 0.869541 0.444707 0.871611 0.450301 0.903426 0.446429 0.900602 0.439974
2 0.862199 0.435671 0.869352 0.451807 0.903991 0.447719 0.903238 0.442986 0.893637 0.430723
3 0.976657 0.455034 1.0 0.449226 0.999812 0.453528 0.978539 0.459122
2 0.968185 0.444707 0.996047 0.437392 1.0 0.441265 1.0 0.454604 0.977221 0.460413
3 0.358622 0.266997 0.358434 0.270869 0.375 0.269363 0.375565 0.264845
2 0.357681 0.262478 0.355986 0.27173 0.375753 0.270009 0.377071 0.259897
3 0.509413 0.31605 0.510166 0.320138 0.52805 0.318847 0.530497 0.315189
2 0.508471 0.309165 0.507718 0.321429 0.529367 0.319492 0.533697 0.314759 0.534639 0.307444
3 0.602033 0.16889 0.603351 0.172547 0.622176 0.168029 0.621423 0.165232
2 0.599021 0.165232 0.600904 0.173408 0.623494 0.168675 0.620858 0.161145
3 0.621423 0.276033 0.620858 0.27926 0.644955 0.281626 0.645331 0.278399
2 0.620105 0.269578 0.618411 0.280336 0.645331 0.282057 0.646273 0.27883 0.644202 0.270654
3 0.66378 0.210628 0.665663 0.21364 0.687312 0.207831 0.685429 0.204174
2 0.660203 0.206325 0.661333 0.210413 0.666039 0.214716 0.688253 0.208477 0.6843 0.199871
3 0.832267 0.268933 0.834149 0.273021 0.857869 0.268503 0.856551 0.264845
2 0.825678 0.261833 0.830949 0.274527 0.85881 0.269363 0.853916 0.25753
3 0.888742 0.186102 0.889872 0.189114 0.89759 0.187608 0.909827 0.186317 0.911145 0.185671 0.911521 0.182874
2 0.882154 0.181583 0.887613 0.189759 0.896084 0.188683 0.903614 0.188038 0.911898 0.186532 0.913215 0.184811 0.911898 0.182014 0.907756 0.177281
