7 0.100151 0.12457 0.178652 0.126291 0.178087 0.138124 0.097139 0.138769
6 0.098833 0.120697 0.182229 0.123924 0.182041 0.144363 0.095068 0.142642
7 0.189383 0.126076 0.268825 0.126076 0.267884 0.141781 0.185053 0.136403
6 0.186182 0.124139 0.273155 0.123064 0.27052 0.143933 0.1843 0.140275
3 0.424511 0.109725 0.44503 0.112306 0.44503 0.11747 0.424511 0.115318
2 0.422063 0.103055 0.45802 0.106282 0.45802 0.120697 0.42131 0.115534
3 0.477033 0.131885 0.496047 0.133821 0.49567 0.14006 0.47628 0.137263
2 0.473456 0.12457 0.508848 0.127367 0.508471 0.140706 0.472892 0.138985
3 0.48381 0.076592 0.502447 0.078744 0.501883 0.085413 0.482681 0.082401
2 0.481739 0.070568 0.514872 0.075086 0.514496 0.087565 0.480422 0.083046
3 0.548758 0.087565 0.568336 0.089071 0.569089 0.093373 0.549322 0.091867
2 0.544616 0.079604 0.58189 0.082401 0.582267 0.095955 0.545746 0.092943
3 0.673946 0.431368 0.716491 0.432014 0.717809 0.44191 0.676205 0.439974 0.674322 0.432659
2 0.671498 0.41889 0.713291 0.419105 0.717432 0.431583 0.719691 0.444707 0.67244 0.442341 0.670557 0.419535
3 0.803276 0.44062 0.822477 0.442771 0.824736 0.443201 0.825489 0.452453 0.803652 0.449441 0.801581 0.44148
2 0.797063 0.427711 0.835655 0.432014 0.839232 0.456325 0.800264 0.451807
3 0.877824 0.446213 0.911145 0.446644 0.914533 0.45654 0.881024 0.455895
2 0.871235 0.431799 0.909262 0.431583 0.917357 0.457401 0.878389 0.456756
3 0.16491 0.703744 0.218374 0.69901 0.219503 0.71364 0.166039 0.716652
2 0.161709 0.681583 0.221762 0.680938 0.22195 0.71988 0.158321 0.718804
3 0.275979 0.701377 0.331702 0.701377 0.331702 0.713425 0.276732 0.712995
2 0.26939 0.680077 0.333584 0.680293 0.333208 0.716652 0.26939 0.716652
3 0.284639 0.611446 0.335467 0.614673 0.334149 0.625645 0.283509 0.621988
2 0.280874 0.591007 0.338667 0.592728 0.336408 0.631454 0.276732 0.623924
3 0.384036 0.704819 0.41378 0.703098 0.418486 0.703959 0.418863 0.719664 0.381401 0.718589 0.380836 0.70568
2 0.376694 0.68309 0.435429 0.682874 0.439571 0.720525 0.377071 0.722246
3 0.650979 0.708262 0.682041 0.707616 0.683358 0.720525 0.651732 0.719449
2 0.646461 0.690189 0.701807 0.69105 0.705572 0.723322 0.703313 0.725688 0.64759 0.724398
3 0.706325 0.635112 0.71555 0.635757 0.717432 0.695353 0.707267 0.694277
2 0.70369 0.629733 0.731175 0.631239 0.73381 0.697935 0.704819 0.697504
3 0.75 0.66846 0.798569 0.672978 0.799699 0.685241 0.750376 0.682014
2 0.743411 0.650818 0.797252 0.65383 0.801581 0.686532 0.746235 0.682444
3 0.818712 0.617255 0.859563 0.615318 0.861258 0.624139 0.819842 0.626721
2 0.809488 0.599182 0.855798 0.598107 0.864458 0.626936 0.817959 0.629733
3 0.855798 0.708262 0.897779 0.704389 0.900602 0.715792 0.858434 0.718158 0.856363 0.709337
2 0.847892 0.695138 0.88366 0.687608 0.896273 0.687823 0.902673 0.716652 0.854104 0.722246
