3 0.068712 0.342513 0.084337 0.342513 0.083773 0.348752 0.067395 0.348537
2 0.070407 0.334122 0.097892 0.333477 0.092997 0.350688 0.064759 0.348967
3 0.123117 0.343374 0.138178 0.340361 0.138742 0.347461 0.121988 0.348967 0.122364 0.342943
2 0.121988 0.334983 0.147779 0.328959 0.151544 0.332831 0.149473 0.347031 0.119164 0.350688
3 0.178087 0.340792 0.198795 0.338855 0.198419 0.34574 0.176958 0.346816
2 0.179782 0.331756 0.206702 0.329819 0.203313 0.34617 0.175264 0.348322
3 0.240399 0.336919 0.258283 0.335413 0.25866 0.341652 0.239646 0.342728
2 0.239458 0.326162 0.26619 0.324871 0.264307 0.340146 0.264684 0.342513 0.235881 0.344234
3 0.267884 0.340146 0.286898 0.335198 0.287086 0.341437 0.267508 0.345955
2 0.266378 0.33025 0.296498 0.32358 0.295369 0.339931 0.26506 0.346601
3 0.298569 0.332616 0.315889 0.333477 0.315136 0.340792 0.29744 0.339071
2 0.299134 0.32315 0.326431 0.322935 0.325489 0.341867 0.318336 0.342513 0.296122 0.339931
3 0.362764 0.31691 0.374059 0.320568 0.377636 0.322289 0.374812 0.325516 0.358998 0.323795
2 0.36314 0.309811 0.36747 0.309811 0.368035 0.312608 0.389684 0.31648 0.390248 0.32401 0.376694 0.329389 0.365964 0.327453 0.358246 0.327022 0.357116 0.322935 0.362952 0.310456
3 0.393072 0.328744 0.412462 0.329174 0.412651 0.334552 0.393072 0.335198
2 0.39119 0.319923 0.419992 0.319492 0.419804 0.336274 0.390248 0.335628
3 0.45256 0.329174 0.473833 0.329819 0.474209 0.337995 0.452748 0.336704
2 0.451996 0.320138 0.484187 0.320998 0.48494 0.339071 0.451431 0.33778
3 0.557041 0.321429 0.578878 0.324656 0.578502 0.331325 0.556664 0.329174
2 0.55384 0.312392 0.583396 0.315189 0.584149 0.332616 0.554217 0.328528 0.55384 0.313253
3 0.632907 0.321859 0.651732 0.324871 0.652108 0.33154 0.631589 0.329604 0.631401 0.322074
2 0.629706 0.312823 0.661898 0.31562 0.663592 0.319707 0.664157 0.333477 0.630271 0.33025
3 0.673946 0.328098 0.695971 0.328528 0.696913 0.336489 0.674887 0.335628
2 0.671687 0.319062 0.700301 0.319923 0.702748 0.336059 0.702372 0.33778 0.673569 0.337134
3 0.709337 0.334768 0.723833 0.321429 0.727974 0.327022 0.713291 0.341007
2 0.701807 0.328313 0.722515 0.309596 0.725151 0.308735 0.729292 0.318847 0.729857 0.327883 0.713855 0.342513
3 0.737952 0.321859 0.758471 0.32401 0.759224 0.329604 0.738328 0.328744
2 0.733998 0.312823 0.760166 0.314114 0.762425 0.33111 0.735693 0.329604
3 0.111069 0.404045 0.127259 0.401678 0.127636 0.408348 0.110505 0.410284
3 0.135542 0.402539 0.151732 0.400172 0.152108 0.406842 0.134977 0.408778
2 0.110881 0.394363 0.135919 0.391781 0.134601 0.409639 0.106551 0.410714
2 0.136295 0.392427 0.16491 0.390706 0.160015 0.409423 0.135166 0.410069
3 0.224774 0.397806 0.245294 0.396945 0.244541 0.403184 0.224209 0.403614
2 0.225151 0.388554 0.253389 0.386188 0.250565 0.40469 0.222139 0.405766
3 0.257907 0.39673 0.27692 0.39673 0.278238 0.402754 0.256589 0.404475
2 0.256401 0.385112 0.28445 0.386618 0.282191 0.405551 0.251883 0.406626
3 0.287274 0.392212 0.306099 0.389845 0.306288 0.396945 0.287086 0.399527
2 0.28558 0.383176 0.317018 0.379518 0.316077 0.400387 0.283886 0.401248
3 0.384977 0.393718 0.406815 0.394363 0.407191 0.402324 0.385166 0.401678
2 0.384036 0.381885 0.416604 0.384897 0.415851 0.406196 0.382718 0.40426
3 0.488705 0.389415 0.510919 0.384897 0.512613 0.392857 0.490587 0.396084
2 0.484752 0.378442 0.516378 0.373494 0.518072 0.393503 0.490211 0.398451
3 0.641754 0.384466 0.663404 0.385757 0.66378 0.393503 0.642131 0.391351
2 0.638931 0.372203 0.675828 0.376721 0.67564 0.396299 0.640813 0.392427
7 0.730422 0.375 0.794804 0.374785 0.798569 0.393287 0.733434 0.395224 0.729669 0.375
6 0.725527 0.370052 0.795181 0.370697 0.801581 0.398021 0.729292 0.399312
3 0.066642 0.549484 0.086785 0.549484 0.085843 0.557444 0.065889 0.556799
2 0.068336 0.537005 0.101092 0.537866 0.10241 0.539587 0.095821 0.560026 0.080572 0.55938 0.062123 0.55809
3 0.105986 0.551635 0.127447 0.552065 0.126506 0.560241 0.104857 0.55895
2 0.105233 0.539372 0.140248 0.538511 0.136107 0.559596 0.102033 0.560026
3 0.137425 0.556368 0.156438 0.554647 0.156438 0.562608 0.13686 0.563468
2 0.139684 0.54346 0.164345 0.540878 0.160015 0.564329 0.135919 0.564544
3 0.165851 0.55142 0.184676 0.55142 0.184864 0.560886 0.164157 0.561102
2 0.165851 0.538511 0.196724 0.539157 0.191453 0.561317 0.161145 0.561102
3 0.198419 0.548838 0.220821 0.548623 0.219126 0.55852 0.196348 0.555938
2 0.199172 0.535929 0.23061 0.535929 0.227033 0.55895 0.192959 0.555938
3 0.231739 0.549699 0.253389 0.55142 0.252636 0.560241 0.228727 0.559165
2 0.232304 0.536575 0.26073 0.538726 0.266378 0.539157 0.269202 0.540448 0.265248 0.563038 0.253577 0.561532 0.227598 0.559596 0.231739 0.535929
3 0.010354 0.631454 0.029367 0.628873 0.029367 0.638339 0.009036 0.640491
2 0.007718 0.6179 0.041604 0.613812 0.044239 0.614458 0.040851 0.634897 0.027485 0.639845 0.006777 0.641351 0.009036 0.619836
3 0.111822 0.638984 0.131212 0.638554 0.131212 0.647375 0.111258 0.64673
2 0.112387 0.623494 0.144955 0.623494 0.140813 0.648021 0.108434 0.648451
3 0.146084 0.635327 0.166416 0.634251 0.166227 0.643718 0.145143 0.644363
2 0.146084 0.621773 0.142131 0.645439 0.167922 0.6463 0.177334 0.642212 0.182041 0.619836 0.14552 0.621127 0.144955 0.620267
3 0.181852 0.635542 0.204066 0.637909 0.203313 0.648236 0.180723 0.644148
2 0.184488 0.620267 0.178276 0.645654 0.212161 0.650818 0.219126 0.62543
3 0.221009 0.639845 0.244352 0.641566 0.243976 0.651033 0.218562 0.649957
2 0.220821 0.625215 0.214044 0.651463 0.250941 0.653614 0.256965 0.652754 0.259977 0.629303
3 0.266943 0.641566 0.290286 0.64006 0.290098 0.651463 0.266002 0.651033 0.265813 0.641566
2 0.26506 0.625215 0.306664 0.624139 0.307605 0.629303 0.305723 0.651678 0.262989 0.652539
3 0.394014 0.640921 0.419992 0.644363 0.417922 0.654475 0.392508 0.652108
2 0.393261 0.626076 0.4375 0.629303 0.434864 0.65426 0.425828 0.654905 0.389496 0.652969
3 0.678276 0.960413 0.707267 0.961489 0.708961 0.973537 0.677146 0.971386
2 0.674322 0.952668 0.722139 0.946213 0.72308 0.979776 0.675452 0.975043
3 0.127071 0.97827 0.165474 0.983434 0.16698 0.995912 0.126883 0.989888
2 0.1282 0.972031 0.170745 0.983003 0.170745 0.999785 0.124623 0.995482
