1 0.886298 0.010897 0.873798 0.008333 0.859615 0.00609 0.850721 0.004808 0.851683 0.011218 0.871154 0.014423 0.888462 0.017308 0.888462 0.011218
1 0.888462 0.019872 0.877164 0.017949 0.858894 0.014103 0.854086 0.013782 0.855048 0.020513 0.869952 0.022436 0.891346 0.026282 0.891106 0.020192
1 0.892308 0.028205 0.872596 0.024038 0.857933 0.022436 0.859135 0.028846 0.89375 0.034295 0.89399 0.028846
0 0.899038 0.005449 0.876202 0.001282 0.865385 0.000321 0.844231 0.000321 0.848558 0.009615 0.854567 0.031731 0.898077 0.038462 0.913221 0.041026 0.902404 0.011538
1 0.94399 0.022436 0.929087 0.01859 0.916346 0.015385 0.911298 0.014103 0.9125 0.020192 0.922356 0.021795 0.945192 0.028205 0.945192 0.023077
1 0.946875 0.029808 0.933413 0.026603 0.915144 0.022436 0.917308 0.029167 0.93101 0.032051 0.948798 0.036218 0.949038 0.031731 0.948317 0.029808
1 0.950962 0.038462 0.927404 0.032692 0.917067 0.03109 0.91899 0.037179 0.948798 0.044231 0.952404 0.045192 0.953125 0.038141
0 0.954327 0.017628 0.915144 0.007372 0.900962 0.004167 0.905048 0.014423 0.915385 0.039423 0.941827 0.045833 0.970433 0.053205 0.961298 0.029167
7 0.878606 0.280128 0.870433 0.283333 0.888942 0.354487 0.924038 0.479167 0.945433 0.466987 0.918029 0.38718 0.881731 0.290705
6 0.876923 0.275 0.868029 0.277885 0.876683 0.315064 0.921394 0.484615 0.947836 0.469551 0.883894 0.28718
7 0.656731 0.291987 0.635817 0.290385 0.636538 0.344872 0.642788 0.528846 0.666827 0.529487 0.65625 0.335897
6 0.658894 0.286218 0.63101 0.283974 0.640144 0.53141 0.672115 0.532372
