7 0.446536 0.15512 0.472892 0.158563 0.499624 0.159423 0.516754 0.161145 0.511672 0.176205 0.469315 0.172332 0.44616 0.172762
6 0.443524 0.154475 0.518825 0.158993 0.513554 0.179432 0.442959 0.175344
8 0.232304 0.158133 0.277861 0.158133 0.278803 0.207401 0.233622 0.206325
8 0.37613 0.104991 0.418863 0.111661 0.419051 0.147806 0.375 0.143503
7 0.179782 0.204819 0.177523 0.210843 0.176581 0.217083 0.191642 0.214716 0.208773 0.211704 0.222703 0.213855 0.227598 0.217298 0.232492 0.210628 0.232304 0.206325 0.22741 0.204174 0.20689 0.200301 0.200489 0.199656
6 0.178276 0.202668 0.200113 0.197719 0.223268 0.202022 0.232681 0.204604 0.233057 0.209983 0.228916 0.218589 0.214985 0.214286 0.19823 0.215146 0.174511 0.218158
7 0.560806 0.072719 0.604104 0.08068 0.631024 0.081971 0.625 0.098322 0.581137 0.094234 0.559864 0.090146
6 0.557982 0.070998 0.632907 0.080034 0.627071 0.100473 0.557229 0.091437
7 0.558358 0.152754 0.570407 0.15469 0.605422 0.162435 0.624059 0.162435 0.621047 0.175559 0.556664 0.166523
6 0.556099 0.151248 0.62613 0.160069 0.622553 0.177065 0.554782 0.167384
8 0.651355 0.15383 0.697101 0.157702 0.697101 0.203528 0.646461 0.204389
8 0.802711 0.176635 0.800828 0.211919 0.830008 0.215577 0.831514 0.181153
8 0.889872 0.19062 0.887425 0.225688 0.912839 0.229776 0.915474 0.194277
8 0.916416 0.192986 0.94616 0.19901 0.945595 0.239888 0.913968 0.234725
8 0.962161 0.203313 0.988893 0.206325 0.986446 0.239028 0.960279 0.236015
7 0.838291 0.116394 0.860504 0.116609 0.85561 0.175775 0.831514 0.176635
6 0.836785 0.113167 0.863517 0.113382 0.857492 0.17685 0.830196 0.177065
7 0.214797 0.373709 0.225151 0.372849 0.251883 0.377582 0.274661 0.381024 0.274285 0.394793 0.233245 0.388769 0.213855 0.386403
6 0.214608 0.371558 0.27692 0.378442 0.276167 0.39716 0.211785 0.390275
7 0.299699 0.378012 0.340926 0.378658 0.340738 0.391566 0.299699 0.38963
6 0.296687 0.374139 0.342244 0.377151 0.342432 0.392857 0.297628 0.391997
7 0.299699 0.408778 0.325301 0.406626 0.34488 0.407487 0.343374 0.421256 0.298758 0.422117
6 0.297063 0.407702 0.297063 0.422978 0.345068 0.422978 0.346197 0.40426
7 0.365964 0.408778 0.375188 0.407702 0.391754 0.408348 0.40945 0.407917 0.408697 0.418675 0.38686 0.421902 0.366529 0.419535
6 0.36427 0.407057 0.410768 0.406626 0.409262 0.421687 0.365023 0.421472
7 0.445971 0.422762 0.47628 0.423838 0.476657 0.434165 0.445407 0.432874
6 0.444277 0.421687 0.476468 0.422547 0.476657 0.436747 0.444089 0.435026
8 0.481363 0.400172 0.517319 0.401893 0.51619 0.436962 0.481175 0.435671
8 0.526167 0.417169 0.567959 0.417814 0.567583 0.460198 0.524849 0.461059
7 0.537462 0.378227 0.573795 0.377367 0.574548 0.387478 0.537274 0.391781
6 0.535015 0.377151 0.535392 0.394578 0.575866 0.391351 0.576619 0.37543
8 0.533886 0.335628 0.563065 0.336489 0.564759 0.362952 0.532756 0.363597
8 0.60241 0.327238 0.636483 0.328313 0.634224 0.363167 0.601657 0.362091
8 0.611634 0.401678 0.651167 0.402539 0.648532 0.446213 0.608246 0.444707 0.608434 0.401463
8 0.733998 0.373709 0.769955 0.374785 0.767884 0.417384 0.731175 0.415878
7 0.73814 0.429432 0.767884 0.429432 0.764496 0.450086 0.753012 0.447935 0.754706 0.438468 0.736446 0.438253
6 0.735693 0.428356 0.768261 0.428787 0.765248 0.451377 0.752259 0.449871 0.752259 0.440404 0.735316 0.439329
8 0.79311 0.331971 0.828313 0.334337 0.826431 0.377151 0.791604 0.373494
8 0.874435 0.349398 0.90305 0.35241 0.900791 0.392642 0.869164 0.389845
7 0.365211 0.320998 0.381589 0.31691 0.417922 0.318417 0.419616 0.334768 0.403238 0.330465 0.362387 0.333046
6 0.362952 0.319062 0.359752 0.336059 0.421122 0.339501 0.421875 0.319062 0.39552 0.314974
8 0.088291 0.382745 0.118599 0.383606 0.120858 0.418029 0.092056 0.416308
8 0.095633 0.429862 0.126506 0.430293 0.130271 0.464286 0.099021 0.463425
8 0.901167 0.410929 0.896649 0.44191 0.921875 0.443847 0.92564 0.412866
