1 0.316987 0.486538 0.34391 0.487981 0.378205 0.495433 0.403205 0.496635 0.402244 0.505048 0.366026 0.500481 0.339744 0.49399 0.314744 0.49375
0 0.316026 0.468029 0.314103 0.480048 0.308333 0.489904 0.30609 0.495192 0.328526 0.496154 0.355769 0.501683 0.379487 0.50649 0.408654 0.508654 0.414103 0.469231 0.368269 0.46851 0.330449 0.467548
1 0.704487 0.522837 0.797115 0.521394 0.8 0.529808 0.706731 0.53149
0 0.692628 0.496394 0.702885 0.536298 0.805128 0.534375 0.801282 0.517548 0.789103 0.495192 0.726603 0.495192
3 0.101603 0.86899 0.146795 0.871635 0.145192 0.877885 0.1 0.875481
3 0.127564 0.840385 0.170833 0.840865 0.169551 0.847115 0.126603 0.846394
3 0.201282 0.805288 0.242628 0.806971 0.241346 0.81274 0.2 0.810817
3 0.110256 0.926442 0.154167 0.93125 0.151282 0.938221 0.107692 0.933894 0.110256 0.925962
3 0.178846 0.922115 0.224679 0.921875 0.223718 0.929567 0.178205 0.928846
5 0.205128 0.872596 0.253846 0.871635 0.253205 0.877885 0.205128 0.879087
4 0.19391 0.871394 0.255128 0.870913 0.254808 0.879327 0.193269 0.880048 0.19391 0.872115
5 0.208013 0.84351 0.250641 0.840385 0.250321 0.846635 0.208013 0.849038
4 0.196154 0.84351 0.252564 0.839183 0.251923 0.847596 0.195833 0.850721 0.196795 0.84399
5 0.217628 0.789663 0.25641 0.786779 0.256731 0.791827 0.217949 0.794712
4 0.204487 0.788942 0.257372 0.785337 0.258013 0.793029 0.216987 0.795673 0.205128 0.795673
5 0.338462 0.874279 0.457692 0.871394 0.457692 0.884375 0.338462 0.887019
4 0.302885 0.872115 0.460897 0.869471 0.461538 0.887019 0.300962 0.889904
5 0.310897 0.913221 0.441026 0.911058 0.441667 0.925721 0.309936 0.926923
4 0.275962 0.911779 0.44359 0.909856 0.44359 0.927164 0.271795 0.930048
3 0.670833 0.847356 0.71282 0.857933 0.711218 0.863221 0.669551 0.853125
3 0.654487 0.88101 0.661218 0.916346 0.670192 0.916106 0.663782 0.880529
2 0.641026 0.88101 0.648077 0.919712 0.672436 0.91899 0.665385 0.879327 0.640705 0.879567
2 0.666987 0.845914 0.665705 0.853846 0.7125 0.864664 0.714103 0.854567 0.711859 0.853846
5 0.66891 0.840144 0.714744 0.844952 0.714423 0.851442 0.66859 0.845433
4 0.658654 0.837981 0.716026 0.844231 0.715064 0.852404 0.666026 0.845192 0.658333 0.844712 0.658654 0.838702
3 0.71282 0.89399 0.755449 0.895433 0.75641 0.901683 0.714103 0.9
2 0.708654 0.885336 0.710577 0.900721 0.758013 0.902885 0.754808 0.8875
8 0.748397 0.915144 0.754487 0.93774 0.795833 0.938221 0.789103 0.915865
5 0.771795 0.720673 0.813462 0.71851 0.814744 0.722837 0.773397 0.725
4 0.758333 0.720192 0.814103 0.717548 0.816346 0.723798 0.760577 0.727163 0.758333 0.720914
3 0.807051 0.827404 0.847436 0.826923 0.849359 0.832692 0.809295 0.833414
2 0.803205 0.819231 0.846795 0.81875 0.850962 0.833654 0.807692 0.834615
3 0.840064 0.883894 0.881731 0.880769 0.884615 0.886779 0.842628 0.889904
2 0.833333 0.87524 0.841346 0.891587 0.885897 0.887981 0.878526 0.872356
3 0.872115 0.813462 0.91282 0.81274 0.914423 0.818029 0.873397 0.81851
2 0.865385 0.803125 0.871474 0.819952 0.916026 0.81899 0.909615 0.802885
3 0.910897 0.891346 0.954808 0.891106 0.956731 0.897356 0.9125 0.897115
2 0.904167 0.880769 0.910256 0.899038 0.958654 0.898798 0.951603 0.880529
8 0.94968 0.859135 0.958654 0.88101 0.998718 0.879808 0.988462 0.859135
2 0.203205 0.796394 0.198077 0.81226 0.242628 0.814664 0.246154 0.801202 0.244872 0.797837
2 0.102244 0.859135 0.096795 0.876683 0.146474 0.879327 0.150321 0.860577
2 0.126923 0.830288 0.122115 0.847837 0.171154 0.848317 0.174359 0.830288
2 0.110897 0.915144 0.101603 0.934615 0.152244 0.939904 0.160577 0.919712
2 0.177564 0.909856 0.172115 0.929808 0.225321 0.93101 0.227564 0.910577
