7 0.181731 0.489103 0.181971 0.5 0.215865 0.498077 0.216346 0.48718 0.201202 0.4875
6 0.18101 0.48782 0.18101 0.502885 0.216827 0.499359 0.217067 0.486218
3 0.30601 0.40641 0.30625 0.409615 0.316587 0.407051 0.316106 0.403846
2 0.303846 0.400641 0.305288 0.411218 0.32524 0.407051 0.323798 0.397115
3 0.30024 0.448397 0.299279 0.451923 0.310817 0.454167 0.311538 0.45032
2 0.300721 0.442628 0.297837 0.452885 0.317548 0.45609 0.320433 0.445833
3 0.373798 0.413462 0.373077 0.417308 0.383413 0.418269 0.383894 0.415064
2 0.372596 0.407692 0.371875 0.417949 0.390865 0.419231 0.391346 0.409936
3 0.383894 0.485256 0.383654 0.489423 0.395673 0.489744 0.395913 0.485897
2 0.382452 0.478846 0.381731 0.490385 0.402404 0.491026 0.402885 0.479808
3 0.558413 0.44968 0.557933 0.453205 0.56875 0.455128 0.56899 0.451282
2 0.556731 0.44391 0.55625 0.453846 0.575962 0.456731 0.576442 0.445833
7 0.629567 0.459615 0.63101 0.469231 0.662019 0.471474 0.679808 0.472756 0.677644 0.464103 0.664423 0.461859
6 0.628606 0.458013 0.629567 0.470192 0.68125 0.473718 0.679327 0.460897
5 0.609375 0.507692 0.609375 0.511859 0.624519 0.5125 0.624279 0.508654
4 0.601923 0.50641 0.601923 0.5125 0.62476 0.513462 0.625 0.507051
3 0.020673 0.808333 0.019231 0.813462 0.038942 0.810256 0.040625 0.804808
2 0.021635 0.797115 0.016106 0.816987 0.038942 0.814423 0.042788 0.795192
3 0.145913 0.797756 0.144712 0.803205 0.166827 0.806731 0.167788 0.800641
2 0.146875 0.788462 0.143269 0.805128 0.167067 0.808013 0.170433 0.791987
3 0.182933 0.838141 0.181971 0.84359 0.196635 0.844231 0.196875 0.838462 0.183413 0.838141
2 0.183413 0.826923 0.180288 0.844231 0.20601 0.845833 0.209135 0.829167
5 0.240625 0.804167 0.239904 0.81218 0.264663 0.81282 0.264904 0.804808
4 0.228606 0.801603 0.226923 0.815385 0.265385 0.816346 0.265865 0.802564
3 0.284375 0.826923 0.279327 0.844872 0.283654 0.845513 0.288462 0.828526
2 0.280769 0.811538 0.270433 0.844551 0.283654 0.848397 0.293029 0.817308
3 0.328846 0.786218 0.328365 0.791346 0.350962 0.791026 0.351202 0.785897
2 0.328365 0.776923 0.327163 0.793269 0.351442 0.792308 0.352404 0.776923
3 0.354567 0.783974 0.354327 0.789744 0.368029 0.790064 0.368269 0.784615
2 0.354087 0.774359 0.352644 0.790385 0.374279 0.791026 0.375721 0.77532
3 0.335337 0.838782 0.334856 0.844551 0.349038 0.84391 0.348798 0.838141
2 0.334135 0.827564 0.332933 0.845513 0.359135 0.844231 0.359375 0.827564
3 0.384615 0.798077 0.384615 0.803526 0.406731 0.804167 0.406731 0.799679 0.385096 0.798077
2 0.383413 0.788141 0.38149 0.804808 0.407452 0.80609 0.407933 0.789744
3 0.419471 0.790064 0.419231 0.794872 0.432692 0.794872 0.433173 0.790385
2 0.418269 0.780449 0.417548 0.795513 0.442308 0.796154 0.443269 0.780449
3 0.468269 0.794231 0.467788 0.799679 0.489904 0.801603 0.490144 0.795833
2 0.46851 0.783974 0.466587 0.800641 0.490625 0.802564 0.490385 0.785897
3 0.513942 0.847436 0.513702 0.852885 0.526923 0.853205 0.526923 0.848077
2 0.511058 0.836538 0.511058 0.853846 0.537019 0.854167 0.536298 0.836859
3 0.542548 0.84968 0.542067 0.855449 0.555048 0.855449 0.555288 0.84968
2 0.538942 0.838782 0.539423 0.857051 0.565144 0.85641 0.564183 0.839103 0.539423 0.838462
8 0.618269 0.85641 0.61875 0.870192 0.641106 0.873397 0.640144 0.859295
8 0.324279 0.848397 0.320913 0.877885 0.365865 0.880128 0.368269 0.84968
8 0.370433 0.84968 0.36899 0.88141 0.411779 0.880449 0.4125 0.84968
8 0.171394 0.847115 0.166106 0.878526 0.21226 0.878526 0.215865 0.848397
8 0.654567 0.857692 0.65649 0.886218 0.698798 0.886218 0.696394 0.858333
3 0.665865 0.844231 0.665865 0.85 0.679567 0.850641 0.679567 0.845513
2 0.663221 0.833974 0.664183 0.850962 0.689664 0.852564 0.687981 0.835577
8 0.748558 0.861218 0.752164 0.888462 0.795192 0.888462 0.790625 0.860256
3 0.760817 0.850962 0.761538 0.856731 0.775 0.855769 0.774519 0.85032
2 0.757452 0.841346 0.760336 0.858333 0.785096 0.85641 0.781971 0.840064
3 0.803846 0.841987 0.804808 0.847436 0.817788 0.847436 0.816587 0.841667
2 0.80024 0.831731 0.803606 0.848397 0.826683 0.848718 0.822836 0.83109
3 0.390385 0.717949 0.390385 0.723397 0.403125 0.721795 0.403606 0.717308
2 0.388942 0.709295 0.388942 0.724359 0.412981 0.721795 0.412981 0.70641
5 0.374279 0.699359 0.373317 0.70609 0.394231 0.705769 0.395913 0.699038
4 0.358894 0.696795 0.357212 0.710577 0.368029 0.711218 0.369231 0.707051 0.395913 0.707051 0.396875 0.696795
8 0.482692 0.708013 0.483173 0.733974 0.523317 0.734295 0.523077 0.707372
8 0.482692 0.654487 0.482933 0.679167 0.521394 0.678526 0.521635 0.654487
3 0.490144 0.690705 0.489423 0.695192 0.501923 0.697756 0.502644 0.692949
2 0.489663 0.68109 0.48726 0.695513 0.511058 0.69968 0.5125 0.685577
3 0.493269 0.646474 0.49351 0.651923 0.505529 0.651603 0.505769 0.646154
2 0.491106 0.637821 0.491587 0.652244 0.515385 0.652564 0.514183 0.6375
