4 0.395192 0.351442 0.395513 0.358894 0.429167 0.372356 0.458654 0.385337 0.459936 0.380769
5 0.411859 0.360817 0.411859 0.364663 0.441026 0.376923 0.457692 0.384135 0.459295 0.38101 0.431731 0.36875
3 0.336538 0.419952 0.336859 0.422115 0.35 0.427885 0.361859 0.431971 0.361218 0.429087
2 0.333333 0.414183 0.334615 0.422837 0.361859 0.435096 0.363462 0.426442
4 0.291026 0.388702 0.290705 0.394952 0.313782 0.404808 0.340705 0.415625 0.341987 0.410096
5 0.301603 0.394712 0.301603 0.398798 0.339744 0.414663 0.340705 0.410817
3 0.229167 0.371154 0.228846 0.374038 0.257372 0.387019 0.257051 0.383413
2 0.226923 0.365144 0.226603 0.374279 0.258333 0.388942 0.258654 0.379087
4 0.411218 0.424519 0.411538 0.434375 0.480769 0.461779 0.482051 0.454567
5 0.428526 0.433413 0.427564 0.438942 0.479808 0.460817 0.480128 0.455288
3 0.493269 0.830048 0.49391 0.836058 0.529808 0.844712 0.529808 0.838462
2 0.488462 0.81899 0.490705 0.839183 0.531731 0.847115 0.530128 0.828125
3 0.567308 0.855288 0.568269 0.860817 0.6 0.866587 0.599038 0.859375
2 0.56218 0.844952 0.564103 0.862019 0.607692 0.870673 0.602564 0.853365 0.572756 0.846635
3 0.623077 0.884135 0.62468 0.888942 0.65 0.8875 0.648718 0.882692
2 0.615064 0.873077 0.623077 0.890865 0.652885 0.888942 0.645192 0.872115
3 0.639423 0.761058 0.639744 0.763942 0.640705 0.764904 0.65609 0.767788 0.655128 0.763702
2 0.633013 0.751683 0.638141 0.766346 0.665064 0.770673 0.659936 0.756971
3 0.669872 0.79375 0.670833 0.797356 0.692628 0.802164 0.691346 0.797596
2 0.660897 0.783414 0.666667 0.797837 0.695833 0.804327 0.689744 0.787981
3 0.672436 0.773798 0.673397 0.776923 0.692628 0.780529 0.690705 0.776202
2 0.66891 0.765625 0.671795 0.778365 0.697756 0.784135 0.691026 0.770192
8 0.79359 0.910337 0.799038 0.928125 0.824359 0.931731 0.817949 0.912981
8 0.841987 0.906731 0.847115 0.92476 0.872756 0.930048 0.864103 0.911058
3 0.778526 0.817788 0.779808 0.821154 0.797756 0.826442 0.797436 0.823317
2 0.774038 0.810336 0.776923 0.824038 0.800962 0.828365 0.796474 0.816587
3 0.736538 0.815385 0.738141 0.81899 0.751603 0.820433 0.751282 0.817067
2 0.730128 0.805288 0.733654 0.819712 0.755769 0.825481 0.750962 0.809856
3 0.678846 0.836538 0.68141 0.841586 0.696154 0.841827 0.693269 0.836538
2 0.672115 0.826923 0.679808 0.84399 0.705769 0.84351 0.697436 0.825962
3 0.751603 0.86851 0.753846 0.873077 0.770833 0.874038 0.769551 0.869471
2 0.744231 0.858413 0.74968 0.875721 0.775 0.876442 0.769551 0.860577 0.755128 0.858413
