1 0.022837 0.347756 0.080769 0.347756 0.079567 0.361218 0.019231 0.357051
0 0.028846 0.311538 0.101442 0.312821 0.084615 0.366987 0.012019 0.3625
1 0.276442 0.384936 0.346154 0.386859 0.345673 0.402244 0.27476 0.4
0 0.276442 0.345192 0.353365 0.344872 0.35024 0.405769 0.269231 0.402244 0.276202 0.346474
1 0.487981 0.389423 0.55649 0.390705 0.557933 0.403205 0.488942 0.403205
0 0.48149 0.353846 0.556731 0.352244 0.562019 0.406731 0.484615 0.40641
1 0.657933 0.435256 0.728606 0.440064 0.729567 0.451282 0.661538 0.449038
0 0.650721 0.40032 0.720673 0.401603 0.734375 0.455449 0.657692 0.452885
1 0.939904 0.389744 0.980048 0.384936 0.983654 0.399038 0.944231 0.402244
0 0.901202 0.353526 0.971154 0.350641 0.991106 0.402564 0.916586 0.408013
