8 0.46988 0.172117 0.470068 0.175775 0.495105 0.17599 0.494729 0.171902
8 0.471197 0.238167 0.471762 0.2429 0.498682 0.242685 0.498306 0.237306
8 0.64006 0.241394 0.640625 0.246127 0.665098 0.247203 0.66491 0.2429
8 0.625 0.171472 0.625376 0.175344 0.648155 0.175775 0.647779 0.171687
8 0.746235 0.120912 0.747176 0.123924 0.768637 0.124139 0.767508 0.120267
8 0.765437 0.180508 0.765625 0.18395 0.787086 0.185456 0.786898 0.181583
8 0.791416 0.248924 0.792545 0.252582 0.814006 0.253873 0.812688 0.250215
8 0.142319 0.195353 0.142131 0.198795 0.161709 0.197074 0.161521 0.193847
3 0.421687 0.19901 0.422063 0.201807 0.439383 0.199656 0.43863 0.197074
2 0.418486 0.193632 0.419992 0.203528 0.442018 0.199441 0.439194 0.19105
