3 0.267696 0.118976 0.307229 0.120912 0.307229 0.130594 0.267696 0.128227
7 0.328502 0.076592 0.406062 0.07401 0.40625 0.084768 0.328502 0.086489
6 0.32756 0.074225 0.407756 0.072504 0.407756 0.086489 0.327372 0.087995
3 0.490776 0.125861 0.516378 0.128442 0.515437 0.137478 0.490776 0.134682
7 0.785203 0.115749 0.814571 0.120697 0.814006 0.131239 0.78445 0.126291
6 0.78445 0.114243 0.783133 0.128012 0.815324 0.133821 0.815889 0.120052
2 0.494729 0.113597 0.488705 0.120482 0.488705 0.138985 0.532568 0.143503 0.534262 0.1179
2 0.263742 0.105207 0.264307 0.129948 0.3093 0.131885 0.30817 0.106928
3 0.098645 0.453313 0.130648 0.453528 0.131401 0.460628 0.099209 0.460843
2 0.093185 0.44191 0.096574 0.462565 0.132718 0.462995 0.13253 0.456971 0.130459 0.445568 0.126506 0.440835 0.092809 0.44105
3 0.289157 0.403184 0.310053 0.406196 0.309864 0.413511 0.288404 0.410929
2 0.286521 0.388984 0.327372 0.394363 0.324925 0.417599 0.28558 0.412435
3 0.435241 0.427281 0.435053 0.45525 0.442395 0.45611 0.443148 0.427496
2 0.422816 0.410284 0.423381 0.457186 0.445783 0.458692 0.444654 0.408993 0.42564 0.408133
3 0.724209 0.38963 0.726092 0.430723 0.718562 0.431799 0.716679 0.390921
3 0.737387 0.30938 0.760919 0.311102 0.760354 0.319062 0.737764 0.317126
3 0.833961 0.342728 0.831325 0.385327 0.824172 0.384897 0.826619 0.342513
3 0.220821 0.311747 0.24247 0.311747 0.242846 0.319707 0.221386 0.319277
2 0.217244 0.298623 0.217997 0.320783 0.257718 0.323365 0.257718 0.302496 0.255083 0.299053
2 0.734752 0.294535 0.734375 0.31605 0.735504 0.319062 0.775038 0.320998 0.776544 0.299053 0.775602 0.296472 0.735504 0.294105
2 0.736446 0.384251 0.736822 0.431583 0.716491 0.43309 0.715173 0.387478
2 0.847703 0.338855 0.846197 0.344019 0.843185 0.386833 0.821348 0.386403 0.82436 0.341437 0.82869 0.339286
7 0.874435 0.326377 0.922628 0.32358 0.923004 0.332186 0.875 0.335628
7 0.874059 0.336704 0.924134 0.332401 0.924511 0.339071 0.874624 0.345955
6 0.870482 0.324441 0.926581 0.319923 0.927899 0.343804 0.871235 0.348752
7 0.943148 0.449871 0.980233 0.451162 0.991905 0.452883 0.991529 0.459768 0.975904 0.459552 0.966114 0.456971 0.942959 0.458262
7 0.943524 0.460198 0.942959 0.468158 0.972139 0.467728 0.989834 0.469019 0.990776 0.460628 0.975904 0.460413 0.965926 0.458907
6 0.942206 0.447935 0.941077 0.470095 0.992282 0.47074 0.993035 0.450732
7 0.265813 0.046902 0.303652 0.04432 0.304217 0.054432 0.266002 0.058305
7 0.286898 0.057659 0.286898 0.064544 0.324736 0.061962 0.324736 0.052926 0.295181 0.055938 0.287462 0.056583
6 0.264307 0.043675 0.264496 0.06648 0.325866 0.063468 0.326054 0.042384
