1 0.114458 0.504088 0.10561 0.527108 0.113517 0.527969 0.115211 0.527108 0.122553 0.505809
1 0.093185 0.609294 0.09055 0.623064 0.113517 0.621127 0.115023 0.607788
1 0.599774 0.537436 0.601845 0.551635 0.625941 0.549914 0.626506 0.548193 0.624435 0.535929
1 0.742093 0.537866 0.744729 0.550559 0.76619 0.549053 0.766754 0.547978 0.764684 0.535929
2 0.380083 0.982573 0.378953 0.992685 0.402297 0.9929 0.40305 0.983219
1 0.28125 0.407487 0.279179 0.417814 0.298004 0.418029 0.30064 0.409639 0.299699 0.407487
1 0.3093 0.332401 0.307982 0.340577 0.326242 0.340146 0.327748 0.333692 0.324548 0.33111
1 0.446724 0.351764 0.446536 0.3608 0.466491 0.359725 0.466303 0.351119
1 0.562124 0.251721 0.563441 0.258606 0.576807 0.25753 0.580949 0.256239 0.579254 0.24957
1 0.568148 0.314544 0.567395 0.323795 0.587349 0.326162 0.588291 0.316695
1 0.577372 0.400602 0.580008 0.41179 0.601092 0.406842 0.59808 0.396515
1 0.675452 0.245267 0.675828 0.253227 0.692959 0.253873 0.694089 0.25043 0.692395 0.245912
1 0.6907 0.309165 0.692583 0.317556 0.709337 0.317556 0.711408 0.31605 0.709526 0.308735
1 0.699548 0.341652 0.701431 0.350688 0.721197 0.350473 0.719315 0.341222
1 0.866717 0.378442 0.872741 0.388339 0.890248 0.38253 0.884036 0.372633
