3 0.32756 0.074225 0.407756 0.072504 0.407756 0.086489 0.327372 0.087995
3 0.78445 0.114243 0.783133 0.128012 0.815324 0.133821 0.815889 0.120052
1 0.494729 0.113597 0.488705 0.120482 0.488705 0.138985 0.532568 0.143503 0.534262 0.1179
1 0.263742 0.105207 0.264307 0.129948 0.3093 0.131885 0.30817 0.106928
1 0.093185 0.44191 0.096574 0.462565 0.132718 0.462995 0.13253 0.456971 0.130459 0.445568 0.126506 0.440835 0.092809 0.44105
1 0.286521 0.388984 0.327372 0.394363 0.324925 0.417599 0.28558 0.412435
1 0.422816 0.410284 0.423381 0.457186 0.445783 0.458692 0.444654 0.408993 0.42564 0.408133
1 0.217244 0.298623 0.217997 0.320783 0.257718 0.323365 0.257718 0.302496 0.255083 0.299053
1 0.734752 0.294535 0.734375 0.31605 0.735504 0.319062 0.775038 0.320998 0.776544 0.299053 0.775602 0.296472 0.735504 0.294105
1 0.736446 0.384251 0.736822 0.431583 0.716491 0.43309 0.715173 0.387478
1 0.847703 0.338855 0.846197 0.344019 0.843185 0.386833 0.821348 0.386403 0.82436 0.341437 0.82869 0.339286
3 0.870482 0.324441 0.926581 0.319923 0.927899 0.343804 0.871235 0.348752
3 0.942206 0.447935 0.941077 0.470095 0.992282 0.47074 0.993035 0.450732
3 0.264307 0.043675 0.264496 0.06648 0.325866 0.063468 0.326054 0.042384
