3 0.195218 0.224828 0.1875 0.243115 0.262613 0.248279 0.267131 0.233864
3 0.166416 0.289372 0.195595 0.28636 0.235693 0.285499 0.235316 0.300344 0.211785 0.298623 0.192395 0.298838 0.188065 0.300129 0.163027 0.302926
2 0.33942 0.128442 0.339044 0.134897 0.391754 0.136618 0.391943 0.130594
2 0.310994 0.233864 0.310241 0.241824 0.373117 0.2429 0.373682 0.235585
0 0.471762 0.252151 0.470633 0.303141 0.493976 0.303571 0.510542 0.305508 0.534262 0.305938 0.539533 0.305077 0.556852 0.307659 0.551958 0.253657
2 0.464985 0.213425 0.464797 0.220095 0.52259 0.22117 0.521649 0.214071
2 0.464608 0.231713 0.525226 0.231497 0.526732 0.238812 0.464797 0.238167
0 0.632907 0.269578 0.643637 0.321644 0.667922 0.322289 0.702748 0.324226 0.71009 0.322289 0.722703 0.320783 0.726468 0.320138 0.709714 0.272375
2 0.618788 0.223322 0.618976 0.229561 0.67677 0.233219 0.676393 0.227625
2 0.622176 0.241179 0.622176 0.247633 0.681099 0.25043 0.681099 0.245052
1 0.154744 0.452453 0.149096 0.469019 0.180158 0.47031 0.184488 0.453744
3 0.222327 0.417169 0.259224 0.413511 0.3125 0.413296 0.308547 0.438038 0.260542 0.431799 0.21988 0.435026
1 0.226468 0.496342 0.221574 0.51463 0.253765 0.516781 0.255648 0.512478 0.255459 0.497633
1 0.348268 0.465577 0.345068 0.482143 0.37933 0.484725 0.381965 0.468158
3 0.869917 0.446859 0.872553 0.458477 0.889496 0.457831 0.891943 0.467513 0.912086 0.467513 0.90305 0.44815
1 0.811559 0.467513 0.815889 0.482573 0.843374 0.484294 0.838291 0.469664
1 0.825678 0.506885 0.830949 0.523881 0.856363 0.520869 0.852033 0.503657
1 0.944089 0.403614 0.947854 0.416308 0.962161 0.417384 0.960843 0.40512
1 0.910203 0.645439 0.91811 0.664587 0.940136 0.655336 0.931852 0.637263
3 0.912086 0.672762 0.914721 0.689759 0.937124 0.686102 0.939759 0.700732 0.963479 0.695998 0.956325 0.671256 0.954066 0.66846
3 0.929593 0.736661 0.980422 0.72784 0.985693 0.744191 0.93317 0.754088
1 0.963667 0.685671 0.970256 0.70611 0.998306 0.702453 0.995105 0.693847 0.991905 0.682874
1 0.979857 0.722461 0.986258 0.741824 1.0 0.738167 1.0 0.716867
