4 0.398908 0.312177 0.399096 0.33864 0.434864 0.337995 0.434676 0.312608
4 0.400791 0.353916 0.401732 0.378658 0.4375 0.378012 0.436935 0.35327
4 0.39759 0.396084 0.398532 0.420826 0.434488 0.420181 0.433923 0.395439
4 0.400226 0.422762 0.401355 0.444707 0.435806 0.444277 0.435053 0.421902
4 0.403426 0.446429 0.403991 0.467298 0.438065 0.467728 0.4375 0.446213
4 0.450866 0.27259 0.451242 0.299699 0.48814 0.300344 0.487952 0.274312
4 0.451619 0.31562 0.451996 0.342728 0.488893 0.343158 0.488517 0.317341
4 0.448795 0.358434 0.447854 0.386403 0.484563 0.387263 0.484375 0.35994
4 0.447289 0.397375 0.44616 0.421472 0.481928 0.425344 0.483246 0.400172
4 0.448607 0.435456 0.448042 0.461274 0.483434 0.461919 0.483434 0.437177
4 0.493599 0.291738 0.493976 0.318847 0.532003 0.318417 0.531626 0.291308
4 0.49247 0.322504 0.492846 0.349613 0.529744 0.348537 0.528991 0.321859
4 0.498117 0.351119 0.498117 0.376291 0.534074 0.376506 0.534639 0.350258
4 0.493411 0.395009 0.493411 0.420181 0.529744 0.41975 0.529744 0.392857
4 0.49247 0.433735 0.492282 0.458907 0.528614 0.458477 0.528803 0.431368
4 0.327937 0.302065 0.328125 0.328528 0.363893 0.327883 0.363705 0.302496
4 0.333773 0.329389 0.333773 0.355852 0.369729 0.355207 0.369352 0.329819
4 0.293675 0.33025 0.293863 0.353916 0.327937 0.353055 0.326996 0.329174
4 0.291604 0.303787 0.291604 0.327022 0.325113 0.327238 0.324736 0.302496
4 0.290474 0.276678 0.291039 0.302065 0.323983 0.300129 0.324172 0.274527
4 0.344691 0.356713 0.345633 0.378873 0.379518 0.378658 0.378953 0.355852
4 0.350339 0.433305 0.35128 0.458477 0.385354 0.459122 0.384601 0.432444
4 0.09262 0.343374 0.095444 0.36704 0.125753 0.364028 0.122364 0.339931
4 0.101468 0.380809 0.104292 0.40426 0.133095 0.401463 0.131212 0.377367
4 0.138178 0.363167 0.139495 0.384251 0.171122 0.383606 0.169992 0.362091
4 0.140625 0.399312 0.142319 0.426635 0.171498 0.425559 0.169804 0.398021
4 0.143072 0.434811 0.144767 0.458907 0.175828 0.459122 0.173758 0.434811
4 0.176205 0.398236 0.177523 0.421472 0.209714 0.42642 0.211408 0.398881
4 0.185053 0.436102 0.185806 0.458046 0.217056 0.458907 0.215926 0.435886
4 0.224021 0.435671 0.224774 0.457401 0.256024 0.458262 0.254895 0.435241
4 0.219503 0.398451 0.221386 0.422117 0.252636 0.420826 0.251318 0.397806
4 0.006589 0.293244 0.008471 0.314974 0.038404 0.308305 0.035956 0.288511
4 0.016566 0.330034 0.018449 0.351549 0.043863 0.347892 0.040851 0.326377
4 0.043298 0.371127 0.045181 0.392857 0.073042 0.394148 0.071348 0.371342
4 0.048381 0.406626 0.050264 0.428141 0.078125 0.429647 0.076431 0.406626
4 0.011107 0.399527 0.012801 0.421041 0.040851 0.422547 0.039157 0.399742
4 0.018449 0.435456 0.020331 0.456971 0.048193 0.458477 0.046498 0.435456
4 0.008095 0.364888 0.009789 0.386403 0.036333 0.385112 0.034262 0.362952
4 0.170934 0.360585 0.17244 0.38167 0.202937 0.386833 0.203502 0.361661
4 0.543486 0.254948 0.543298 0.279475 0.580008 0.281196 0.580572 0.25667
4 0.544616 0.282057 0.544428 0.306583 0.581137 0.308305 0.58189 0.283778
4 0.547628 0.30809 0.547816 0.336274 0.584902 0.337995 0.585279 0.310456
4 0.598833 0.269148 0.59808 0.296041 0.636107 0.297332 0.637048 0.271299
4 0.593185 0.313898 0.59262 0.340792 0.630459 0.342083 0.631589 0.31605
4 0.595068 0.356282 0.593562 0.38167 0.629706 0.385757 0.631777 0.359294
4 0.549511 0.354346 0.548946 0.383391 0.586973 0.383821 0.587349 0.355852
4 0.544051 0.393072 0.544239 0.418675 0.580384 0.419105 0.580761 0.393933
4 0.540663 0.432659 0.540851 0.458262 0.576996 0.458692 0.577184 0.43352
4 0.646649 0.360585 0.645143 0.385757 0.681288 0.39006 0.683358 0.363597
4 0.644202 0.405551 0.642696 0.430938 0.67884 0.435241 0.680911 0.408563
4 0.643637 0.442126 0.642131 0.467513 0.677334 0.470095 0.679405 0.445998
4 0.692018 0.436102 0.690512 0.461489 0.725904 0.464071 0.72741 0.439114
4 0.693524 0.395439 0.692771 0.422762 0.728163 0.424484 0.729292 0.397806
4 0.692771 0.354346 0.692018 0.381454 0.72741 0.383176 0.728539 0.356497
4 0.651732 0.318417 0.650791 0.347031 0.687688 0.349398 0.689383 0.320353
4 0.652485 0.274096 0.651167 0.302065 0.689194 0.303787 0.689947 0.276033
4 0.73927 0.402324 0.739081 0.429647 0.773155 0.428787 0.77372 0.401678
4 0.74134 0.441265 0.739646 0.461489 0.771837 0.462995 0.773343 0.442126
4 0.830008 0.304432 0.828878 0.329819 0.861446 0.332186 0.862764 0.307014
4 0.841114 0.369406 0.839797 0.395654 0.872176 0.395654 0.873117 0.371558
4 0.840926 0.396515 0.83942 0.420181 0.871611 0.420181 0.872364 0.396299
4 0.843562 0.421041 0.842244 0.444707 0.874247 0.444707 0.875188 0.420826
4 0.843562 0.445353 0.840926 0.466007 0.872553 0.469234 0.877071 0.445353
4 0.899661 0.405551 0.897779 0.432229 0.92677 0.430723 0.928464 0.404475 0.900038 0.40426
4 0.902485 0.444062 0.900414 0.468804 0.933358 0.467728 0.934864 0.442771 0.902673 0.442771
4 0.967244 0.432014 0.96442 0.456325 0.996235 0.457616 0.999059 0.43352
4 0.966114 0.457401 0.963102 0.480422 0.993411 0.480852 0.996047 0.458477
4 0.201807 0.090146 0.201807 0.117685 0.237011 0.115964 0.236446 0.087995
4 0.19823 0.1321 0.19823 0.159423 0.233434 0.157702 0.233057 0.129733
4 0.198419 0.173193 0.198419 0.200516 0.233622 0.198795 0.233245 0.170826
4 0.254706 0.169535 0.254706 0.196859 0.289721 0.195138 0.289345 0.167169
4 0.254518 0.126506 0.254518 0.15383 0.289721 0.152108 0.289157 0.124139
