2 0.672252 0.463855 0.674887 0.474182 0.71875 0.465577 0.716114 0.455895
2 0.797628 0.525818 0.842432 0.516997 0.843562 0.524312 0.798946 0.534423
2 0.774661 0.456325 0.775791 0.46364 0.807605 0.456756 0.807229 0.450301
2 0.676581 0.555077 0.679029 0.567126 0.729104 0.555077 0.727221 0.54475
2 0.258095 0.874785 0.258471 0.888984 0.276355 0.887909 0.276355 0.879733 0.266754 0.880594 0.26619 0.873924
2 0.365587 0.894793 0.368035 0.91889 0.403991 0.913726 0.402673 0.90426 0.377071 0.907702 0.374812 0.893503
2 0.418298 0.891997 0.420369 0.917599 0.445971 0.913081 0.445407 0.903184 0.431476 0.904475 0.430158 0.890275
4 0.461785 0.911145 0.465926 0.952453 0.498494 0.949441 0.493788 0.907272
4 0.461973 0.953744 0.464608 0.982358 0.49887 0.978485 0.49567 0.950301
2 0.540098 0.844019 0.541416 0.851549 0.58189 0.836274 0.581137 0.829819
4 0.642696 0.890706 0.65305 0.936747 0.681476 0.928571 0.671687 0.881454
2 0.69183 0.838425 0.697666 0.862952 0.73494 0.852625 0.732869 0.843374 0.704631 0.849398 0.700489 0.837134
2 0.769578 0.854346 0.777108 0.885542 0.813253 0.875215 0.810806 0.862737 0.790286 0.868546 0.785392 0.850043
