2 0.239834 0.228916 0.284262 0.232573 0.282003 0.244191 0.237199 0.242255
1 0.268449 0.194492 0.298193 0.195998 0.297063 0.208907 0.266002 0.20654
3 0.247741 0.137909 0.302711 0.145654 0.299887 0.158993 0.242658 0.152539
1 0.34695 0.115964 0.371047 0.115534 0.373682 0.125861 0.346574 0.127151
1 0.343562 0.185026 0.372741 0.188683 0.371988 0.200301 0.340926 0.196859 0.342997 0.184596
1 0.493411 0.127151 0.517884 0.129303 0.518449 0.138985 0.493035 0.136403
1 0.584337 0.090361 0.607304 0.091652 0.609187 0.101334 0.584149 0.100258
1 0.660392 0.149742 0.686935 0.151033 0.690512 0.164587 0.664157 0.164372
1 0.669616 0.194707 0.698795 0.195138 0.700678 0.209122 0.67244 0.207831
1 0.722892 0.212134 0.745858 0.213425 0.749624 0.225473 0.725715 0.223967 0.722515 0.212134
1 0.675452 0.248494 0.703125 0.254948 0.704066 0.269578 0.676017 0.262694
1 0.801017 0.297117 0.825866 0.302496 0.829819 0.314114 0.804217 0.30938
1 0.831514 0.29346 0.857492 0.300129 0.856928 0.31648 0.833396 0.30895
1 0.818901 0.248494 0.843374 0.255594 0.843938 0.267857 0.818712 0.261188
1 0.169428 0.449871 0.205949 0.452883 0.20256 0.474828 0.163592 0.472031
1 0.240023 0.446213 0.274285 0.445783 0.273908 0.466222 0.237952 0.465577
1 0.253577 0.376721 0.283509 0.38296 0.278614 0.399312 0.248306 0.391781
1 0.332455 0.332831 0.363517 0.336274 0.363893 0.353701 0.330196 0.349828
1 0.32003 0.387263 0.353916 0.389845 0.352974 0.408563 0.318148 0.407272
1 0.313253 0.433735 0.349962 0.437177 0.349398 0.45654 0.310994 0.453959
1 0.307982 0.480637 0.346197 0.483864 0.343562 0.505379 0.305158 0.500215
2 0.351845 0.435456 0.389119 0.438898 0.388178 0.456325 0.350904 0.452022
1 0.395143 0.401678 0.412086 0.405766 0.405497 0.439544 0.389119 0.436532
1 0.453125 0.399312 0.485316 0.395439 0.490964 0.415663 0.455384 0.417814
1 0.442206 0.442341 0.450113 0.442556 0.48061 0.447289 0.479669 0.466867 0.441453 0.462134
1 0.455572 0.349613 0.488705 0.355207 0.487575 0.372203 0.452748 0.3679
1 0.538027 0.421687 0.554405 0.41932 0.562312 0.45568 0.544616 0.458477
1 0.532944 0.468589 0.549887 0.466867 0.555158 0.507315 0.538215 0.50796
2 0.552334 0.464501 0.563253 0.464501 0.565512 0.509682 0.557041 0.510542
2 0.568524 0.443632 0.614458 0.443632 0.616529 0.458046 0.569654 0.457616
1 0.588479 0.494406 0.622553 0.493976 0.625 0.5142 0.589232 0.515491
1 0.662651 0.481067 0.67884 0.481928 0.67997 0.518072 0.662274 0.517642 0.661709 0.481282
1 0.716491 0.458046 0.749435 0.458477 0.752447 0.479991 0.719503 0.478055
1 0.700113 0.411575 0.731175 0.410714 0.73494 0.427711 0.704631 0.428571
1 0.686559 0.369836 0.717244 0.369406 0.720633 0.385542 0.689759 0.386618 0.685994 0.370052
1 0.781438 0.415448 0.809488 0.419966 0.812312 0.435456 0.784262 0.432659
1 0.799699 0.49957 0.829443 0.501076 0.832078 0.520439 0.801581 0.517427
1 0.834149 0.405551 0.85881 0.409208 0.862387 0.425774 0.836032 0.421472
1 0.844315 0.464501 0.872364 0.465577 0.876694 0.483219 0.848645 0.480852
1 0.85561 0.504303 0.884413 0.502582 0.888931 0.519793 0.860881 0.52173
1 0.905309 0.506024 0.933923 0.503873 0.940136 0.524957 0.911898 0.524742
1 0.894202 0.466437 0.920181 0.466652 0.924887 0.484294 0.898343 0.484079
1 0.885166 0.424053 0.908886 0.426205 0.912462 0.442771 0.889119 0.44191
1 0.878765 0.387263 0.900791 0.388554 0.904744 0.404045 0.881965 0.401893
1 0.021649 0.657272 0.06683 0.65512 0.064194 0.680723 0.020896 0.682014
1 0.095444 0.666738 0.130648 0.663081 0.125 0.688038 0.094127 0.688898
1 0.161521 0.668675 0.202372 0.666523 0.201242 0.695138 0.158321 0.694277 0.161145 0.670181
1 0.246047 0.665878 0.289157 0.669535 0.288027 0.694707 0.24247 0.69062
1 0.309488 0.607143 0.349962 0.607358 0.349398 0.63253 0.309111 0.632315
2 0.358998 0.6108 0.403803 0.612306 0.40305 0.623924 0.359375 0.622848 0.358246 0.613382
1 0.430911 0.600258 0.472139 0.6037 0.472703 0.627152 0.430346 0.624139 0.430723 0.601334
1 0.447101 0.635972 0.485693 0.632315 0.489081 0.655766 0.448795 0.660499
1 0.526355 0.621988 0.564383 0.621988 0.566642 0.644793 0.527108 0.644578
1 0.523343 0.58778 0.56137 0.589931 0.561559 0.613167 0.523155 0.610155
1 0.611634 0.670826 0.650226 0.674053 0.650226 0.697719 0.611634 0.693417
1 0.674134 0.678571 0.708208 0.67685 0.713291 0.69901 0.678276 0.700947 0.676958 0.700732
1 0.745294 0.675774 0.777108 0.675129 0.780497 0.69858 0.745858 0.700301
1 0.794992 0.668244 0.829066 0.668675 0.832831 0.692556 0.797628 0.692556
1 0.82323 0.615534 0.856363 0.615964 0.861069 0.643072 0.828125 0.642857
2 0.848645 0.568417 0.856175 0.567556 0.862764 0.610155 0.855045 0.610155 0.848645 0.569492
