1 0.894231 0.579167 0.899038 0.595513 0.926683 0.594551 0.920913 0.577244
1 0.802644 0.550962 0.804087 0.564744 0.833654 0.569551 0.832692 0.561859 0.828125 0.559936 0.826202 0.554167
2 0.69976 0.61859 0.702163 0.635897 0.747115 0.633974 0.744712 0.618269
1 0.445192 0.619872 0.44351 0.636538 0.444471 0.6375 0.474279 0.642628 0.475962 0.624359
1 0.366587 0.6375 0.36226 0.655449 0.395673 0.660897 0.398798 0.642308
1 0.379808 0.553205 0.372596 0.565385 0.400962 0.580128 0.406731 0.565705
1 0.260817 0.679167 0.257452 0.699359 0.292067 0.700962 0.29351 0.695833 0.295192 0.680128
2 0.25625 0.634295 0.254808 0.648397 0.293029 0.647756 0.292788 0.635256
1 0.977163 0.366667 0.982452 0.376282 0.99375 0.354487 0.988221 0.346795
1 0.4625 0.409936 0.470433 0.438141 0.483173 0.433654 0.47524 0.406731
1 0.400962 0.397756 0.400481 0.410256 0.427885 0.411538 0.427404 0.398397
1 0.326442 0.392628 0.324279 0.405128 0.352644 0.408974 0.354567 0.395192
4 0.305769 0.370513 0.305288 0.376603 0.345433 0.378526 0.345433 0.371474
4 0.323077 0.363462 0.322837 0.368269 0.357692 0.369231 0.358173 0.363782
1 0.259615 0.410577 0.264423 0.421474 0.289904 0.409295 0.283654 0.399679
1 0.274038 0.320192 0.272596 0.33141 0.298317 0.333333 0.299038 0.322115
1 0.214183 0.320833 0.214423 0.332692 0.237019 0.329808 0.235337 0.319231
1 0.18149 0.380449 0.175 0.392628 0.202404 0.399359 0.207692 0.385897
