1 0.040098 0.607788 0.072101 0.621773 0.058547 0.643503 0.027673 0.628873
1 0.148532 0.705034 0.19503 0.709983 0.17884 0.773021 0.127259 0.763554 0.146461 0.703744
1 0.66811 0.710413 0.714985 0.71364 0.716114 0.74204 0.669804 0.739028
1 0.677334 0.836058 0.729857 0.839501 0.732116 0.873064 0.67997 0.869406
1 0.659639 0.528184 0.673381 0.519148 0.676205 0.540663 0.661898 0.550129 0.659262 0.52883
3 0.735316 0.60284 0.807605 0.60241 0.812312 0.640706 0.738893 0.639845 0.734187 0.604131
3 0.750941 0.693201 0.832267 0.695783 0.837726 0.738167 0.756777 0.739458
3 0.763931 0.798623 0.856363 0.798623 0.865587 0.840792 0.765625 0.842298
3 0.875188 0.859509 0.967244 0.855422 0.972703 0.90512 0.884036 0.912005
3 0.838667 0.687608 0.924322 0.692771 0.939006 0.736876 0.848833 0.736876 0.845256 0.737091
3 0.817206 0.600904 0.899849 0.604991 0.906062 0.633606 0.82323 0.631024
1 0.89439 0.470525 0.910768 0.472031 0.92244 0.5071 0.904367 0.5071
3 0.945218 0.714931 0.999812 0.716007 0.999812 0.749785 0.950113 0.748279
