1 0.342056 0.285284 0.341303 0.296472 0.361446 0.29389 0.362387 0.282702
1 0.343938 0.252582 0.343185 0.262478 0.36314 0.260972 0.363893 0.250215 0.345256 0.251936
1 0.303087 0.240749 0.302146 0.251076 0.321913 0.248924 0.322854 0.238812
2 0.233057 0.249785 0.232116 0.262909 0.28558 0.255809 0.283697 0.244406
1 0.266943 0.203959 0.267319 0.212565 0.27805 0.210198 0.28558 0.207616 0.285956 0.201377 0.284639 0.198365
2 0.251506 0.179862 0.250565 0.19815 0.285392 0.192771 0.285015 0.186962 0.258283 0.190835 0.258471 0.179217
4 0.69936 0.220525 0.699736 0.224398 0.726092 0.222892 0.725715 0.218589
4 0.692771 0.158348 0.693336 0.162866 0.718374 0.159639 0.717997 0.155981
1 0.65512 0.175775 0.656815 0.188038 0.680346 0.185026 0.677523 0.171256
1 0.667922 0.232573 0.667922 0.245482 0.693148 0.244191 0.692018 0.231282
4 0.781438 0.211274 0.781626 0.214501 0.807794 0.214071 0.807605 0.209983
4 0.771461 0.152754 0.772214 0.156626 0.79744 0.154475 0.796875 0.150387
4 0.764872 0.101334 0.765437 0.104991 0.78558 0.103485 0.785015 0.100688
4 0.751883 0.055723 0.752447 0.05895 0.771649 0.057659 0.771273 0.054862
