1 0.473077 0.701603 0.472356 0.725 0.508173 0.727244 0.508413 0.702885
1 0.479327 0.54359 0.481731 0.560897 0.512981 0.55609 0.511298 0.542308 0.507212 0.539103
1 0.586538 0.520833 0.587019 0.536538 0.614664 0.539744 0.613221 0.523718 0.589904 0.520513
1 0.663702 0.53141 0.665625 0.549679 0.696394 0.551603 0.692548 0.533654
1 0.729808 0.502885 0.731731 0.51859 0.761779 0.522756 0.759856 0.507372 0.73101 0.502885
1 0.4125 0.586538 0.41226 0.607372 0.417308 0.607372 0.417788 0.586859
1 0.367067 0.517949 0.365385 0.525962 0.364904 0.534936 0.392548 0.5375 0.392067 0.522115
1 0.413462 0.305449 0.415144 0.31891 0.442548 0.317628 0.441346 0.308974 0.439423 0.304808 0.417788 0.304808
1 0.464904 0.306731 0.465385 0.320833 0.491827 0.324359 0.491827 0.309615 0.465865 0.30609
1 0.467308 0.268269 0.469712 0.28141 0.495913 0.280449 0.492788 0.26859
1 0.5625 0.28109 0.56274 0.294231 0.589663 0.295192 0.58774 0.283333
1 0.610817 0.316026 0.612981 0.329167 0.63774 0.330128 0.639663 0.326923 0.637019 0.316667 0.619712 0.315385
1 0.614904 0.280128 0.617548 0.292949 0.64375 0.291346 0.639904 0.277244
3 0.664904 0.602885 0.674279 0.71282 0.764904 0.71218 0.753125 0.603526
