2 0.121611 0.172117 0.146837 0.165017 0.146837 0.172117 0.121235 0.178787
2 0.490399 0.102194 0.511672 0.099828 0.513178 0.104991 0.49134 0.108219
2 0.319842 0.130379 0.33622 0.126291 0.336785 0.130594 0.32003 0.134251
1 0.542733 0.006885 0.557982 0.004518 0.560806 0.02926 0.545746 0.032057
1 0.591679 0.040448 0.622176 0.035069 0.624247 0.047332 0.593562 0.053141
1 0.600904 0.112306 0.635919 0.108649 0.641754 0.113382 0.644014 0.123924 0.603916 0.130379
1 0.108434 0.235585 0.106363 0.248064 0.127824 0.24333 0.130459 0.230852
3 0.355422 0.359079 0.36427 0.357788 0.364458 0.36037 0.380648 0.358864 0.381212 0.363812 0.35561 0.367685
1 0.224209 0.362306 0.224586 0.378227 0.253012 0.369836 0.252447 0.35327
1 0.309864 0.336274 0.3125 0.353701 0.342432 0.340146 0.339232 0.32358
1 0.228539 0.31691 0.226845 0.332401 0.256401 0.33111 0.256965 0.314544
1 0.234563 0.277108 0.231551 0.29389 0.260542 0.291308 0.261672 0.275602
1 0.237387 0.240964 0.239081 0.256024 0.266754 0.244621 0.266002 0.229346
1 0.103163 0.273451 0.100715 0.287651 0.121611 0.283778 0.124623 0.267642
1 0.236069 0.194277 0.230798 0.209122 0.257907 0.206971 0.259977 0.192556
1 0.446348 0.30099 0.464797 0.297332 0.467244 0.337134 0.448607 0.339716
1 0.451054 0.248924 0.486634 0.237952 0.490399 0.255379 0.454066 0.266781
1 0.534827 0.267857 0.554405 0.265706 0.556852 0.303356 0.554029 0.305293 0.537086 0.307444
1 0.60561 0.196644 0.608057 0.19148 0.611634 0.192126 0.622176 0.189329 0.627824 0.20654 0.632154 0.230852 0.62613 0.232788 0.622929 0.230637 0.613328 0.231497 0.608057 0.214716 0.605045 0.203959
1 0.724962 0.173408 0.762048 0.175775 0.762425 0.192556 0.724774 0.190835
2 0.706325 0.138985 0.775979 0.138985 0.777673 0.152539 0.70802 0.15469
1 0.722892 0.234294 0.759789 0.225258 0.767131 0.244191 0.735504 0.250861 0.728916 0.248064
2 0.724021 0.251936 0.737575 0.251936 0.739081 0.263339 0.773532 0.263769 0.774096 0.27259 0.725151 0.27259
2 0.809864 0.137048 0.880459 0.133391 0.88253 0.145224 0.8125 0.154045
1 0.829819 0.177496 0.868976 0.178356 0.869729 0.196213 0.831514 0.194277
1 0.891378 0.261618 0.931099 0.255594 0.935806 0.274096 0.896461 0.279905
2 0.823983 0.239458 0.83302 0.273451 0.891943 0.266997 0.890248 0.258821 0.852598 0.262048 0.846762 0.237522
