0 0.382342 0.277754 0.421687 0.277754 0.443901 0.277324 0.4407 0.323365 0.375753 0.323365
0 0.153803 0.264415 0.158509 0.26506 0.165286 0.269148 0.173946 0.268287 0.202937 0.267212 0.200113 0.284423 0.195407 0.303571 0.169051 0.302281 0.139872 0.299699 0.141378 0.295181 0.141378 0.281626 0.144014 0.275602 0.149285 0.268933
0 0.163404 0.243546 0.213102 0.241394 0.205761 0.266566 0.165474 0.268503 0.159262 0.26506 0.155874 0.263554 0.160956 0.251291
2 0.829631 0.510112 0.858622 0.497633 0.860316 0.506024 0.832831 0.518072
2 0.755271 0.488597 0.779744 0.488597 0.78012 0.492255 0.755459 0.49333
2 0.652673 0.470525 0.665286 0.46988 0.666227 0.479561 0.706137 0.478916 0.705949 0.487522 0.666227 0.488167 0.66378 0.480637 0.653426 0.480207
2 0.552334 0.464716 0.562312 0.464931 0.563818 0.480637 0.584714 0.481497 0.584337 0.491609 0.561559 0.490749 0.561182 0.480207 0.552899 0.480207
2 0.467809 0.466867 0.477974 0.467728 0.477786 0.482788 0.497741 0.484079 0.497741 0.493115 0.476468 0.492685 0.475904 0.481497 0.466867 0.482358
2 0.510542 0.465361 0.521084 0.465361 0.521649 0.481497 0.542357 0.481282 0.543486 0.491394 0.519578 0.491179 0.519014 0.479776 0.51073 0.480422
2 0.366529 0.457186 0.375188 0.456325 0.375188 0.465792 0.39119 0.466652 0.390813 0.471816 0.365776 0.472246
2 0.39872 0.455034 0.409262 0.454389 0.409262 0.463855 0.424699 0.464716 0.425452 0.470525 0.397967 0.46988
2 0.434864 0.453959 0.445218 0.453313 0.445407 0.46278 0.460843 0.46364 0.461408 0.469449 0.434111 0.468804
2 0.471762 0.433735 0.482304 0.433305 0.482116 0.443632 0.498306 0.444062 0.497929 0.449656 0.471009 0.448795
2 0.271273 0.47031 0.280874 0.471601 0.277673 0.482358 0.326807 0.482358 0.326619 0.492685 0.293298 0.492255 0.276544 0.486016 0.271273 0.485155
2 0.25433 0.445568 0.252447 0.452453 0.248306 0.470955 0.24134 0.471601 0.236634 0.50796 0.246047 0.50796 0.250376 0.472892 0.254142 0.453959 0.265248 0.455034 0.267319 0.444277
2 0.077184 0.472676 0.083396 0.472676 0.082643 0.482573 0.110316 0.481928 0.110316 0.491179 0.085843 0.491609 0.084714 0.486016 0.074172 0.48537
2 0.142696 0.457401 0.148343 0.456971 0.143637 0.476764 0.138178 0.476764 0.137048 0.481497 0.130836 0.481497 0.132154 0.473322 0.138554 0.472676
2 0.008283 0.610155 0.029556 0.612306 0.028991 0.619621 0.006212 0.618761
2 0.075489 0.623494 0.082831 0.62457 0.080196 0.634036 0.09375 0.634251 0.094315 0.641997 0.074925 0.640706 0.075866 0.634251 0.072854 0.63296
2 0.110693 0.627152 0.118411 0.627367 0.117093 0.636188 0.131401 0.637048 0.131212 0.644578 0.112387 0.643287 0.113893 0.636833 0.109375 0.636833
2 0.142884 0.580034 0.151732 0.579604 0.145331 0.615103 0.137425 0.613597
2 0.193524 0.609509 0.201619 0.609725 0.198983 0.624139 0.227033 0.627152 0.25113 0.628227 0.249812 0.638984 0.226092 0.638984 0.225339 0.629518 0.191265 0.624785
2 0.560241 0.637909 0.575678 0.637909 0.575489 0.65469 0.597892 0.654475 0.598833 0.663081 0.560241 0.66222
2 0.470444 0.626506 0.47948 0.626076 0.479669 0.630809 0.500941 0.631454 0.500377 0.63963 0.470068 0.637478
2 0.395331 0.619836 0.406062 0.619621 0.40625 0.62457 0.432982 0.626506 0.433735 0.635972 0.394767 0.632745
2 0.330949 0.618761 0.341491 0.618546 0.341679 0.623709 0.368599 0.62543 0.369164 0.634897 0.330761 0.63253
2 0.786333 0.636403 0.805158 0.635542 0.805723 0.639845 0.786521 0.640921 0.784639 0.641781 0.778803 0.641997 0.777673 0.636188 0.783697 0.636403
4 0.701619 0.638554 0.744352 0.636618 0.74887 0.671687 0.704819 0.672978
1 0.909639 0.480422 0.92997 0.480207 0.93317 0.492255 0.912839 0.492255
2 0.629142 0.509036 0.645143 0.509251 0.645143 0.513554 0.62933 0.513769
2 0.672063 0.917814 0.692018 0.916954 0.693336 0.923623 0.674134 0.924053
2 0.243411 0.905551 0.26073 0.906411 0.259977 0.912436 0.243035 0.91136
2 0.200489 0.899527 0.217432 0.900602 0.216679 0.906842 0.200489 0.907057
2 0.157003 0.892857 0.17564 0.893287 0.174699 0.901248 0.157191 0.898881
