0 0.10601 0.310897 0.089663 0.35641 0.152644 0.365385 0.166827 0.317949
0 0.339183 0.384295 0.336058 0.425641 0.36226 0.428526 0.398077 0.442308 0.396635 0.419872 0.397837 0.403846 0.393269 0.399038 0.381731 0.392308 0.374519 0.388782 0.346154 0.383974
1 0.924279 0.822115 0.929087 0.840705 0.951442 0.840064 0.946635 0.823397
1 0.974038 0.85609 0.979808 0.875962 0.999519 0.87468 0.999279 0.866026 0.99976 0.859615 0.998798 0.856731
1 0.794952 0.848077 0.798558 0.865385 0.822836 0.865064 0.824279 0.863782 0.821154 0.846795
1 0.827404 0.845833 0.829567 0.863141 0.855529 0.863782 0.856731 0.863462 0.854567 0.847115 0.852885 0.845833 0.831971 0.845513
1 0.785337 0.785577 0.7875 0.802244 0.812981 0.803205 0.810577 0.786538
1 0.816827 0.781731 0.81875 0.797756 0.845673 0.799359 0.843269 0.782051
1 0.754327 0.844551 0.756731 0.8625 0.782933 0.863782 0.781731 0.85 0.780288 0.845513 0.75601 0.844231
1 0.721154 0.83782 0.722596 0.854808 0.748798 0.858013 0.747596 0.840064 0.723798 0.83718
1 0.691106 0.836859 0.693269 0.854487 0.719952 0.855449 0.717308 0.8375
1 0.658654 0.836859 0.660096 0.854487 0.687019 0.854808 0.684615 0.836538 0.660096 0.836218
1 0.683894 0.778846 0.685096 0.796154 0.710096 0.797436 0.710817 0.794551 0.709375 0.780128
1 0.679327 0.775641 0.680769 0.792308 0.679327 0.792949 0.65625 0.795192 0.653846 0.777564
1 0.55024 0.777244 0.550721 0.792628 0.576442 0.794551 0.576442 0.778205 0.552164 0.776282
1 0.541106 0.827564 0.540865 0.845833 0.568029 0.845833 0.56851 0.829167 0.566106 0.828205
1 0.491346 0.828526 0.491106 0.845833 0.518029 0.847756 0.518269 0.829167
1 0.452404 0.827885 0.451683 0.845513 0.478846 0.846154 0.479327 0.830769 0.478125 0.828526
1 0.351683 0.829808 0.34976 0.847436 0.377644 0.845833 0.377404 0.832692 0.375721 0.828846
1 0.217788 0.796474 0.216106 0.813782 0.240865 0.81218 0.242788 0.809615 0.244952 0.79391
1 0.314663 0.582692 0.3125 0.596154 0.334856 0.59968 0.338221 0.585256
1 0.264663 0.600641 0.262981 0.614423 0.287019 0.615385 0.28774 0.601923
1 0.20625 0.602564 0.202885 0.616026 0.226202 0.618269 0.228846 0.604487
1 0.13149 0.817308 0.126923 0.833333 0.153846 0.83718 0.157452 0.823718 0.157452 0.819872 0.133173 0.816987
1 0.165625 0.827885 0.161538 0.846154 0.190625 0.846474 0.19399 0.827564
1 0.490385 0.596474 0.490385 0.609936 0.514423 0.608013 0.513702 0.594872 0.491106 0.595513
1 0.54375 0.600962 0.542067 0.615064 0.566346 0.619872 0.567548 0.605128
1 0.658173 0.596474 0.659375 0.610256 0.681971 0.612179 0.681971 0.60032 0.680769 0.598397 0.658654 0.596154
1 0.714423 0.614103 0.717788 0.628205 0.737981 0.626603 0.739664 0.622115 0.736058 0.611538
1 0.048798 0.710256 0.04351 0.725962 0.06851 0.729167 0.071394 0.71859 0.070913 0.71282
1 0.030048 0.807051 0.026442 0.825 0.053846 0.821154 0.054567 0.81859 0.05601 0.802564
1 0.074519 0.59359 0.069952 0.608974 0.09399 0.610256 0.097837 0.595192
1 0.021154 0.59359 0.016827 0.607692 0.040625 0.608333 0.04399 0.598397 0.04351 0.59391
