2 0.624624 0.013554 0.653614 0.013554 0.653614 0.018933 0.625 0.018718
2 0.530309 0.020654 0.530309 0.026033 0.555158 0.024957 0.555346 0.019578
1 0.478351 0.026248 0.47948 0.035069 0.503012 0.032057 0.500565 0.023451
2 0.514496 0.907057 0.512236 0.916523 0.551017 0.916093 0.550452 0.907057
2 0.351468 0.894363 0.389119 0.895439 0.388178 0.904475 0.350904 0.903184
1 0.497929 0.876936 0.529744 0.87457 0.535203 0.899527 0.499812 0.901033
2 0.53878 0.829604 0.543486 0.829604 0.545746 0.849182 0.540851 0.848752
2 0.670369 0.780336 0.684111 0.795826 0.68317 0.801205 0.668486 0.78679
1 0.167733 0.877797 0.160203 0.888124 0.181288 0.890275 0.189383 0.881454
2 0.298381 0.907272 0.296875 0.913511 0.326619 0.916308 0.328878 0.908778
2 0.805346 0.858434 0.830761 0.854131 0.831137 0.862522 0.805911 0.864673
2 0.802334 0.783778 0.827184 0.781411 0.827748 0.790017 0.802711 0.790878
2 0.602974 0.734725 0.618788 0.732788 0.619164 0.737952 0.603539 0.738597
2 0.514684 0.739028 0.514872 0.743115 0.532003 0.7429 0.532191 0.738812
2 0.415098 0.756239 0.415663 0.761833 0.435053 0.762478 0.435241 0.756239
