1 0.466867 0.648236 0.465926 0.688468 0.534827 0.690404 0.535956 0.687177 0.536145 0.653614 0.533509 0.647806 0.46875 0.64673
1 0.468185 0.545826 0.467997 0.58111 0.531626 0.581971 0.531815 0.58025 0.531626 0.547978 0.530309 0.545611
1 0.692018 0.622633 0.696536 0.658133 0.761672 0.656196 0.762613 0.653184 0.758471 0.622418 0.755271 0.617255 0.693901 0.618976
1 0.857492 0.532917 0.865964 0.567556 0.927334 0.565835 0.928464 0.563038 0.920557 0.533778 0.91811 0.53012 0.859375 0.531626
1 0.920557 0.608864 0.922063 0.623279 0.924887 0.645654 0.928652 0.647806 0.988328 0.651893 0.990399 0.650602 0.989458 0.641781 0.984187 0.614888 0.981363 0.612737
1 0.924511 0.325516 0.931476 0.351334 0.986822 0.354776 0.985128 0.341652 0.979104 0.327883 0.927146 0.324656
1 0.916792 0.283563 0.927899 0.306583 0.976845 0.306583 0.978727 0.303571 0.972703 0.289157 0.968185 0.291523 0.926958 0.291093 0.923758 0.281842 0.919051 0.281626
1 0.753953 0.229776 0.758283 0.247633 0.761107 0.249139 0.765625 0.249355 0.805911 0.246127 0.807229 0.243546 0.802146 0.228916 0.799511 0.226764 0.759789 0.229131
2 0.383848 0.342728 0.382154 0.363167 0.46555 0.358864 0.466867 0.338425 0.386672 0.342298
2 0.232681 0.317771 0.228539 0.336919 0.314006 0.330895 0.314194 0.310886
2 0.667169 0.233864 0.669051 0.251291 0.756401 0.241394 0.75433 0.233003 0.752447 0.22741 0.682982 0.232358
1 0.287462 0.396084 0.284074 0.421687 0.333961 0.418029 0.335843 0.415232 0.338291 0.394578 0.336973 0.391351 0.288968 0.395654
2 0.54631 0.606713 0.54744 0.6392 0.692018 0.629948 0.691642 0.622633 0.693712 0.617685 0.692583 0.604346
2 0.77259 0.601764 0.775979 0.633176 0.921498 0.627152 0.919051 0.598107
