1 0.346197 0.769363 0.350904 0.792169 0.392319 0.774096 0.387048 0.75043
2 0.484375 0.700086 0.48381 0.709337 0.518637 0.711489 0.519955 0.703098
1 0.489834 0.811532 0.488893 0.839286 0.531062 0.837349 0.530874 0.811532
2 0.728727 0.792814 0.729669 0.797332 0.732869 0.805293 0.733057 0.809165 0.786145 0.807659 0.785768 0.792169
2 0.78991 0.795396 0.792357 0.80809 0.825489 0.806153 0.82436 0.795826
1 0.73927 0.758606 0.740964 0.781411 0.774473 0.780336 0.773343 0.759682
1 0.803276 0.75043 0.805346 0.773666 0.83942 0.77259 0.836408 0.750861
1 0.745105 0.821429 0.748117 0.848107 0.784639 0.845525 0.783509 0.818847
1 0.795181 0.833477 0.798193 0.857358 0.826242 0.8537 0.823042 0.831325
2 0.786521 0.704819 0.787462 0.717083 0.833584 0.718158 0.832455 0.707186
2 0.714044 0.702022 0.71442 0.717943 0.764307 0.720955 0.765248 0.705034
