4 0.538404 0.69148 0.555723 0.692556 0.555535 0.708477 0.537839 0.707186
4 0.867093 0.24204 0.889872 0.244406 0.899849 0.295396 0.875753 0.291308
4 0.906062 0.244836 0.929217 0.247418 0.941265 0.295181 0.915663 0.294105
4 0.946913 0.246773 0.968185 0.25 0.984187 0.302496 0.956702 0.298838 0.946536 0.24957
2 0.474962 0.401463 0.498494 0.401033 0.498306 0.410284 0.474021 0.409208
2 0.439006 0.414157 0.465738 0.413726 0.465738 0.421902 0.43863 0.422332
2 0.47628 0.384682 0.499435 0.383821 0.499247 0.38963 0.475904 0.389845
2 0.541604 0.424484 0.563065 0.422978 0.56363 0.427496 0.541227 0.429432
1 0.573607 0.427496 0.589232 0.427065 0.589608 0.435456 0.573983 0.435671
2 0.568148 0.407487 0.591114 0.407917 0.591303 0.412866 0.567959 0.41222
2 0.571724 0.38963 0.586785 0.388769 0.587726 0.398451 0.570783 0.399096
2 0.639307 0.407057 0.662462 0.407057 0.663404 0.41136 0.639496 0.41179 0.638931 0.407272
4 0.503953 0.56562 0.519767 0.564544 0.521273 0.575947 0.503765 0.575301
4 0.547063 0.52969 0.561935 0.530336 0.5625 0.543029 0.546687 0.542814
4 0.541416 0.56691 0.556664 0.567556 0.557794 0.576162 0.541039 0.575732
4 0.578313 0.56562 0.596009 0.564759 0.596386 0.576807 0.579254 0.576592
