0 0.0657 0.269148 0.09262 0.265275 0.125188 0.261833 0.115211 0.291954 0.108245 0.315835 0.046122 0.320138 0.052334 0.304862 0.060053 0.28679
1 0.013742 0.473967 0.032191 0.471816 0.032756 0.47827 0.030685 0.486446 0.009224 0.487952 0.010542 0.482573
1 0.361446 0.436317 0.390813 0.431368 0.390248 0.447289 0.360881 0.452238
1 0.403426 0.432229 0.433923 0.429217 0.434864 0.445783 0.403991 0.448365
2 0.357492 0.453313 0.357116 0.458907 0.386672 0.455465 0.386483 0.448795
2 0.400602 0.448795 0.432229 0.446859 0.432229 0.453098 0.401732 0.45525
1 0.164721 0.449226 0.180911 0.446644 0.181664 0.451377 0.178652 0.461919 0.160956 0.46321
2 0.628389 0.435456 0.658509 0.433305 0.659827 0.440189 0.711032 0.434165 0.713667 0.44815 0.661145 0.449656 0.662086 0.455895 0.631212 0.458262
2 0.753953 0.425129 0.784074 0.423623 0.786333 0.431368 0.835843 0.427496 0.837538 0.442341 0.788592 0.443417 0.788404 0.447719 0.75866 0.448795
1 0.76619 0.35327 0.79744 0.349828 0.80064 0.365103 0.769955 0.367685
2 0.356551 0.620267 0.37387 0.620267 0.372741 0.646515 0.437312 0.643933 0.439194 0.657057 0.355422 0.657272
2 0.463667 0.618546 0.480986 0.618546 0.479857 0.644578 0.550075 0.641781 0.553276 0.655981 0.462161 0.656196
2 0.576431 0.612737 0.59375 0.612737 0.596762 0.636403 0.670934 0.635972 0.670934 0.649957 0.577372 0.651033
2 0.691453 0.610585 0.710843 0.609079 0.71442 0.635972 0.786709 0.632745 0.788404 0.645439 0.697666 0.649096
2 0.806099 0.600473 0.825489 0.598967 0.830196 0.625215 0.900602 0.621558 0.90305 0.635327 0.812312 0.638984
1 0.917545 0.857573 0.958961 0.849398 0.966491 0.876291 0.925264 0.884036
1 0.052523 0.84531 0.084526 0.846386 0.080949 0.869191 0.048758 0.8679
1 0.174511 0.864028 0.208961 0.863812 0.207643 0.888984 0.170745 0.886618
1 0.246235 0.862091 0.279367 0.86747 0.275602 0.893072 0.241905 0.886618
1 0.312876 0.872633 0.349021 0.875215 0.347139 0.899957 0.309676 0.896945
1 0.384601 0.881454 0.421687 0.879303 0.420934 0.906626 0.382907 0.906842
1 0.909262 0.363597 0.939383 0.363167 0.944654 0.379733 0.914721 0.380164
1 0.958396 0.357143 0.986446 0.358219 0.99247 0.372633 0.961973 0.370267
