1 0.128953 0.013769 0.133283 0.040017 0.168863 0.035069 0.168675 0.024312 0.165663 0.008606
1 0.054593 0.289802 0.058735 0.30938 0.089044 0.305938 0.084526 0.285929
1 0.150602 0.294535 0.150979 0.301205 0.150414 0.314544 0.178652 0.325947 0.182417 0.324441 0.183923 0.307229
1 0.248682 0.320568 0.252447 0.340577 0.283886 0.337349 0.280874 0.317771 0.279556 0.31691
1 0.263366 0.377582 0.266754 0.39673 0.297628 0.393933 0.294616 0.376936 0.291604 0.375
1 0.792733 0.266351 0.788968 0.287866 0.821724 0.289802 0.825678 0.268287
1 0.278614 0.547762 0.262425 0.564759 0.278991 0.565835 0.295181 0.549053
1 0.36427 0.57358 0.357681 0.583046 0.385354 0.584768 0.389119 0.574871
1 0.725527 0.581971 0.724021 0.597461 0.75 0.599613 0.751883 0.584122
1 0.755459 0.76463 0.752071 0.774957 0.776355 0.775172 0.778991 0.765706
1 0.794239 0.738812 0.792922 0.743115 0.798381 0.751291 0.822477 0.748279 0.815136 0.738597 0.814383 0.737737 0.810617 0.736446
1 0.542922 0.816265 0.542169 0.829389 0.563065 0.829819 0.562876 0.818632
1 0.327372 0.853916 0.328313 0.857358 0.328502 0.861876 0.34808 0.865318 0.34808 0.858434 0.343562 0.855207
