1 0.478365 0.566987 0.478846 0.579167 0.500962 0.576282 0.5 0.563782
1 0.285096 0.480128 0.285577 0.491346 0.308894 0.488782 0.307933 0.476923
1 0.790865 0.503526 0.795673 0.514744 0.814904 0.5125 0.809856 0.501923
1 0.450962 0.711218 0.472356 0.711218 0.471875 0.725641 0.448317 0.725 0.449279 0.710897
1 0.47476 0.719231 0.496875 0.713462 0.499038 0.726923 0.494952 0.730449 0.476202 0.734295
1 0.888462 0.672756 0.902885 0.669872 0.908414 0.682051 0.89351 0.686218 0.88774 0.673077
1 0.914183 0.680449 0.934856 0.675641 0.938942 0.690064 0.919952 0.694551 0.914663 0.680769
1 0.971875 0.673718 0.990865 0.674679 0.995673 0.689423 0.975962 0.688462
1 0.982212 0.711218 0.999519 0.708974 1.0 0.723397 0.986779 0.725641
2 0.9375 0.808013 0.975481 0.805128 0.977885 0.815705 0.939664 0.817949
2 0.958894 0.868269 0.998317 0.866667 1.0 0.876923 0.961538 0.879167
