0 0.075866 0.302711 0.056664 0.343804 0.069842 0.343589 0.102598 0.348752 0.124435 0.308735
0 0.302523 0.291093 0.294239 0.31562 0.286709 0.334983 0.325678 0.336489 0.346574 0.336919 0.354669 0.321429 0.361258 0.296902 0.303652 0.290017
0 0.362387 0.292384 0.362011 0.296687 0.357681 0.313683 0.350904 0.334768 0.394767 0.335628 0.416416 0.334768 0.418486 0.328959 0.423946 0.293244
0 0.386295 0.223537 0.402673 0.216437 0.409639 0.219449 0.42997 0.219019 0.425264 0.248064 0.413404 0.256024 0.36427 0.254303 0.368976 0.228485 0.381212 0.224182
0 0.657756 0.157917 0.685617 0.163296 0.695783 0.162866 0.710655 0.16975 0.718374 0.190835 0.717997 0.193201 0.683735 0.186747 0.662086 0.180938 0.661145 0.172117 0.658321 0.16932
0 0.663027 0.191265 0.668863 0.212995 0.677711 0.212349 0.68863 0.217298 0.710279 0.22031 0.726657 0.220525 0.71875 0.194277 0.694842 0.189114 0.666227 0.187823 0.662086 0.187392
0 0.674887 0.215146 0.674887 0.227194 0.675452 0.229561 0.675452 0.234294 0.676581 0.2429 0.712726 0.248709 0.727033 0.250861 0.738328 0.250215 0.736634 0.240103 0.734375 0.226334 0.73381 0.223322 0.701996 0.22031 0.68863 0.217513 0.678087 0.214071 0.674887 0.21364
0 0.681099 0.244836 0.68317 0.248494 0.683358 0.262478 0.685617 0.275602 0.749059 0.280766 0.75 0.27926 0.745294 0.265921 0.744352 0.263124 0.743223 0.250645 0.725715 0.251506 0.694089 0.247203
0 0.685617 0.277539 0.6907 0.310886 0.756401 0.313253 0.752824 0.291523 0.749059 0.281196 0.72628 0.279475 0.697289 0.277324 0.685806 0.275818
0 0.19936 0.596601 0.187124 0.663511 0.257907 0.66846 0.267884 0.599828
0 0.441077 0.608003 0.439194 0.671256 0.524849 0.672117 0.523155 0.611016 0.505648 0.59617 0.465361 0.59617
0 0.751318 0.611661 0.761295 0.690404 0.847327 0.687608 0.834902 0.622203 0.837914 0.613812 0.8157 0.611016 0.791416 0.610585
