4 0.33509 0.740964 0.338855 0.815404 0.372929 0.810886 0.367658 0.736661
4 0.259413 0.959768 0.257718 0.999785 0.287651 1.0 0.289157 0.959768
4 0.036333 0.949441 0.033886 0.99957 0.063065 0.999355 0.063065 0.948365
4 0.073795 0.958692 0.072666 0.999355 0.100715 0.999355 0.100151 0.959122
4 0.131589 0.732143 0.125188 0.801205 0.154744 0.799914 0.157756 0.732143
4 0.650414 0.955034 0.655497 0.99957 0.685806 0.999785 0.679593 0.951807
4 0.714608 0.959768 0.719126 0.99957 0.747741 0.999785 0.742093 0.95568
0 0.563818 0.0 0.563818 0.004733 0.584526 0.006454 0.590738 0.005594 0.61427 0.003442 0.613328 0.0
0 0.323983 0.042384 0.317395 0.071644 0.341114 0.074225 0.377071 0.072935 0.380836 0.046041
0 0.117658 0.050129 0.106363 0.070568 0.096197 0.100258 0.04631 0.104561 0.05817 0.081325 0.064383 0.06691 0.070218 0.058735 0.072289 0.055293 0.089044 0.051635 0.095068 0.050129 0.097327 0.050344 0.101468 0.048408 0.104669 0.047978 0.110316 0.049269 0.115399 0.049053 0.117093 0.048623
