0 0.254895 0.16136 0.254895 0.22031 0.278614 0.218158 0.299511 0.214071 0.329631 0.211489 0.329443 0.157272 0.278991 0.160069
0 0.257154 0.121988 0.292545 0.116824 0.328125 0.111876 0.328313 0.156196 0.254142 0.160714 0.256589 0.151463
0 0.260542 0.069277 0.295934 0.075086 0.328125 0.074871 0.326242 0.111446 0.296875 0.114243 0.252824 0.115964 0.257342 0.089501
0 0.620105 0.091007 0.688065 0.091007 0.69183 0.108649 0.693524 0.119191 0.69936 0.143933 0.659074 0.143933 0.629895 0.143072 0.62613 0.12457 0.622929 0.118761 0.623117 0.110155
2 0.642508 0.079604 0.676205 0.079174 0.67677 0.085198 0.643449 0.083907
2 0.479669 0.081325 0.516943 0.079389 0.516943 0.085843 0.479669 0.086704
0 0.908133 0.066695 0.960279 0.068632 0.971009 0.098107 0.974962 0.10994 0.97195 0.115749 0.925828 0.113382
0 0.846009 0.059165 0.901732 0.06605 0.908133 0.081325 0.910768 0.093158 0.918298 0.111661 0.880836 0.108219 0.861446 0.106497
0 0.867282 0.11037 0.925452 0.115318 0.930535 0.1392 0.942771 0.163296 0.921687 0.160284 0.897214 0.157057 0.887236 0.158563 0.879895 0.153399 0.874059 0.141781 0.874624 0.132315 0.871235 0.119191 0.867846 0.111661
0 0.935617 0.11704 0.986258 0.122203 0.989458 0.139415 0.994352 0.15426 0.999812 0.166093 0.999059 0.169105 0.977033 0.169105 0.951996 0.166308 0.946348 0.153184 0.939006 0.133176
1 0.069465 0.593804 0.088667 0.572074 0.095068 0.584983 0.076054 0.606282
1 0.20256 0.569062 0.229292 0.569062 0.227598 0.585628 0.201242 0.586058
2 0.193901 0.539372 0.194842 0.546041 0.21762 0.543029 0.217056 0.535929
1 0.195595 0.455034 0.218562 0.450086 0.222139 0.451807 0.221762 0.464931 0.19616 0.469664
1 0.274661 0.560886 0.290851 0.562608 0.295746 0.563253 0.294428 0.579389 0.267696 0.575947 0.269578 0.56691
4 0.31137 0.451807 0.312312 0.468374 0.357869 0.464501 0.357116 0.447935
1 0.435994 0.430723 0.464232 0.429432 0.465738 0.443632 0.436935 0.446429
2 0.433923 0.44815 0.435617 0.454389 0.469503 0.449656 0.467056 0.443417 0.450489 0.445783
1 0.440512 0.500861 0.470256 0.497203 0.471386 0.504948 0.471574 0.513984 0.44183 0.516997
2 0.438253 0.519148 0.440512 0.527324 0.475339 0.521945 0.474774 0.514415
1 0.395143 0.544535 0.423569 0.554862 0.419428 0.570998 0.390437 0.562608
1 0.499812 0.501506 0.526732 0.495697 0.529932 0.496773 0.53238 0.511403 0.503389 0.517857
1 0.487952 0.407272 0.513931 0.408563 0.516378 0.413081 0.515625 0.424484 0.487575 0.422762
1 0.57869 0.483864 0.608622 0.478701 0.610504 0.496127 0.581514 0.500215
4 0.783509 0.451162 0.829819 0.442986 0.831514 0.451162 0.83622 0.480637 0.791039 0.486661
4 0.752071 0.366609 0.795746 0.358649 0.80384 0.38963 0.75753 0.398666
