1 0.125377 0.369406 0.122741 0.384466 0.129895 0.385112 0.142131 0.383606 0.154556 0.381885 0.15625 0.366394 0.142508 0.368115 0.131777 0.368976
1 0.103163 0.43438 0.095256 0.452453 0.102786 0.454604 0.113705 0.455465 0.128012 0.45611 0.134601 0.437823 0.125941 0.436532 0.112764 0.435671
1 0.160956 0.437823 0.156062 0.452883 0.154556 0.45611 0.194465 0.45611 0.197101 0.435241 0.176205 0.436102
1 0.230233 0.433735 0.226657 0.451377 0.264307 0.451592 0.265248 0.431583
1 0.291039 0.422762 0.286333 0.444492 0.326996 0.444062 0.329254 0.422117
3 0.379142 0.376721 0.376318 0.396945 0.41811 0.395009 0.464797 0.395224 0.465361 0.371127 0.420369 0.373924
3 0.520143 0.396084 0.518825 0.412435 0.576807 0.420396 0.57756 0.402969 0.543675 0.399527
1 0.182794 0.36833 0.177711 0.383821 0.211973 0.383821 0.215361 0.36747 0.192206 0.36747
1 0.241717 0.36037 0.237387 0.377151 0.275226 0.376936 0.277861 0.36037 0.255648 0.36037
1 0.31683 0.317341 0.313818 0.33154 0.350151 0.331971 0.352033 0.317556 0.329819 0.317556
1 0.63253 0.162651 0.636483 0.173838 0.664157 0.174699 0.661333 0.163081 0.645896 0.163081
1 0.732492 0.149742 0.736634 0.159423 0.746235 0.160929 0.756589 0.160929 0.764684 0.161145 0.765625 0.160714 0.76073 0.150818 0.753953 0.150818 0.741529 0.150387
1 0.769578 0.222676 0.773343 0.236661 0.802899 0.239458 0.799887 0.22827 0.798193 0.223752
1 0.944465 0.434165 0.950866 0.452453 0.980422 0.453744 0.978163 0.445568 0.971386 0.436317 0.945407 0.434811
1 0.933547 0.39673 0.93863 0.416093 0.966867 0.41222 0.964985 0.40383 0.960843 0.40469 0.955949 0.396515
1 0.962538 0.360155 0.96875 0.366824 0.972139 0.373279 0.97741 0.375 0.993035 0.373924 0.998682 0.373709 0.994729 0.365534 0.990023 0.3608 0.988893 0.358864 0.976845 0.359725 0.96762 0.359725
