1 0.007342 0.450947 0.00433 0.457831 0.003577 0.467513 0.024661 0.466652 0.026544 0.462349 0.028614 0.45654 0.028614 0.450732
1 0.038592 0.582831 0.033697 0.600258 0.056476 0.60327 0.060241 0.584983
1 0.120482 0.599613 0.119164 0.620267 0.149285 0.616394 0.150979 0.595955
1 0.286709 0.594234 0.282003 0.616824 0.315512 0.623064 0.317959 0.616824 0.320595 0.601119
2 0.387236 0.302281 0.384977 0.324871 0.408133 0.324656 0.409827 0.317771 0.457831 0.317126 0.458396 0.306799 0.410768 0.306368 0.410768 0.302711
2 0.378953 0.386188 0.376883 0.402324 0.374059 0.420396 0.409074 0.421256 0.410956 0.408563 0.44616 0.408993 0.445971 0.399957 0.412086 0.398236 0.412839 0.387048
2 0.358998 0.49333 0.354669 0.538081 0.395143 0.538726 0.397779 0.523666 0.440512 0.523021 0.440512 0.509897 0.398155 0.508176 0.399285 0.495482
2 0.345821 0.628657 0.343562 0.66222 0.380271 0.663511 0.380648 0.655981 0.460279 0.657272 0.459337 0.642212 0.381212 0.638769 0.381401 0.631885
1 0.733622 0.296902 0.733057 0.315189 0.752824 0.318632 0.765248 0.322504 0.764307 0.313898 0.76506 0.305508
2 0.637236 0.256454 0.639496 0.281196 0.669804 0.27883 0.669239 0.270224 0.702937 0.266997 0.70256 0.254733
1 0.66811 0.383821 0.674322 0.420181 0.6907 0.41889 0.692395 0.417384 0.685617 0.38296
2 0.593185 0.453098 0.593938 0.472892 0.612011 0.472246 0.612011 0.467083 0.655685 0.466652 0.654932 0.45611 0.611634 0.45611 0.611634 0.453098
2 0.867093 0.242255 0.874624 0.261188 0.898155 0.260112 0.898155 0.257745 0.953878 0.255164 0.950113 0.244621 0.892319 0.246558 0.889307 0.241824
1 0.886483 0.44105 0.89119 0.459122 0.923381 0.462134 0.919428 0.443632
2 0.806476 0.444277 0.810617 0.46321 0.828125 0.463425 0.827748 0.458046 0.865211 0.458046 0.863517 0.449441 0.82436 0.447935 0.822477 0.443847
1 0.939759 0.616179 0.943901 0.638984 0.97948 0.638984 0.975715 0.617685
2 0.846762 0.637694 0.85128 0.663296 0.871611 0.66222 0.871235 0.656626 0.913404 0.655336 0.911898 0.642427 0.868976 0.643718 0.86634 0.636833
2 0.587538 0.646084 0.589044 0.66975 0.60994 0.668675 0.61427 0.665017 0.658133 0.663296 0.657756 0.650818 0.611822 0.652108 0.609375 0.645224
1 0.796498 0.802281 0.798193 0.828313 0.83942 0.826162 0.837538 0.800129
