0 0.089232 0.194707 0.137236 0.18395 0.125377 0.228916 0.076807 0.236015
0 0.234563 0.145869 0.295369 0.140921 0.286333 0.188468 0.224209 0.192556
0 0.516002 0.11704 0.587161 0.1108 0.588102 0.161145 0.514119 0.167599
0 0.662651 0.084122 0.738328 0.07315 0.749812 0.122418 0.667922 0.136833 0.661145 0.083262
0 0.667733 0.138124 0.749059 0.124139 0.758095 0.181368 0.674511 0.192126
0 0.850715 0.090792 0.928276 0.084337 0.944654 0.137694 0.864081 0.142427 0.849962 0.092298
1 0.222139 0.351334 0.241905 0.355207 0.23814 0.36833 0.217056 0.364673
1 0.457078 0.327453 0.483998 0.326162 0.483998 0.340361 0.456702 0.341437
1 0.433735 0.399312 0.457831 0.395009 0.46122 0.399096 0.462538 0.408778 0.435053 0.414372
1 0.393449 0.495912 0.42131 0.495482 0.422063 0.511188 0.393449 0.512478
1 0.334902 0.533133 0.361634 0.540878 0.358434 0.556583 0.331702 0.548408
1 0.389684 0.570568 0.417733 0.573365 0.417169 0.590577 0.389307 0.588855 0.388366 0.588425
1 0.55817 0.396299 0.586408 0.390491 0.590361 0.405981 0.560429 0.412005
1 0.553276 0.323365 0.579443 0.318417 0.583208 0.331971 0.555535 0.337565
1 0.574172 0.493976 0.604857 0.495052 0.605798 0.512694 0.574172 0.511618
1 0.566077 0.533133 0.597139 0.534208 0.597703 0.551635 0.597703 0.552711 0.565889 0.55142
1 0.652108 0.313468 0.680535 0.311962 0.683358 0.327022 0.653803 0.327883
1 0.625 0.416738 0.654556 0.415663 0.656438 0.432659 0.625 0.434165 0.624059 0.416954
1 0.694654 0.451807 0.726092 0.453959 0.72741 0.471816 0.695407 0.469234
1 0.665851 0.525602 0.69616 0.519578 0.701807 0.537436 0.669428 0.54475
1 0.812688 0.452453 0.842809 0.451592 0.845821 0.468804 0.8157 0.470525
1 0.845633 0.579604 0.876883 0.579389 0.870105 0.589501 0.837538 0.589071
