4 0.639684 0.616824 0.684111 0.618546 0.687312 0.652324 0.643261 0.648881
4 0.64872 0.667169 0.692395 0.667169 0.697854 0.701807 0.652108 0.700086
4 0.710655 0.618976 0.752447 0.619836 0.756212 0.652324 0.714608 0.651033
4 0.718374 0.666093 0.762613 0.666738 0.766002 0.700086 0.72308 0.700947
4 0.80177 0.72117 0.846009 0.721601 0.852974 0.758821 0.806476 0.756024
2 0.57436 0.6463 0.614834 0.641781 0.615587 0.652754 0.574736 0.657057
2 0.505648 0.670396 0.547816 0.674699 0.546687 0.686962 0.504706 0.682659
2 0.518637 0.624785 0.559488 0.627367 0.559488 0.638769 0.518637 0.635757
2 0.447289 0.780336 0.487575 0.775818 0.487764 0.787005 0.447101 0.791738
2 0.443712 0.824226 0.486634 0.822289 0.486634 0.835413 0.443712 0.837349
2 0.16811 0.795181 0.205008 0.796902 0.204443 0.808305 0.167357 0.806153
2 0.176958 0.665663 0.208396 0.665663 0.208961 0.677281 0.175828 0.677065
2 0.172252 0.706325 0.20689 0.706971 0.205949 0.716652 0.17131 0.717298
2 0.172816 0.751076 0.207267 0.751291 0.206325 0.760972 0.172063 0.761188
2 0.124623 0.815835 0.145143 0.81605 0.144767 0.822719 0.12387 0.822074
2 0.008095 0.751291 0.034639 0.756454 0.03238 0.768287 0.007342 0.761403
2 0.03991 0.767212 0.057982 0.770009 0.057417 0.777108 0.038968 0.774096
2 0.128389 0.791308 0.150038 0.790878 0.149473 0.797978 0.128012 0.797978
2 0.129895 0.767427 0.148155 0.766351 0.148532 0.772806 0.129895 0.773881
2 0.443336 0.745267 0.468562 0.742685 0.468562 0.748709 0.443336 0.751291
2 0.391566 0.703313 0.412462 0.704819 0.413215 0.709768 0.391378 0.708262
3 0.372929 0.819062 0.432794 0.815835 0.434111 0.831756 0.371047 0.834337
3 0.812124 0.773451 0.892696 0.77259 0.896084 0.804432 0.809864 0.800774
3 0.819842 0.638339 0.901544 0.627367 0.903614 0.653614 0.823042 0.656842
3 0.925075 0.646515 0.961973 0.647806 0.965361 0.660284 0.928464 0.658993
