1 0.430911 0.227625 0.454443 0.224613 0.454066 0.233434 0.430911 0.237091
1 0.429782 0.195568 0.453313 0.192771 0.452748 0.201592 0.429782 0.20525
2 0.435994 0.208477 0.455196 0.207401 0.455384 0.210413 0.435994 0.211489
2 0.436182 0.241394 0.45689 0.239888 0.456514 0.243546 0.43637 0.244406
2 0.437124 0.275387 0.458773 0.273451 0.458773 0.277754 0.4375 0.279475
1 0.433923 0.257315 0.458208 0.256239 0.457267 0.262909 0.452937 0.266566 0.432982 0.266351
1 0.424322 0.298193 0.44936 0.290663 0.452184 0.300774 0.450489 0.302496 0.426958 0.30938
2 0.431664 0.310671 0.454819 0.309596 0.455196 0.314114 0.432041 0.314974
1 0.762989 0.366824 0.764684 0.381239 0.794428 0.385327 0.79198 0.370912
1 0.834337 0.447719 0.862199 0.444492 0.868223 0.460628 0.840173 0.463425
1 0.848456 0.501291 0.879706 0.501076 0.883848 0.518933 0.852598 0.518718
2 0.798946 0.549699 0.831702 0.549053 0.833961 0.555508 0.800075 0.557014
2 0.738893 0.458692 0.771649 0.457186 0.772214 0.466222 0.740587 0.464931
2 0.78238 0.401248 0.803652 0.400602 0.804593 0.405766 0.783509 0.405551
2 0.696724 0.475043 0.727033 0.475258 0.727974 0.480852 0.69823 0.480852
2 0.706702 0.549914 0.740587 0.549484 0.74134 0.557444 0.708961 0.558305
1 0.559864 0.438253 0.589232 0.438898 0.59055 0.453528 0.559111 0.454819
1 0.380271 0.372849 0.408509 0.372849 0.406626 0.387909 0.377636 0.386403
1 0.218374 0.508176 0.245105 0.509897 0.242658 0.527969 0.213479 0.525818
1 0.233434 0.455895 0.258471 0.460198 0.255083 0.476549 0.226845 0.471816
1 0.166416 0.458907 0.192206 0.461704 0.188441 0.476334 0.160768 0.473752
1 0.183358 0.406196 0.207643 0.404475 0.204819 0.420611 0.178087 0.421041
1 0.093562 0.460843 0.116717 0.461274 0.113705 0.475043 0.089044 0.474613
1 0.112575 0.417814 0.136295 0.414802 0.134977 0.428571 0.109752 0.432229
2 0.164533 0.484294 0.188818 0.4858 0.188441 0.49204 0.16378 0.491179
2 0.113705 0.435456 0.134224 0.435671 0.133471 0.440189 0.11314 0.439544
2 0.315512 0.47074 0.325866 0.471601 0.316642 0.517427 0.308547 0.517857
2 0.391002 0.474828 0.399849 0.474828 0.39439 0.520009 0.384601 0.520439
2 0.892884 0.400602 0.917169 0.401033 0.917545 0.407057 0.893449 0.406196
2 0.628012 0.710628 0.657944 0.710628 0.658133 0.718158 0.629895 0.717943
1 0.697854 0.635972 0.734375 0.638769 0.736258 0.659639 0.699736 0.659208
2 0.778803 0.648666 0.785392 0.649312 0.792357 0.688038 0.785203 0.688683
2 0.84488 0.648236 0.850904 0.648021 0.858434 0.687608 0.851845 0.688253
2 0.794051 0.307014 0.799511 0.306153 0.805535 0.329604 0.800452 0.328528
2 0.777108 0.253012 0.78125 0.252367 0.786521 0.271084 0.782568 0.271084
2 0.30384 0.266781 0.310806 0.266566 0.303276 0.295396 0.296498 0.295396
2 0.358622 0.256454 0.380648 0.255379 0.381212 0.259251 0.358434 0.260327
2 0.345633 0.216222 0.350904 0.216437 0.346762 0.240318 0.33942 0.240103
2 0.302711 0.232573 0.324548 0.231713 0.32436 0.2358 0.302711 0.236446
2 0.275226 0.244191 0.274849 0.246773 0.295934 0.246343 0.29631 0.24333
2 0.239646 0.263554 0.259413 0.263554 0.259413 0.267212 0.239081 0.267642
