0 0.032756 0.278614 0.014495 0.313468 0.076242 0.324871 0.082831 0.317986 0.084149 0.307874 0.091867 0.28679
0 0.013554 0.313898 0.076619 0.325516 0.073042 0.336059 0.069089 0.344234 0.067018 0.349613 0.066077 0.352625 0.060617 0.365103 0.0 0.358003 0.0 0.340361
0 0.34488 0.286145 0.339985 0.319923 0.393072 0.32358 0.395143 0.292169
0 0.339797 0.320568 0.392508 0.324871 0.390625 0.355852 0.33622 0.351764
0 0.336596 0.351979 0.391378 0.356067 0.386672 0.392857 0.330384 0.385757
0 0.548569 0.358864 0.55064 0.381885 0.551581 0.385542 0.592997 0.394148 0.592432 0.38963 0.59055 0.387478 0.588102 0.368546
0 0.551958 0.386188 0.553276 0.412651 0.568524 0.416954 0.597139 0.423623 0.595821 0.418675 0.593374 0.394793
0 0.754706 0.370697 0.757718 0.384897 0.760354 0.395654 0.762989 0.398666 0.796122 0.405551 0.795369 0.401678 0.793298 0.396945 0.790851 0.390921 0.788027 0.377582
0 0.763742 0.399096 0.769955 0.430293 0.803652 0.436747 0.796122 0.406411
0 0.727598 0.391566 0.728727 0.395439 0.732869 0.422978 0.769578 0.430723 0.763178 0.398881
0 0.85448 0.401033 0.857116 0.406842 0.862952 0.421041 0.865964 0.42685 0.875753 0.427926 0.890813 0.430077 0.879518 0.402969
0 0.866152 0.427711 0.867658 0.433305 0.87067 0.441695 0.872176 0.445353 0.878012 0.45611 0.901167 0.458046 0.892319 0.430938
1 0.13686 0.527108 0.128577 0.552496 0.14006 0.553571 0.147967 0.528614
2 0.135542 0.519793 0.134789 0.526463 0.171122 0.529045 0.171875 0.52173
1 0.331137 0.534854 0.340361 0.529905 0.350715 0.546256 0.341491 0.55099
3 0.254518 0.636188 0.253577 0.647806 0.288027 0.644578 0.289157 0.634682
1 0.40512 0.531196 0.399473 0.538942 0.414157 0.55185 0.419804 0.544105
1 0.350904 0.669535 0.349209 0.682659 0.370482 0.684811 0.371611 0.680723 0.372741 0.675129 0.371235 0.671687
1 0.385354 0.684811 0.384036 0.69815 0.406626 0.698795 0.408321 0.688038 0.406815 0.685671
1 0.381212 0.717943 0.380836 0.731928 0.403991 0.730637 0.402485 0.717513
1 0.447477 0.535284 0.449548 0.54475 0.465926 0.542599 0.464044 0.533778
1 0.489834 0.586704 0.48927 0.611446 0.511107 0.611016 0.510542 0.586704
1 0.603727 0.508391 0.60561 0.516997 0.620858 0.516136 0.618976 0.508606 0.617658 0.50753
1 0.649285 0.563468 0.650038 0.572719 0.664721 0.574441 0.664345 0.568847 0.66378 0.56562
1 0.606739 0.643287 0.607492 0.649957 0.608622 0.654475 0.625753 0.652539 0.62387 0.641566
1 0.661333 0.635972 0.66378 0.6463 0.678464 0.642857 0.676017 0.63296
2 0.704066 0.524312 0.706514 0.531842 0.731363 0.532487 0.730798 0.525602
