1 0.512236 0.37543 0.511107 0.377151 0.511295 0.381454 0.512236 0.385327 0.513178 0.386618 0.533133 0.388124 0.533886 0.381239 0.532756 0.377582
1 0.494541 0.265921 0.494352 0.273451 0.514119 0.273451 0.513554 0.266566 0.512613 0.265921 0.50866 0.265706
1 0.62067 0.304647 0.621611 0.313468 0.641754 0.314974 0.641943 0.30895 0.64119 0.306368 0.6218 0.304217
1 0.727033 0.390275 0.729857 0.401248 0.749812 0.400602 0.747364 0.388984 0.728351 0.389845
1 0.878389 0.393072 0.880648 0.402539 0.898155 0.403614 0.895896 0.392642 0.882907 0.392212 0.878953 0.392427
1 0.315136 0.531411 0.3125 0.545396 0.337726 0.548408 0.34055 0.53722 0.339797 0.533563 0.316642 0.531411
2 0.290098 0.439974 0.288968 0.447504 0.329631 0.446859 0.330008 0.44062
1 0.374624 0.373064 0.373306 0.384036 0.374059 0.384682 0.396837 0.385757 0.397779 0.376291 0.396837 0.373709 0.37613 0.372633
1 0.388178 0.298408 0.38686 0.307659 0.407944 0.309165 0.40945 0.302926 0.407191 0.298838
2 0.237952 0.307444 0.236258 0.312608 0.270708 0.312392 0.27052 0.30938 0.269767 0.307874
1 0.143261 0.313683 0.141755 0.314974 0.140248 0.32401 0.157756 0.322935 0.159074 0.320353 0.160015 0.318632 0.159827 0.312823
1 0.114646 0.389415 0.112575 0.398236 0.13253 0.397375 0.135919 0.389415 0.134036 0.386188 0.116905 0.388124
3 0.817395 0.680508 0.816453 0.682229 0.813065 0.684596 0.815324 0.697935 0.865587 0.695568 0.862952 0.688683 0.862952 0.680508 0.861822 0.678571 0.819089 0.679862
3 0.798381 0.627152 0.801017 0.643933 0.842997 0.644148 0.840926 0.633821 0.841679 0.63167 0.844315 0.631454 0.844315 0.629088 0.842997 0.627582 0.83302 0.627152 0.799322 0.627152
1 0.394767 0.681799 0.394014 0.687177 0.394014 0.69148 0.402485 0.693417 0.406815 0.693847 0.409827 0.692986 0.411145 0.684811
3 0.399473 0.659423 0.399096 0.661575 0.399473 0.670181 0.434864 0.669105 0.435429 0.666523 0.434111 0.664372 0.434488 0.662005 0.4343 0.658563
