1 0.099279 0.830128 0.089663 0.880769 0.113221 0.88109 0.121635 0.829167
1 0.208413 0.776603 0.207692 0.800641 0.248077 0.796474 0.247356 0.77468
2 0.382452 0.808654 0.382692 0.814744 0.423317 0.814103 0.423798 0.808013
1 0.384135 0.742308 0.381971 0.764423 0.41875 0.769872 0.41851 0.748397
1 0.455048 0.74968 0.456731 0.770513 0.490144 0.769231 0.48774 0.748397
1 0.544231 0.795513 0.548558 0.817628 0.579567 0.816026 0.57524 0.794551
1 0.603606 0.829808 0.620673 0.871474 0.631971 0.866346 0.634615 0.86282 0.621154 0.829808 0.618269 0.826923 0.613462 0.825321
1 0.644471 0.763782 0.652404 0.804167 0.655288 0.804487 0.657692 0.803526 0.661058 0.801282 0.667308 0.79359 0.663942 0.783654 0.660096 0.763141
1 0.749279 0.705769 0.753365 0.724038 0.782212 0.724038 0.780529 0.715385 0.777404 0.70641
3 0.78101 0.766026 0.784375 0.77532 0.793029 0.771474 0.794952 0.779487 0.807933 0.776603 0.801923 0.759295 0.789904 0.7625
1 0.829567 0.760256 0.837981 0.778205 0.857452 0.774359 0.85024 0.755128
1 0.859856 0.741346 0.860337 0.757372 0.864664 0.760577 0.890385 0.770513 0.890144 0.761859 0.889423 0.752564
1 0.921394 0.772756 0.921635 0.778846 0.926442 0.791987 0.950721 0.789423 0.952163 0.788462 0.945913 0.770513
2 0.89976 0.7375 0.914904 0.772115 0.948798 0.767308 0.946635 0.759615 0.921635 0.761859 0.9125 0.735897
1 0.890865 0.690064 0.906971 0.724359 0.920673 0.71859 0.904086 0.685897 0.892308 0.689423
1 0.524038 0.694231 0.526683 0.713462 0.554087 0.714103 0.55625 0.711218 0.552885 0.694872
1 0.433413 0.841026 0.432452 0.842949 0.435096 0.873077 0.433894 0.878846 0.433894 0.885577 0.452885 0.884295 0.450721 0.848077 0.449279 0.841026
1 0.191587 0.700321 0.19375 0.713141 0.202644 0.740705 0.221154 0.732372 0.208413 0.694231
1 0.133894 0.755128 0.121635 0.798397 0.100481 0.794231 0.113942 0.75032 0.127404 0.751282
1 0.796875 0.565705 0.801202 0.579808 0.82524 0.582372 0.821394 0.567628
1 0.759856 0.555769 0.766827 0.570513 0.788702 0.564744 0.781731 0.551603
1 0.690625 0.546154 0.696635 0.559615 0.720433 0.559615 0.715144 0.544231 0.692067 0.544872
1 0.634856 0.546795 0.642548 0.563141 0.6625 0.560577 0.660577 0.553205 0.654808 0.544872
1 0.554567 0.529487 0.55625 0.54359 0.578606 0.542308 0.578606 0.538782 0.57476 0.527885
1 0.49351 0.527885 0.48726 0.539103 0.510337 0.555769 0.513702 0.554167 0.51875 0.54391 0.498077 0.528846 0.495192 0.527244
1 0.016587 0.527244 0.013221 0.543269 0.050962 0.544551 0.053365 0.526923
2 0.025481 0.484936 0.023558 0.491987 0.067308 0.494551 0.068269 0.48718
1 0.039663 0.445513 0.04399 0.458654 0.076442 0.447115 0.076442 0.441026 0.073317 0.432692 0.042548 0.44359
1 0.047596 0.364103 0.04375 0.377564 0.076923 0.380128 0.079808 0.36891 0.077885 0.365385
1 0.154327 0.398718 0.15625 0.414103 0.188462 0.406731 0.186058 0.392949
1 0.141827 0.519231 0.141106 0.5375 0.177885 0.534936 0.175481 0.517628
1 0.2375 0.589744 0.239904 0.607051 0.27524 0.601282 0.271154 0.583654
1 0.240625 0.53718 0.238702 0.555128 0.272356 0.558333 0.273558 0.541026
1 0.310337 0.528205 0.310337 0.544551 0.342548 0.545192 0.342308 0.529487
1 0.39375 0.541987 0.386058 0.554808 0.409615 0.572115 0.414904 0.571795 0.420192 0.559615
1 0.440144 0.541346 0.442548 0.571795 0.457212 0.570513 0.454087 0.541667
1 0.474519 0.492949 0.483413 0.505128 0.502644 0.492949 0.495192 0.480769
1 0.456971 0.46859 0.466106 0.494551 0.453365 0.497115 0.445192 0.470833
1 0.241346 0.494551 0.239904 0.511538 0.273317 0.513782 0.273317 0.498077
1 0.311058 0.477885 0.314904 0.49391 0.34399 0.4875 0.340625 0.472756
1 0.382452 0.463462 0.382212 0.477244 0.410817 0.480769 0.410337 0.466987
1 0.220192 0.438462 0.216827 0.464744 0.218029 0.466987 0.231971 0.466667 0.236298 0.439423
1 0.231731 0.409936 0.225 0.436859 0.240865 0.437821 0.246875 0.4125
1 0.155048 0.314744 0.152163 0.326603 0.183413 0.33109 0.184856 0.321154 0.183173 0.31859
1 0.16875 0.250962 0.168029 0.263462 0.19399 0.266667 0.191827 0.254808
1 0.236058 0.29359 0.235817 0.305769 0.25 0.307692 0.264423 0.309295 0.263942 0.297436 0.238221 0.29359
1 0.226683 0.375 0.228125 0.401603 0.24375 0.400641 0.243269 0.374359
1 0.221635 0.336218 0.219231 0.363141 0.235817 0.364423 0.235817 0.3375
1 0.308894 0.380769 0.309615 0.39359 0.334856 0.393269 0.3375 0.386538 0.3375 0.382372 0.329808 0.38109 0.324038 0.380128
2 0.310817 0.414423 0.310577 0.41891 0.34351 0.419872 0.343269 0.415064
1 0.370673 0.395513 0.367548 0.401923 0.36851 0.408013 0.371875 0.409936 0.391106 0.420513 0.396875 0.409615
1 0.443029 0.394231 0.445433 0.40641 0.462981 0.409295 0.460817 0.397436 0.44375 0.39359
1 0.367308 0.342628 0.366346 0.347436 0.366827 0.355128 0.391587 0.36282 0.39351 0.350641
1 0.355048 0.285256 0.356971 0.296474 0.38125 0.297115 0.379327 0.286218
1 0.668269 0.461218 0.673077 0.48109 0.677885 0.483333 0.686298 0.484936 0.679567 0.4625 0.669471 0.459615
1 0.643269 0.39391 0.645433 0.405449 0.669712 0.403205 0.667548 0.392308
