0 0.016002 0.254518 0.00866 0.300344 0.057229 0.289157 0.061935 0.277754 0.06363 0.262478 0.067771 0.245912
0 0.008471 0.303141 0.005836 0.317126 0.005271 0.327883 0.003953 0.33154 0.0 0.336919 0.000188 0.347246 0.021461 0.345095 0.033509 0.341007 0.051017 0.338855 0.052711 0.328528 0.055911 0.312392 0.057794 0.300344 0.057794 0.290878 0.009977 0.301205
0 0.068524 0.246773 0.065324 0.258606 0.063818 0.265275 0.063441 0.274742 0.062877 0.281411 0.060806 0.288296 0.08302 0.283993 0.115587 0.277754 0.11634 0.270439 0.118599 0.266351 0.11747 0.251076 0.123306 0.248494 0.123306 0.236876 0.068901 0.245482
0 0.059676 0.290663 0.058547 0.300559 0.056476 0.315835 0.05497 0.325301 0.053087 0.329604 0.052711 0.336059 0.071536 0.332831 0.08942 0.330895 0.105233 0.329604 0.107869 0.329604 0.109375 0.321429 0.112952 0.313038 0.113705 0.295826 0.114081 0.282272
0 0.288027 0.313468 0.284827 0.363382 0.34808 0.361661 0.348645 0.310886
0 0.363893 0.30809 0.364458 0.356928 0.426581 0.35327 0.425075 0.303141
0 0.433735 0.294966 0.4375 0.345955 0.49887 0.340146 0.493411 0.291093
0 0.362952 0.244191 0.363705 0.291308 0.425452 0.288296 0.423004 0.24247
0 0.428652 0.242685 0.431852 0.287651 0.49247 0.283133 0.487199 0.238167
0 0.573419 0.2571 0.583396 0.295181 0.608622 0.287651 0.623117 0.284208 0.629895 0.285069 0.638931 0.284423 0.627447 0.246343 0.597892 0.251721 0.576996 0.255809
0 0.6282 0.245052 0.633095 0.262478 0.636672 0.273236 0.640248 0.282487 0.65945 0.279475 0.668486 0.277539 0.680158 0.277969 0.691642 0.277539 0.678464 0.239888 0.657191 0.240103 0.643072 0.24247 0.630083 0.244191
0 0.680535 0.240964 0.722327 0.239243 0.728916 0.260327 0.732492 0.266997 0.738517 0.274096 0.707267 0.273021 0.691265 0.274527 0.684864 0.257315 0.679782 0.241179
0 0.585843 0.30099 0.588667 0.32401 0.592244 0.342513 0.625376 0.336919 0.648532 0.333046 0.645896 0.321644 0.64552 0.311532 0.645331 0.303141 0.640248 0.288941 0.620294 0.289587 0.598645 0.294105 0.584337 0.297762
0 0.645708 0.28636 0.647779 0.311102 0.653614 0.334983 0.70369 0.328098 0.694277 0.28012
0 0.799511 0.23494 0.807794 0.265921 0.810617 0.271299 0.858622 0.266136 0.847703 0.226979 0.799699 0.233649
0 0.862011 0.22074 0.86634 0.233434 0.866717 0.24247 0.868976 0.245267 0.871611 0.258176 0.898155 0.25796 0.916227 0.258176 0.90945 0.248279 0.910956 0.238812 0.907568 0.234509 0.904179 0.233003 0.90625 0.229346 0.904179 0.225043 0.902108 0.223752 0.893072 0.221601 0.886672 0.219449 0.862764 0.220095
0 0.836973 0.278399 0.84695 0.317986 0.893449 0.310456 0.881401 0.269578 0.842244 0.273881
0 0.932417 0.243976 0.937124 0.250645 0.9375 0.259466 0.941642 0.277324 0.985316 0.27216 0.981363 0.255379 0.980798 0.246343 0.971574 0.238382 0.932229 0.242685
0 0.970821 0.274957 0.972515 0.288081 0.974021 0.291523 0.973456 0.296472 0.976092 0.300774 0.975527 0.305293 0.975904 0.310671 0.976092 0.311532 0.998117 0.310671 0.999812 0.305938 0.998117 0.283778 0.994917 0.27216
3 0.824736 0.491179 0.826431 0.506024 0.871611 0.502152 0.869164 0.487952
