0 0.705196 0.238597 0.715361 0.27883 0.737952 0.27883 0.754895 0.278184 0.763366 0.280551 0.784074 0.283133 0.779744 0.267857 0.769767 0.240318 0.736069 0.237306
0 0.397026 0.238167 0.389496 0.281842 0.40738 0.281626 0.465926 0.283133 0.468374 0.240103
0 0.036145 0.262048 0.03125 0.272806 0.026355 0.284639 0.025038 0.296472 0.046122 0.295826 0.07869 0.29389 0.085467 0.281626 0.092244 0.260972
0 0.058923 0.230637 0.085467 0.229131 0.108998 0.232788 0.106551 0.239888 0.092997 0.260542 0.036145 0.261188 0.045369 0.245267 0.054405 0.234079
0 0.113705 0.226764 0.13366 0.224613 0.158509 0.222031 0.173758 0.221386 0.163968 0.236446 0.159639 0.245697 0.153426 0.255594 0.097327 0.25753 0.106928 0.240103
0 0.097892 0.258606 0.090926 0.270869 0.081514 0.290232 0.102786 0.287866 0.124247 0.285284 0.139684 0.283563 0.153426 0.25667 0.12067 0.2571
0 0.081137 0.291308 0.077748 0.298623 0.068524 0.322935 0.082078 0.321859 0.112575 0.318847 0.132718 0.31691 0.135354 0.298193 0.139872 0.283993 0.119164 0.286145 0.089797 0.289802
3 0.150414 0.503442 0.147967 0.51463 0.207643 0.514845 0.207643 0.504303
1 0.249247 0.52216 0.246235 0.536145 0.27259 0.53679 0.275791 0.522375
1 0.298004 0.46321 0.310617 0.462995 0.306664 0.489243 0.294239 0.489888
1 0.371235 0.504948 0.400602 0.504518 0.400226 0.518503 0.396273 0.520009 0.37067 0.520009
1 0.441642 0.559811 0.458773 0.560241 0.471009 0.560886 0.470068 0.577022 0.465738 0.577022 0.440512 0.576162
1 0.496423 0.462995 0.509224 0.464071 0.507342 0.489028 0.505459 0.490749 0.493599 0.489243
1 0.635166 0.520654 0.662274 0.519363 0.665663 0.533778 0.639496 0.536145 0.637989 0.535499
1 0.726092 0.515706 0.75113 0.516997 0.753765 0.531411 0.727786 0.529905
1 0.809676 0.512694 0.832455 0.5142 0.836032 0.528184 0.821348 0.527324 0.813253 0.526463 0.811935 0.526033
1 0.875188 0.667169 0.904932 0.672762 0.906815 0.690835 0.877824 0.686102
1 0.694842 0.678141 0.724774 0.670396 0.730422 0.689329 0.701807 0.696859 0.69936 0.695783
1 0.599398 0.685886 0.617282 0.691695 0.631965 0.696429 0.628953 0.715361 0.614458 0.711704 0.597327 0.706325 0.595633 0.703744
1 0.473833 0.694062 0.507154 0.699656 0.505271 0.72117 0.470633 0.714931
3 0.288592 0.701377 0.373494 0.715146 0.368788 0.744836 0.281438 0.735585
1 0.236634 0.693201 0.272967 0.693201 0.270896 0.712564 0.249624 0.711704 0.23494 0.712564
