1 0.292169 0.34488 0.330384 0.345095 0.330761 0.347892 0.326242 0.363167 0.286709 0.361876
1 0.556476 0.35327 0.59695 0.354776 0.599774 0.370267 0.596197 0.372633 0.555911 0.370697
1 0.625753 0.368761 0.66811 0.373494 0.669239 0.393503 0.626318 0.388124
1 0.757718 0.426635 0.800828 0.430077 0.804593 0.452668 0.760919 0.44858
1 0.796122 0.395439 0.83302 0.401033 0.836408 0.411145 0.838291 0.420181 0.799699 0.414802
1 0.261483 0.739458 0.317583 0.744836 0.319842 0.747848 0.313253 0.783348 0.255083 0.777539 0.253577 0.773666
1 0.356928 0.745912 0.415851 0.743976 0.41491 0.783993 0.351657 0.784208
1 0.504706 0.756454 0.560241 0.74957 0.5657 0.755809 0.568524 0.788726 0.506965 0.794966
1 0.688253 0.614458 0.739646 0.620482 0.740776 0.651033 0.738893 0.651678 0.689947 0.644793
1 0.806288 0.610155 0.853163 0.611016 0.861258 0.640275 0.811935 0.638769
1 0.877259 0.637909 0.919804 0.633821 0.929217 0.661575 0.884789 0.668029
3 0.931852 0.615318 0.935617 0.632315 0.983998 0.629088 0.977033 0.611016
