1 0.3125 0.731713 0.311182 0.748064 0.33622 0.748279 0.336596 0.734079 0.335279 0.732143
4 0.294992 0.777969 0.29198 0.803571 0.336032 0.805508 0.338102 0.780336
3 0.426017 0.812392 0.42564 0.824226 0.476468 0.828313 0.475151 0.814544
3 0.507342 0.809165 0.50866 0.821429 0.557229 0.820353 0.556664 0.805938 0.542357 0.805938
1 0.587914 0.773021 0.588479 0.790448 0.616717 0.790663 0.615587 0.774527 0.614646 0.773236 0.590173 0.772806
1 0.637613 0.769148 0.638366 0.77969 0.640248 0.786575 0.666604 0.787866 0.665474 0.771084 0.663404 0.770009 0.638931 0.768503
1 0.68863 0.773451 0.694277 0.788726 0.698795 0.788296 0.719126 0.778614 0.712726 0.762478 0.689947 0.77259
1 0.728916 0.762263 0.730798 0.77926 0.758095 0.77926 0.756401 0.763769 0.754706 0.761618 0.730045 0.762048
1 0.783321 0.787436 0.788215 0.804862 0.811747 0.798193 0.809488 0.785284 0.806476 0.781626
1 0.763554 0.688683 0.765625 0.704174 0.790851 0.702883 0.787839 0.690189 0.786709 0.687177
4 0.660768 0.677281 0.665098 0.712564 0.706702 0.710628 0.701431 0.675129
1 0.66698 0.660714 0.668298 0.675344 0.693901 0.674268 0.692206 0.662651 0.690324 0.658993
4 0.570595 0.679862 0.573419 0.715361 0.616152 0.712995 0.612011 0.677281
4 0.581514 0.792384 0.583961 0.834337 0.629895 0.83154 0.626883 0.791093
4 0.62933 0.791093 0.633848 0.831325 0.679217 0.827883 0.673569 0.788081
4 0.677523 0.790663 0.68317 0.83025 0.727221 0.826592 0.721386 0.787005
4 0.724021 0.787436 0.730798 0.828098 0.775602 0.823795 0.768637 0.783993
4 0.816077 0.780336 0.823983 0.820353 0.864646 0.815189 0.856175 0.776463
1 0.881777 0.684165 0.88686 0.699226 0.909827 0.694492 0.906438 0.682874 0.903238 0.680077 0.88366 0.68352
1 0.929217 0.716007 0.934111 0.731067 0.955008 0.728485 0.957831 0.72784 0.953878 0.71278 0.946913 0.71321 0.930158 0.714931
1 0.865211 0.614673 0.869164 0.629088 0.89119 0.626721 0.887613 0.612952 0.867282 0.614458
1 0.921498 0.601979 0.925828 0.615534 0.948419 0.613167 0.943901 0.599828 0.922816 0.601549
1 0.095256 0.728485 0.089797 0.742255 0.106363 0.75 0.108434 0.748494 0.112764 0.736446 0.111446 0.735155
1 0.017319 0.737522 0.016002 0.745912 0.014307 0.75043 0.003953 0.748064 0.0 0.747633 0.000188 0.74204 0.002447 0.734294 0.00433 0.733864 0.016943 0.736876
1 0.106739 0.359079 0.101657 0.376076 0.118599 0.373709 0.122176 0.356928
1 0.122929 0.386403 0.117846 0.40426 0.134224 0.403184 0.139495 0.384897
2 0.183923 0.283133 0.174134 0.311962 0.21009 0.306153 0.211596 0.299699 0.195218 0.300774 0.198983 0.281411
1 0.358998 0.41975 0.358622 0.430293 0.378012 0.427926 0.378953 0.419966 0.378012 0.418029
1 0.424322 0.357573 0.423381 0.365749 0.442206 0.365534 0.442771 0.358219 0.441453 0.356497
1 0.481551 0.341867 0.481551 0.350688 0.500941 0.349398 0.50113 0.342943 0.499812 0.340792 0.482681 0.341652
1 0.481363 0.414802 0.481363 0.425559 0.501694 0.424268 0.502071 0.419966 0.501318 0.413511
1 0.547628 0.378658 0.548758 0.387909 0.569654 0.385972 0.568901 0.376721 0.567583 0.375861 0.548569 0.378227
1 0.599774 0.28012 0.600715 0.287651 0.618976 0.28679 0.618035 0.281196 0.617282 0.279475 0.60128 0.28012
1 0.676017 0.366394 0.677711 0.375645 0.697101 0.37457 0.695783 0.365964 0.694277 0.365534 0.677523 0.366394
1 0.914533 0.329604 0.917733 0.33864 0.935241 0.33821 0.932982 0.329819
1 0.9343 0.374139 0.938253 0.383821 0.955196 0.384036 0.955761 0.38296 0.954819 0.378873 0.951807 0.375 0.950301 0.373709 0.935806 0.373924
1 0.833961 0.385757 0.836408 0.395439 0.840361 0.396084 0.854669 0.39716 0.855798 0.396084 0.851657 0.385757 0.835279 0.385112
1 0.810806 0.327668 0.812312 0.334337 0.812124 0.337995 0.830008 0.336489 0.828125 0.326807
1 0.5 0.555938 0.500377 0.568417 0.505271 0.569277 0.523343 0.567986 0.523343 0.557444 0.521084 0.554862 0.501506 0.555293
1 0.573419 0.555293 0.574548 0.567986 0.592056 0.567556 0.59695 0.567126 0.598268 0.565835 0.598456 0.561532 0.597139 0.553141 0.574925 0.554647
1 0.722892 0.512478 0.725151 0.524742 0.747929 0.523236 0.748494 0.520654 0.745105 0.510542 0.723645 0.511833
1 0.769767 0.516351 0.774473 0.529045 0.796687 0.524527 0.79198 0.512048 0.784827 0.513339
1 0.839608 0.507745 0.842809 0.520439 0.86427 0.519148 0.860316 0.50667
1 0.973645 0.511833 0.977786 0.523451 0.997176 0.522806 0.993599 0.511403 0.974962 0.511403
1 0.939759 0.510542 0.943524 0.52216 0.962726 0.520439 0.958396 0.508606 0.940889 0.510327
1 0.915286 0.524742 0.918486 0.537005 0.939194 0.538511 0.93637 0.525818 0.916039 0.523666
1 0.902485 0.490964 0.906438 0.502367 0.926205 0.501506 0.921875 0.490318
3 0.052711 0.749139 0.051958 0.75796 0.060806 0.756024 0.069277 0.760327 0.072289 0.758391 0.073042 0.749139
4 0.158133 0.388984 0.146837 0.431583 0.197289 0.426635 0.207831 0.383821
