1 0.423946 0.475688 0.424134 0.490318 0.452372 0.490103 0.452937 0.476979 0.450866 0.474828 0.424134 0.473967
1 0.459149 0.441695 0.456137 0.45568 0.484187 0.461274 0.486822 0.447074
1 0.461408 0.482358 0.461408 0.497418 0.491529 0.498279 0.490964 0.483003
2 0.418675 0.490749 0.443901 0.491179 0.44503 0.491394 0.44503 0.497203 0.418486 0.497418
4 0.463855 0.503442 0.462726 0.530336 0.4968 0.531626 0.497553 0.504518
1 0.219503 0.494406 0.21442 0.526033 0.229857 0.525602 0.23381 0.493546 0.219503 0.49333
1 0.187688 0.705034 0.214608 0.708046 0.212349 0.726764 0.183547 0.723322
1 0.249812 0.673408 0.241152 0.688038 0.259601 0.69815 0.268261 0.682874
1 0.269202 0.62543 0.260542 0.641566 0.283321 0.656411 0.29198 0.639845 0.269767 0.62543
1 0.541416 0.605422 0.539721 0.623064 0.571724 0.627367 0.570595 0.608434 0.542357 0.604561
1 0.622929 0.58778 0.626318 0.606282 0.65738 0.602625 0.653238 0.584983
1 0.625188 0.624355 0.625565 0.642212 0.65625 0.645654 0.655685 0.629303 0.653426 0.627152
1 0.625941 0.67685 0.651544 0.677926 0.652673 0.696429 0.626318 0.695998 0.625 0.677065
1 0.597515 0.666523 0.59808 0.703313 0.613328 0.703313 0.612575 0.667599
4 0.582267 0.709983 0.584337 0.744836 0.623117 0.74333 0.62067 0.708692
1 0.636107 0.722246 0.667545 0.724182 0.669239 0.743115 0.636483 0.741394
1 0.694842 0.697289 0.697101 0.717728 0.729669 0.715792 0.726657 0.695353 0.719126 0.695138 0.712349 0.696213 0.704819 0.697074
1 0.72308 0.628873 0.725715 0.647806 0.754706 0.648666 0.751318 0.628873
1 0.778614 0.603055 0.780309 0.621558 0.807605 0.623279 0.805158 0.606282 0.802899 0.604991
1 0.777861 0.635972 0.786145 0.671041 0.802146 0.66889 0.791792 0.63167 0.780309 0.632745
1 0.78125 0.691695 0.78558 0.711919 0.815324 0.707831 0.810806 0.688468
1 0.817583 0.57315 0.819842 0.591437 0.850151 0.594234 0.847327 0.576807
1 0.863893 0.596816 0.867658 0.613812 0.89552 0.614673 0.89119 0.597676
2 0.815324 0.604346 0.817206 0.615534 0.853163 0.614243 0.85128 0.605422
2 0.821724 0.67685 0.864081 0.674699 0.865399 0.682874 0.823607 0.686317
2 0.87067 0.669535 0.914533 0.667384 0.916604 0.67642 0.872741 0.679647
2 0.517508 0.677065 0.570218 0.676635 0.570595 0.685241 0.517696 0.686317
1 0.115964 0.496127 0.13366 0.487952 0.133095 0.502367 0.114834 0.510112 0.114834 0.496558
