0 0.344872 0.111058 0.338141 0.134856 0.369231 0.134135 0.404808 0.130769 0.408654 0.104808 0.368269 0.108654 0.345833 0.110577
0 0.760897 0.10024 0.765705 0.13149 0.843269 0.127885 0.8375 0.097115
0 0.11891 0.153125 0.112179 0.18125 0.056731 0.189183 0.064423 0.161538
1 0.059615 0.285577 0.059936 0.293269 0.082692 0.290865 0.082692 0.283894
1 0.311859 0.255288 0.310577 0.2625 0.335256 0.26226 0.335897 0.254087 0.312179 0.254327
1 0.310256 0.312981 0.309936 0.320913 0.335256 0.319471 0.334936 0.311298
1 0.41891 0.295673 0.417628 0.302885 0.440705 0.303365 0.441987 0.295913
1 0.414423 0.355769 0.414423 0.362981 0.4375 0.363221 0.438141 0.355288
1 0.469872 0.265865 0.467308 0.273317 0.491026 0.273558 0.49391 0.265865 0.470513 0.265625
1 0.465064 0.32476 0.466026 0.332692 0.490705 0.329808 0.491987 0.325721 0.471154 0.327163 0.470192 0.323317
1 0.459936 0.372115 0.460577 0.379567 0.486218 0.377644 0.485897 0.369231
1 0.53141 0.372356 0.529487 0.376923 0.557372 0.379327 0.558974 0.370192 0.554167 0.369952 0.550962 0.373077
1 0.592628 0.251683 0.617949 0.248798 0.619231 0.25625 0.593269 0.259135 0.591667 0.251923
1 0.725962 0.246154 0.726282 0.253125 0.753205 0.251442 0.752885 0.246635 0.730449 0.247837 0.730128 0.244952 0.726282 0.244952
1 0.738782 0.280288 0.740385 0.288702 0.76859 0.286058 0.765705 0.278365
1 0.809295 0.294231 0.808974 0.302644 0.8375 0.303606 0.83782 0.295673
1 0.832372 0.353846 0.833974 0.362981 0.864744 0.361058 0.861538 0.352404
1 0.156731 0.458413 0.155128 0.467308 0.18141 0.466827 0.182372 0.458654
1 0.133013 0.539663 0.13109 0.549279 0.158654 0.549279 0.159936 0.541586 0.145513 0.542308 0.145513 0.539663
1 0.241026 0.536779 0.237179 0.546394 0.264103 0.550481 0.267628 0.540144
1 0.204487 0.613462 0.203526 0.624519 0.233974 0.623077 0.233333 0.611538
1 0.325 0.541346 0.323718 0.551923 0.352564 0.552885 0.353846 0.542067
1 0.305128 0.609856 0.303846 0.621154 0.328526 0.619712 0.329487 0.608654
1 0.419231 0.523798 0.419551 0.533894 0.449038 0.532933 0.448718 0.522356
1 0.404167 0.591827 0.404167 0.603125 0.434615 0.602404 0.434615 0.590144
1 0.50609 0.520433 0.504808 0.530048 0.534936 0.53149 0.535577 0.521394
1 0.522115 0.569231 0.522756 0.579327 0.552564 0.576923 0.551282 0.566587
1 0.576282 0.524279 0.575962 0.534135 0.605769 0.534856 0.605449 0.52476
1 0.641346 0.561779 0.638782 0.572836 0.671154 0.576202 0.672756 0.564183 0.641987 0.561779
1 0.803846 0.46875 0.804487 0.478606 0.835577 0.478606 0.834615 0.468269
1 0.83109 0.535577 0.831731 0.546154 0.865385 0.546635 0.863141 0.535337 0.83109 0.534856
1 0.03109 0.38726 0.03109 0.394471 0.055128 0.392067 0.055128 0.387019 0.034936 0.38774 0.034936 0.386538 0.031731 0.386058
