1 0.17244 0.742255 0.168863 0.756239 0.189571 0.761618 0.192959 0.747203 0.173569 0.742255
1 0.322101 0.709122 0.32116 0.723752 0.343938 0.721816 0.344126 0.707401 0.322477 0.708262
3 0.275602 0.748494 0.272967 0.761403 0.291227 0.760327 0.302899 0.761618 0.304405 0.751291 0.295181 0.750215
3 0.179029 0.700086 0.17677 0.709552 0.18863 0.709337 0.191077 0.711274 0.19503 0.711489 0.19503 0.702238
4 0.615399 0.72117 0.616529 0.745912 0.641002 0.746127 0.639307 0.721386
4 0.572666 0.726549 0.573983 0.751936 0.597327 0.752367 0.595633 0.726119
4 0.566453 0.696213 0.56683 0.722246 0.590173 0.721386 0.589608 0.695783
3 0.602598 0.665017 0.603727 0.674914 0.630083 0.673408 0.628765 0.663296
3 0.64552 0.663942 0.647779 0.673838 0.660768 0.672117 0.667545 0.671687 0.679593 0.674914 0.678276 0.662436 0.655309 0.66136
4 0.685806 0.650387 0.688253 0.666308 0.707455 0.665448 0.705008 0.649742
4 0.706137 0.649312 0.725527 0.648666 0.729104 0.671256 0.709149 0.672117 0.705572 0.649957
2 0.6907 0.683305 0.692206 0.699656 0.741717 0.698365 0.740399 0.68352
4 0.665098 0.69148 0.666604 0.715361 0.689571 0.716437 0.686935 0.692341
3 0.602221 0.751936 0.60128 0.760757 0.640813 0.760542 0.641378 0.752152
3 0.562876 0.758821 0.561747 0.772806 0.599398 0.7713 0.599209 0.765275 0.59808 0.758391
3 0.512236 0.697719 0.512425 0.710843 0.524473 0.708046 0.533133 0.706971 0.545369 0.710198 0.546498 0.696429 0.534074 0.695998 0.520896 0.695998
3 0.513178 0.665448 0.511672 0.670611 0.511672 0.672978 0.539157 0.674053 0.541416 0.666093 0.536145 0.664802 0.525979 0.665232 0.518825 0.666738
3 0.552899 0.665663 0.551205 0.66975 0.55064 0.672547 0.558358 0.673838 0.569089 0.674268 0.583773 0.67642 0.585655 0.668675 0.569842 0.666954
3 0.599021 0.695353 0.599209 0.704819 0.625941 0.705465 0.625565 0.696213
2 0.757154 0.682014 0.760542 0.69858 0.811182 0.694923 0.807229 0.678787
1 0.757907 0.653184 0.761295 0.667384 0.782944 0.665232 0.779179 0.650818 0.760354 0.652539
4 0.855422 0.701592 0.861069 0.725688 0.882342 0.725043 0.875565 0.700732
4 0.839797 0.702883 0.845068 0.725904 0.860693 0.725688 0.854857 0.701377
1 0.647402 0.57358 0.649285 0.586058 0.67131 0.585413 0.668675 0.572289 0.648343 0.57315
1 0.591114 0.571429 0.592056 0.583907 0.61427 0.584552 0.613893 0.571859 0.59262 0.571213
1 0.524849 0.571213 0.525038 0.583046 0.547063 0.584337 0.546687 0.571859 0.526167 0.570783
2 0.552334 0.53679 0.552711 0.554217 0.607681 0.552711 0.606928 0.539157
2 0.618976 0.528184 0.62067 0.541308 0.663027 0.538942 0.661521 0.52883
2 0.507718 0.523236 0.507154 0.533348 0.545181 0.535284 0.545746 0.526463
2 0.461973 0.526893 0.461032 0.536575 0.499435 0.53722 0.49887 0.527754
1 0.574548 0.356713 0.575301 0.362737 0.576242 0.363382 0.592056 0.361231 0.591114 0.353916 0.575678 0.356282
4 0.024285 0.53679 0.016755 0.554432 0.031627 0.555508 0.038968 0.538081
4 0.04198 0.623494 0.034639 0.643503 0.052334 0.644578 0.05817 0.625215
4 0.069842 0.624355 0.063065 0.644148 0.078502 0.645439 0.084337 0.625215
3 0.200866 0.711919 0.198419 0.72031 0.21875 0.725904 0.220068 0.717513
4 0.251883 0.712349 0.2468 0.73494 0.265813 0.738597 0.27052 0.715792
3 0.244729 0.686747 0.243223 0.695138 0.269014 0.696429 0.271084 0.688253 0.251506 0.686317
3 0.311935 0.700301 0.3093 0.727194 0.316642 0.728055 0.319089 0.701377
2 0.322666 0.694492 0.322477 0.700086 0.34055 0.698795 0.340173 0.693417
3 0.424322 0.663942 0.423946 0.675129 0.452184 0.674053 0.452184 0.663942
3 0.390248 0.688468 0.388366 0.695138 0.417922 0.697935 0.418675 0.689544
3 0.423381 0.699871 0.422252 0.711058 0.450113 0.710628 0.450489 0.699656
3 0.384224 0.70654 0.382907 0.717083 0.41378 0.718374 0.414345 0.709768
3 0.381401 0.727194 0.380271 0.738382 0.411145 0.738812 0.411709 0.729131
4 0.423004 0.754088 0.421687 0.771945 0.442771 0.77259 0.443524 0.754518
3 0.380648 0.745482 0.379895 0.754948 0.407568 0.756239 0.409074 0.748064
1 0.735316 0.757745 0.737575 0.773666 0.762048 0.773021 0.761672 0.771084 0.759977 0.769578 0.758471 0.762048 0.760542 0.759036 0.760354 0.758176 0.757907 0.7571
1 0.806476 0.75667 0.808923 0.772806 0.834149 0.774096 0.834149 0.771945 0.831325 0.758176 0.807605 0.756454
4 0.218185 0.739673 0.213667 0.763984 0.227974 0.762909 0.232869 0.739458
