3 0.830949 0.221386 0.860128 0.223322 0.862011 0.234294 0.831137 0.233219
3 0.841679 0.261833 0.878765 0.266781 0.879895 0.276463 0.84262 0.273666
3 0.862387 0.316265 0.897214 0.319492 0.899285 0.330895 0.863705 0.327022 0.861258 0.316265
3 0.885542 0.368761 0.920181 0.371342 0.921687 0.38167 0.887236 0.380809
3 0.955572 0.381454 0.980422 0.378658 0.984752 0.387909 0.957267 0.391351
3 0.92884 0.324441 0.958584 0.324226 0.961785 0.332186 0.931664 0.333907
2 0.661333 0.258176 0.686182 0.260972 0.687312 0.267212 0.661145 0.26506
2 0.651167 0.208046 0.676393 0.210628 0.676205 0.215146 0.651732 0.21278
2 0.667922 0.325301 0.695595 0.327453 0.695218 0.333046 0.668675 0.331325
2 0.800264 0.351979 0.82323 0.353485 0.824548 0.360155 0.801205 0.358003 0.799699 0.352194
2 0.786709 0.291093 0.80817 0.293244 0.808923 0.298623 0.788215 0.295611
2 0.287651 0.304647 0.316077 0.306583 0.3157 0.313468 0.287462 0.311532
2 0.307229 0.24247 0.332078 0.243761 0.33189 0.248279 0.306288 0.246988
2 0.311935 0.200732 0.35241 0.203744 0.351468 0.21278 0.311182 0.209337
2 0.307417 0.461274 0.334714 0.46321 0.334526 0.469449 0.307417 0.467083
1 0.590926 0.543029 0.622176 0.542599 0.624247 0.558735 0.592244 0.557874
2 0.597139 0.570353 0.626506 0.571859 0.625941 0.579174 0.598268 0.578528
2 0.955761 0.578959 0.983622 0.58025 0.984187 0.585198 0.956514 0.584122 0.954631 0.577883
2 0.552899 0.716437 0.586408 0.717513 0.587349 0.725258 0.55384 0.725258
2 0.814571 0.713425 0.833773 0.711704 0.834902 0.717728 0.815324 0.719449
2 0.911145 0.715146 0.930911 0.71364 0.931664 0.718589 0.912462 0.72074
2 0.138931 0.395224 0.161709 0.39716 0.161145 0.40383 0.137236 0.402754
