0 0.395143 0.238597 0.38573 0.287866 0.462161 0.290448 0.466303 0.243115
2 0.829443 0.496773 0.853351 0.582401 0.876883 0.577668 0.846197 0.494836
2 0.73927 0.548623 0.741717 0.564114 0.781626 0.54346 0.775602 0.528399
2 0.896837 0.39759 0.90192 0.416093 0.960279 0.416523 0.954819 0.398451
2 0.427523 0.627582 0.425075 0.640491 0.510542 0.642857 0.509789 0.629948
2 0.390625 0.659854 0.387989 0.674268 0.472892 0.671687 0.474021 0.660069
0 0.161898 0.164157 0.147026 0.195998 0.204066 0.201377 0.215361 0.165232
0 0.146084 0.197935 0.135166 0.229346 0.187124 0.230852 0.198419 0.202453
0 0.135542 0.231282 0.123306 0.260112 0.175075 0.261403 0.185429 0.233003
0 0.092997 0.219019 0.07436 0.252797 0.123682 0.254088 0.136483 0.219019
0 0.070971 0.255164 0.053652 0.291523 0.105045 0.297117 0.121611 0.2571
0 0.052899 0.293029 0.043298 0.312608 0.039157 0.319062 0.030873 0.326807 0.07003 0.331325 0.077184 0.327883 0.085279 0.328959 0.098833 0.32401 0.10448 0.298408
0 0.10881 0.292384 0.100527 0.324441 0.152485 0.325301 0.163215 0.295611
0 0.122176 0.261188 0.109563 0.290878 0.16378 0.294535 0.174322 0.263124
0 0.595444 0.081971 0.597327 0.109509 0.65305 0.112952 0.64759 0.086489
0 0.600339 0.112091 0.602786 0.141351 0.656626 0.137694 0.652861 0.114673
0 0.602974 0.142642 0.607304 0.166523 0.663592 0.164157 0.656626 0.138985
0 0.607681 0.16846 0.612952 0.203313 0.672816 0.19858 0.664533 0.165232
0 0.666792 0.167599 0.67564 0.198795 0.73927 0.196859 0.726468 0.166954 0.710655 0.168029 0.70256 0.166738
0 0.657944 0.138985 0.666227 0.165878 0.726845 0.162651 0.718374 0.145869 0.715926 0.136188
0 0.654367 0.113597 0.658697 0.137478 0.696913 0.136188 0.719503 0.131885 0.716491 0.127367 0.712349 0.126936 0.708396 0.119406
0 0.650038 0.087565 0.654932 0.112522 0.707643 0.118761 0.699925 0.089931
