1 0.165625 0.603846 0.163462 0.621795 0.174038 0.620833 0.189183 0.61859 0.199279 0.616667 0.200962 0.597436 0.188462 0.60032 0.175721 0.601923
1 0.234135 0.652244 0.232452 0.660897 0.229567 0.671795 0.24399 0.672436 0.265385 0.673718 0.266587 0.667308 0.267788 0.660897 0.266827 0.653205 0.259135 0.652885 0.245913 0.652564
1 0.287981 0.655128 0.281971 0.677244 0.277163 0.696474 0.295433 0.698397 0.298798 0.684936 0.305048 0.664103 0.30625 0.65641 0.296154 0.654808
4 0.213462 0.683974 0.208173 0.701603 0.203365 0.717308 0.246875 0.719551 0.251442 0.69968 0.254808 0.683333 0.233654 0.683654
4 0.439423 0.655128 0.437981 0.688462 0.477163 0.690705 0.479087 0.656731
1 0.405048 0.649359 0.399519 0.667628 0.407933 0.670833 0.420913 0.675 0.434135 0.677885 0.43774 0.657692 0.421875 0.652885
1 0.43149 0.567308 0.429808 0.583974 0.45024 0.585897 0.463221 0.585897 0.463702 0.56859 0.452163 0.567949 0.439183 0.567949
1 0.309615 0.569551 0.302644 0.589423 0.29976 0.606731 0.299279 0.608333 0.31851 0.609295 0.321635 0.591346 0.326923 0.572756
1 0.516587 0.586538 0.514183 0.604487 0.510577 0.624359 0.527404 0.626923 0.528846 0.626923 0.53101 0.608654 0.534135 0.589103 0.526923 0.588782 0.520913 0.58718
1 0.580769 0.591346 0.582933 0.610577 0.583414 0.612179 0.598317 0.609936 0.61899 0.608013 0.615865 0.588141 0.604086 0.589744 0.589183 0.591026
1 0.690625 0.609936 0.69399 0.63141 0.699279 0.63141 0.712981 0.630128 0.729808 0.629167 0.724519 0.606731 0.708173 0.608654
1 0.557933 0.671795 0.554327 0.69359 0.569231 0.697115 0.592788 0.702244 0.595433 0.680128 0.58101 0.676923 0.566827 0.673718
1 0.720673 0.436538 0.720673 0.44968 0.726683 0.45 0.732933 0.450962 0.738702 0.450641 0.737981 0.4375 0.727644 0.437179
1 0.441587 0.442308 0.441346 0.458333 0.458173 0.458333 0.472356 0.457692 0.471154 0.441026 0.455529 0.442308
1 0.491587 0.314744 0.492067 0.327564 0.519712 0.329167 0.521154 0.327885 0.519712 0.314744
1 0.509375 0.261538 0.511058 0.272756 0.522837 0.271795 0.535337 0.270833 0.534375 0.259615 0.526202 0.259295 0.51899 0.260897
