1 0.17244 0.58864 0.202937 0.597676 0.197477 0.620697 0.164721 0.610585
1 0.25753 0.591867 0.293298 0.602625 0.286898 0.619406 0.28238 0.624785 0.24887 0.615103
1 0.33509 0.604346 0.377636 0.611661 0.373117 0.638984 0.330196 0.630594
1 0.443901 0.813253 0.493599 0.815404 0.492658 0.846386 0.44183 0.843374
1 0.607304 0.806368 0.655497 0.81648 0.653991 0.85241 0.614834 0.84617 0.615211 0.838855 0.603163 0.835628
1 0.669804 0.778184 0.693148 0.77969 0.694842 0.83864 0.671498 0.837349
1 0.601657 0.615964 0.64439 0.621988 0.644955 0.645224 0.600904 0.639415
1 0.054593 0.753442 0.087538 0.759897 0.082267 0.784423 0.048758 0.778399 0.050452 0.766136
1 0.135166 0.785714 0.157756 0.789802 0.172628 0.802926 0.170369 0.819492 0.129518 0.811747
2 0.306476 0.658133 0.337349 0.660284 0.336973 0.672332 0.305911 0.670611
1 0.933358 0.574871 0.96875 0.567341 0.975151 0.592298 0.938065 0.597246
