1 0.289721 0.163511 0.288027 0.177496 0.317771 0.175129 0.319089 0.160069
1 0.288215 0.188898 0.286521 0.202668 0.316265 0.200516 0.317583 0.185456
2 0.271649 0.080034 0.320218 0.073365 0.320218 0.081756 0.273155 0.087565 0.272214 0.087565
2 0.265813 0.096601 0.315324 0.089501 0.315136 0.097676 0.267319 0.104131 0.266378 0.104131
2 0.263554 0.117685 0.312312 0.111661 0.312876 0.119406 0.26506 0.125 0.263178 0.125
2 0.26073 0.14006 0.310053 0.134682 0.310053 0.141997 0.262425 0.14759 0.260542 0.147806
2 0.190324 0.034639 0.190324 0.041093 0.230798 0.032487 0.230422 0.025387
2 0.184864 0.057659 0.184864 0.064114 0.226468 0.055723 0.226092 0.048838
2 0.178087 0.080465 0.178276 0.087349 0.216679 0.079604 0.216303 0.073365
2 0.17244 0.101979 0.172628 0.108864 0.211032 0.101119 0.210655 0.09488
2 0.169051 0.118546 0.169239 0.12543 0.207643 0.11747 0.207267 0.111231
2 0.161333 0.138124 0.161521 0.145009 0.201431 0.138124 0.200866 0.131024
2 0.158133 0.157487 0.15738 0.164802 0.197477 0.158563 0.196913 0.150602
2 0.158321 0.184811 0.158697 0.192126 0.198795 0.186102 0.19823 0.177926
2 0.153426 0.205465 0.153803 0.21278 0.193901 0.206756 0.193336 0.198795
2 0.151544 0.226549 0.15192 0.234079 0.19183 0.228055 0.191265 0.21988
1 0.432417 0.025387 0.432229 0.035499 0.463479 0.031196 0.462161 0.018072 0.442206 0.021084 0.440324 0.02259 0.434864 0.023236 0.4343 0.025387
1 0.427899 0.040017 0.429029 0.05099 0.430346 0.052065 0.452748 0.048623 0.45369 0.047762 0.459149 0.046902 0.458396 0.035069 0.428087 0.038941
2 0.454254 0.047978 0.459526 0.047332 0.459526 0.045611 0.497176 0.041308 0.497364 0.047332 0.454443 0.052065
2 0.400038 0.023236 0.441453 0.017212 0.441642 0.021084 0.440889 0.021515 0.432982 0.023021 0.431476 0.024957 0.400038 0.029475
2 0.401732 0.063898 0.443712 0.05938 0.443901 0.06562 0.40192 0.071213
1 0.435994 0.067771 0.435241 0.078744 0.467432 0.076592 0.467432 0.062823 0.444465 0.066695 0.437688 0.06691 0.435994 0.067126
1 0.441642 0.001506 0.441265 0.012048 0.472703 0.008821 0.47195 0.000861 0.442771 0.000861
1 0.377259 0.133821 0.377636 0.147375 0.411898 0.142212 0.411333 0.128227
2 0.387989 0.106067 0.445407 0.098752 0.445595 0.106497 0.388178 0.114028
2 0.545181 0.016136 0.595256 0.012478 0.595633 0.019578 0.545369 0.023451
2 0.545557 0.040232 0.596009 0.038296 0.596574 0.04475 0.545746 0.047117
2 0.549322 0.058735 0.601657 0.057659 0.602033 0.064114 0.549511 0.065404
2 0.56363 0.077022 0.608057 0.075947 0.608057 0.083262 0.563818 0.083692
2 0.558735 0.098322 0.612387 0.099182 0.612199 0.107358 0.558923 0.106497
2 0.562688 0.120052 0.61634 0.120912 0.616152 0.128873 0.562876 0.128227
2 0.563253 0.145654 0.617093 0.146299 0.617093 0.15469 0.563441 0.15383
2 0.565512 0.165017 0.620858 0.165017 0.620858 0.174268 0.565889 0.174268
2 0.701242 0.024742 0.702372 0.032272 0.753953 0.030981 0.752447 0.023881
2 0.705196 0.049914 0.706325 0.057444 0.756777 0.057444 0.755271 0.050344
2 0.703502 0.077668 0.704631 0.085198 0.755459 0.08778 0.754142 0.079174
2 0.699925 0.091437 0.701054 0.098967 0.753389 0.100473 0.752447 0.092513
2 0.716679 0.113597 0.717809 0.121127 0.770331 0.122633 0.769767 0.114673
2 0.720633 0.134897 0.721762 0.142427 0.775226 0.143503 0.774285 0.135542
2 0.725904 0.155551 0.72741 0.164587 0.78238 0.163511 0.781626 0.154905
1 0.789533 0.152539 0.795181 0.165878 0.825301 0.163941 0.822666 0.153399 0.818148 0.152108 0.791227 0.152108
1 0.796498 0.116179 0.799699 0.129948 0.829066 0.130809 0.823795 0.116609 0.79744 0.115318
2 0.953125 0.04432 0.986069 0.045611 0.98814 0.053571 0.954631 0.052281
2 0.966491 0.081325 1.0 0.084337 1.0 0.091437 0.966867 0.088425
2 0.01506 0.075947 0.048005 0.066265 0.048569 0.07315 0.014684 0.083046
2 0.009036 0.09531 0.043486 0.086059 0.043675 0.093373 0.00866 0.102625
2 0.004895 0.113382 0.038968 0.105207 0.039157 0.112522 0.00433 0.120697
2 0.000377 0.129088 0.033697 0.121343 0.033697 0.128657 0.0 0.136403
2 0.000377 0.149312 0.029744 0.142212 0.029556 0.149527 0.0 0.156626
2 0.0 0.175344 0.028991 0.168029 0.028991 0.175344 0.0 0.182444
