1 0.108434 0.688683 0.107681 0.709122 0.10881 0.709983 0.138931 0.708907 0.140437 0.707401 0.141378 0.692126 0.14006 0.687177 0.109752 0.688683
1 0.152297 0.675129 0.153614 0.715146 0.155874 0.716007 0.170934 0.714716 0.171122 0.712564 0.170181 0.673408 0.168863 0.672762 0.161333 0.672978 0.153803 0.673838
1 0.112575 0.628227 0.112199 0.646945 0.11314 0.648236 0.144955 0.643933 0.145708 0.627797 0.143637 0.623924 0.113893 0.627582
1 0.121235 0.569707 0.119729 0.589071 0.150038 0.587349 0.151544 0.574441 0.146837 0.567771
1 0.182794 0.524527 0.183358 0.544535 0.213855 0.537651 0.213479 0.516997
1 0.173946 0.589286 0.175452 0.60994 0.176581 0.61037 0.210655 0.603916 0.210843 0.60284 0.209149 0.583907 0.208208 0.583262 0.176017 0.589071
1 0.207267 0.691265 0.204631 0.709122 0.205761 0.711489 0.238517 0.716007 0.240964 0.695783
1 0.262989 0.696859 0.262801 0.698365 0.266002 0.718374 0.272779 0.717298 0.298381 0.710843 0.299887 0.708477 0.30064 0.70568 0.297816 0.688038 0.294992 0.688468
1 0.319465 0.687177 0.319465 0.690189 0.321536 0.708262 0.323795 0.708692 0.356551 0.702883 0.358434 0.700516 0.356175 0.685241 0.352221 0.681153
1 0.3157 0.621988 0.316642 0.642427 0.318336 0.642857 0.352598 0.637048 0.351468 0.616824 0.350527 0.615964 0.317018 0.621343
1 0.259601 0.604776 0.260542 0.625645 0.296687 0.621773 0.295746 0.6037 0.293675 0.600688
1 0.31363 0.547332 0.315324 0.564759 0.317959 0.565189 0.353539 0.559165 0.351845 0.541093 0.350151 0.540663 0.315324 0.545826
1 0.498117 0.655336 0.500188 0.673408 0.502636 0.676635 0.517508 0.674699 0.538592 0.670826 0.536145 0.649742 0.533697 0.648666 0.499059 0.65469
1 0.585655 0.646515 0.586596 0.666954 0.624812 0.663942 0.624059 0.643287 0.587349 0.645869
1 0.568901 0.560671 0.571536 0.58154 0.607681 0.577238 0.608057 0.575947 0.605986 0.55938 0.603351 0.556368 0.570218 0.560026
1 0.628012 0.55895 0.632154 0.577883 0.633848 0.578528 0.669051 0.568417 0.665286 0.552711 0.663404 0.548193 0.661898 0.547978 0.629142 0.557444
1 0.621235 0.500861 0.622929 0.521515 0.658509 0.519578 0.659262 0.517642 0.658509 0.507315 0.651732 0.498709
1 0.557794 0.489458 0.558358 0.509251 0.564571 0.509682 0.594126 0.509682 0.595068 0.508821 0.594503 0.494191 0.593185 0.491394 0.590926 0.488812 0.558923 0.488812
1 0.649661 0.628442 0.652861 0.649527 0.656062 0.649957 0.687124 0.643718 0.688253 0.641781 0.686559 0.62543 0.681664 0.621773
1 0.764684 0.593589 0.766378 0.614028 0.800264 0.611876 0.800828 0.610585 0.798193 0.591007 0.796498 0.590146 0.765813 0.592728
1 0.7468 0.519148 0.746988 0.520869 0.751694 0.539157 0.753577 0.539157 0.78238 0.532702 0.782756 0.530981 0.778991 0.513984 0.777861 0.512694 0.775791 0.512694
1 0.806476 0.582186 0.810994 0.60284 0.841303 0.595525 0.841303 0.592083 0.838855 0.578959 0.836596 0.575516
1 0.847892 0.572719 0.854292 0.61037 0.85561 0.611661 0.865211 0.61037 0.869729 0.609294 0.870482 0.607788 0.862952 0.569492 0.849021 0.572074
1 0.884977 0.605207 0.887236 0.625215 0.916604 0.621773 0.915098 0.60241 0.913215 0.601979 0.889496 0.604561
1 0.876506 0.532917 0.904367 0.530766 0.903614 0.520439 0.902297 0.513124 0.900038 0.510757 0.874247 0.512909 0.873306 0.5142
1 0.845633 0.48537 0.848833 0.498924 0.870105 0.495052 0.867093 0.481282 0.84695 0.484509
1 0.834149 0.445568 0.837914 0.459122 0.857681 0.454604 0.857116 0.446859 0.85561 0.442341 0.854292 0.44105 0.835279 0.444707
1 0.785392 0.497418 0.790286 0.515706 0.791792 0.516351 0.821348 0.509251 0.816642 0.491394 0.814571 0.490318 0.786521 0.496773
1 0.147779 0.109725 0.147402 0.123709 0.176205 0.119621 0.175828 0.106067 0.159639 0.107573
1 0.132907 0.177711 0.129895 0.186317 0.129142 0.192771 0.157191 0.196213 0.160015 0.184165 0.158133 0.179647 0.143261 0.177711
1 0.210655 0.193632 0.209714 0.208262 0.238705 0.203528 0.239458 0.188683
1 0.22948 0.116394 0.228539 0.128442 0.254518 0.125 0.256965 0.115103 0.255083 0.112522 0.231551 0.115964
1 0.279367 0.200732 0.278614 0.212995 0.310053 0.208262 0.308735 0.19858 0.305346 0.195353
1 0.31683 0.171472 0.31683 0.184165 0.320783 0.184596 0.346197 0.180293 0.345633 0.16846 0.344315 0.167384
1 0.416604 0.158563 0.417545 0.171472 0.439383 0.169105 0.44823 0.168029 0.447666 0.156842 0.445971 0.15426 0.417922 0.157487
1 0.407756 0.127367 0.407756 0.140706 0.438065 0.14006 0.438253 0.129303 0.43637 0.125215 0.432794 0.126721 0.410203 0.127582
1 0.480986 0.114888 0.480798 0.126936 0.507154 0.126506 0.510542 0.122849 0.510354 0.114028
1 0.567395 0.085413 0.564006 0.111015 0.579066 0.112306 0.582078 0.08778 0.57003 0.085413 0.568148 0.084337
1 0.535768 0.009036 0.538592 0.020009 0.565324 0.016136 0.560994 0.004948
1 0.602033 0.10327 0.60448 0.117685 0.633095 0.114028 0.631212 0.101119 0.628953 0.099828
1 0.639119 0.128012 0.641566 0.139415 0.669616 0.1392 0.666227 0.126721
2 0.611446 0.1179 0.613517 0.128227 0.640813 0.127367 0.658697 0.126936 0.659639 0.122418 0.618599 0.121558 0.61747 0.11747
1 0.670557 0.047332 0.672816 0.052711 0.673569 0.05852 0.701431 0.056583 0.701431 0.054432 0.698607 0.044105 0.671687 0.046687
1 0.705008 0.049914 0.708961 0.061962 0.735128 0.060671 0.730986 0.047547
2 0.597139 0.064114 0.597703 0.070998 0.64006 0.069277 0.639684 0.062823
1 0.931476 0.324871 0.937312 0.340361 0.962161 0.338425 0.956702 0.322719 0.935994 0.324226
1 0.863705 0.288296 0.868411 0.304217 0.896461 0.299914 0.891378 0.283778 0.864646 0.287651
1 0.823419 0.284208 0.82869 0.300559 0.855422 0.296472 0.851657 0.280551 0.849021 0.280336 0.825113 0.283778
1 0.79198 0.219234 0.80177 0.232573 0.821913 0.220955 0.823607 0.217728 0.820407 0.214286 0.814571 0.206756 0.798004 0.215577
1 0.775038 0.263124 0.777108 0.27883 0.799887 0.27926 0.804782 0.278399 0.807982 0.275387 0.805158 0.262048 0.777673 0.262263 0.775979 0.262263
1 0.786898 0.35327 0.791416 0.374139 0.824548 0.370052 0.82003 0.349828 0.818336 0.342083 0.785392 0.34531
1 0.762425 0.315189 0.769767 0.344449 0.805723 0.33778 0.798004 0.310026 0.774661 0.312608
2 0.83622 0.247849 0.84055 0.260327 0.861822 0.2571 0.85994 0.25043 0.844126 0.252582 0.841867 0.246988
1 0.674134 0.259897 0.676205 0.272806 0.70802 0.269148 0.705761 0.253012 0.677334 0.256239
1 0.703125 0.349182 0.705196 0.36704 0.740023 0.364028 0.734563 0.34617
1 0.611822 0.240749 0.614081 0.2571 0.642884 0.2571 0.645331 0.253657 0.643072 0.240534
1 0.602598 0.335628 0.605045 0.353485 0.638178 0.350688 0.638742 0.348967 0.636107 0.332401
1 0.481175 0.351334 0.487011 0.367255 0.50866 0.358219 0.519202 0.353485 0.512989 0.337134 0.504142 0.341437
2 0.419239 0.374139 0.419992 0.382315 0.457831 0.376721 0.456702 0.369191
1 0.307982 0.335843 0.307794 0.35284 0.341114 0.350258 0.341679 0.336059 0.340173 0.332831
1 0.313441 0.289587 0.313253 0.305723 0.347327 0.304217 0.346386 0.290448 0.342997 0.28722
1 0.301205 0.393503 0.301393 0.410929 0.302899 0.41136 0.335467 0.407917 0.334714 0.390275 0.333961 0.3892
1 0.244917 0.381239 0.244729 0.389845 0.277108 0.388124 0.277108 0.378873 0.276544 0.370482 0.245482 0.372633
1 0.031627 0.402324 0.032944 0.418675 0.060053 0.407487 0.057229 0.392857
1 0.122364 0.399742 0.122364 0.417814 0.154556 0.410284 0.154367 0.396945 0.151167 0.392642
1 0.188441 0.41136 0.187312 0.427711 0.188253 0.428356 0.221574 0.424914 0.222327 0.413081 0.222515 0.407487 0.220068 0.406196 0.191265 0.410284
1 0.191453 0.361231 0.192206 0.36704 0.192018 0.378012 0.225151 0.373924 0.225715 0.359509 0.224398 0.356282 0.192771 0.359079
1 0.200489 0.32401 0.204443 0.339286 0.205008 0.339286 0.236258 0.328528 0.233434 0.314759 0.230986 0.313683 0.20256 0.32315
1 0.126883 0.306583 0.125565 0.32358 0.156062 0.323365 0.157568 0.307659
1 0.071348 0.149527 0.068524 0.164587 0.09695 0.159208 0.097327 0.144363
1 0.875376 0.14716 0.878953 0.159854 0.904744 0.158563 0.902108 0.151678 0.897967 0.144578
2 0.865023 0.129948 0.868411 0.141136 0.889119 0.14006 0.887425 0.132745 0.872741 0.133606 0.8718 0.128873
1 0.856739 0.114673 0.858998 0.12543 0.882718 0.124355 0.882342 0.118115 0.879706 0.10994 0.85881 0.1108
1 0.85448 0.093804 0.858057 0.107143 0.875941 0.103485 0.872553 0.092083
1 0.016943 0.032917 0.016566 0.042169 0.036333 0.038941 0.035392 0.03012
