1 0.51226 0.708333 0.509375 0.727244 0.541586 0.734936 0.542788 0.714744
1 0.361058 0.710577 0.359135 0.730128 0.389663 0.730769 0.389904 0.711538
1 0.565625 0.844551 0.565385 0.866346 0.597596 0.86891 0.596154 0.847756
1 0.628365 0.861538 0.631731 0.883654 0.66226 0.882372 0.665144 0.880128 0.661298 0.858333 0.633654 0.859295 0.629808 0.859936
1 0.718029 0.829487 0.719712 0.850641 0.751683 0.852244 0.751683 0.85032 0.749519 0.83109
1 0.838462 0.785897 0.841827 0.803526 0.863221 0.813782 0.858654 0.793269 0.839423 0.785256
1 0.957212 0.754167 0.96226 0.772756 0.992067 0.776603 0.988221 0.759615 0.987019 0.759295 0.985577 0.757051 0.959615 0.753846
1 0.965144 0.613141 0.969712 0.628205 0.996394 0.632372 0.99351 0.616346 0.967308 0.6125
1 0.946875 0.548718 0.953125 0.564103 0.976202 0.563141 0.972356 0.552564 0.971154 0.551923 0.969231 0.549359 0.949279 0.548397
1 0.916346 0.442628 0.922115 0.455128 0.942548 0.452885 0.938702 0.444872 0.936058 0.442949 0.934375 0.441667 0.916346 0.441667
1 0.948798 0.44968 0.953846 0.461218 0.975721 0.459615 0.96899 0.447756 0.95024 0.44968
1 0.861058 0.388462 0.868029 0.401923 0.887019 0.404487 0.883894 0.390385
1 0.877404 0.349038 0.880529 0.359615 0.902404 0.359936 0.89976 0.348718 0.878606 0.347436
1 0.894712 0.39359 0.898317 0.406731 0.924519 0.409295 0.91899 0.395833
1 0.928846 0.397436 0.933173 0.408974 0.958414 0.411538 0.953365 0.398397
1 0.96226 0.4 0.966586 0.4125 0.992788 0.414744 0.98726 0.400641 0.962981 0.399679
1 0.639663 0.425962 0.641346 0.438462 0.665144 0.438141 0.663462 0.426603
1 0.675721 0.380449 0.676683 0.390064 0.701202 0.391346 0.698077 0.380449
1 0.728125 0.385256 0.733413 0.396474 0.752644 0.392628 0.744471 0.382051
1 0.25625 0.580449 0.250721 0.595192 0.27524 0.601282 0.279327 0.601923 0.283413 0.588462 0.28101 0.585897
4 0.418269 0.702885 0.41851 0.708013 0.442308 0.707372 0.442067 0.702244
4 0.126202 0.706731 0.12524 0.711538 0.150481 0.713782 0.150962 0.708974
1 0.025962 0.355128 0.022596 0.364744 0.047356 0.363141 0.05024 0.355128 0.049519 0.352885
1 0.745192 0.432372 0.746154 0.44391 0.769952 0.447115 0.767788 0.434936
4 0.100481 0.799679 0.099519 0.805128 0.125 0.808013 0.126683 0.803205
4 0.308654 0.800641 0.308654 0.805449 0.335577 0.80641 0.334856 0.801603
4 0.413221 0.802244 0.413221 0.808013 0.439183 0.807692 0.439423 0.802244
4 0.626202 0.814744 0.626683 0.820513 0.652163 0.820192 0.651442 0.815064
4 0.780288 0.833974 0.78101 0.838782 0.80601 0.841026 0.805529 0.835577
4 0.715385 0.7625 0.715625 0.768269 0.74976 0.770833 0.749279 0.763782
1 0.79351 0.609936 0.797837 0.624359 0.82476 0.623077 0.820192 0.608974 0.817788 0.607372
1 0.63149 0.568269 0.632212 0.582692 0.658173 0.583654 0.656731 0.569231
4 0.514423 0.589423 0.514423 0.59391 0.535577 0.595513 0.535817 0.591026
2 0.138462 0.825641 0.136058 0.838141 0.176442 0.841987 0.178606 0.830449
2 0.201923 0.839423 0.201442 0.846474 0.227404 0.848718 0.227885 0.841987
2 0.036538 0.825 0.035096 0.832051 0.060096 0.833974 0.062019 0.826923
2 0.223317 0.741346 0.222115 0.748077 0.246154 0.75032 0.246875 0.74391
2 0.469471 0.737179 0.469712 0.74359 0.49351 0.745192 0.49351 0.738782
1 0.594231 0.633333 0.595192 0.649038 0.622356 0.652244 0.620673 0.636859
1 0.633413 0.638462 0.633413 0.651923 0.633413 0.657372 0.66226 0.661218 0.660096 0.642628
4 0.164423 0.734936 0.163702 0.741667 0.198798 0.745192 0.199519 0.738141
2 0.525 0.844872 0.525 0.85 0.547356 0.852564 0.548317 0.846795
