1 0.229669 0.437177 0.252636 0.433735 0.251883 0.445998 0.229669 0.447935
1 0.255836 0.430938 0.274096 0.428141 0.277485 0.429217 0.275414 0.440189 0.269767 0.440835 0.255271 0.44148
1 0.24134 0.472246 0.262989 0.473537 0.259789 0.484079 0.257718 0.485155 0.238705 0.484509
1 0.221009 0.475904 0.239458 0.475043 0.23814 0.487522 0.220256 0.488597
1 0.266943 0.470095 0.287462 0.467943 0.287086 0.482143 0.266002 0.483003
1 0.260166 0.516136 0.281062 0.515275 0.281815 0.531411 0.260919 0.531411 0.258848 0.530551
1 0.28878 0.519148 0.307794 0.517642 0.306852 0.532702 0.286898 0.533563
1 0.291792 0.476549 0.311747 0.475473 0.310806 0.487306 0.28991 0.487952
1 0.317395 0.429647 0.338667 0.428356 0.337726 0.440835 0.317583 0.442126 0.316077 0.441695
1 0.335843 0.469449 0.360128 0.47031 0.360128 0.482788 0.359752 0.485155 0.334337 0.485585
1 0.359375 0.422762 0.379895 0.420611 0.379895 0.434165 0.359563 0.436532
1 0.384601 0.427281 0.404744 0.426635 0.405874 0.439329 0.384036 0.439544 0.384224 0.427496
1 0.40738 0.424484 0.430158 0.423838 0.430535 0.437392 0.407003 0.438683
1 0.381401 0.47031 0.403614 0.474182 0.403614 0.486876 0.378577 0.484725
1 0.411521 0.470525 0.437124 0.472892 0.434676 0.48537 0.43317 0.486661 0.410768 0.48537
1 0.357116 0.500861 0.37613 0.498924 0.377071 0.512048 0.357869 0.512694
1 0.3782 0.515921 0.39759 0.51506 0.398155 0.529905 0.377447 0.52969
1 0.408321 0.516997 0.432605 0.516566 0.432982 0.532487 0.407944 0.530551
1 0.445595 0.512263 0.461032 0.511188 0.463667 0.510112 0.464232 0.524957 0.444465 0.524957
1 0.444465 0.540017 0.464232 0.538942 0.463479 0.554862 0.444089 0.554862
1 0.478727 0.516781 0.498306 0.515275 0.499435 0.529045 0.479292 0.531411
1 0.503577 0.515921 0.52259 0.513769 0.523343 0.525602 0.523532 0.527754 0.50433 0.529045
1 0.528426 0.512263 0.547628 0.511833 0.548758 0.526678 0.528238 0.526033
1 0.480986 0.464286 0.498494 0.462565 0.499435 0.474828 0.482492 0.476334 0.481363 0.464716
1 0.50113 0.46364 0.521273 0.464501 0.521084 0.47784 0.501694 0.476979
1 0.524849 0.465361 0.541416 0.462349 0.543298 0.474398 0.525414 0.477194
1 0.477974 0.417169 0.495482 0.416093 0.497364 0.428571 0.47948 0.430077
1 0.5 0.43352 0.519014 0.433305 0.520896 0.445353 0.499624 0.444923
1 0.52372 0.415663 0.540098 0.417384 0.541604 0.428571 0.523343 0.427711
1 0.552146 0.516566 0.571348 0.515491 0.571536 0.528399 0.55384 0.529045
1 0.571913 0.512694 0.592244 0.512478 0.594315 0.525387 0.572289 0.525818
1 0.572101 0.465792 0.593938 0.462134 0.596386 0.477625 0.574172 0.478916 0.571536 0.465577
1 0.59488 0.463425 0.617846 0.461919 0.619541 0.476119 0.597327 0.478701
1 0.595444 0.521084 0.62067 0.520439 0.621988 0.536575 0.597139 0.536145
1 0.620482 0.509466 0.646649 0.509036 0.647967 0.524957 0.622176 0.524527
1 0.621047 0.478916 0.645708 0.479346 0.646837 0.49247 0.620294 0.493115
1 0.647779 0.511403 0.669992 0.511403 0.671687 0.526033 0.648908 0.526248
1 0.641002 0.413726 0.659639 0.413726 0.662086 0.426205 0.641566 0.425559
1 0.666604 0.423838 0.684676 0.422762 0.687124 0.43438 0.668298 0.435886
1 0.674887 0.521945 0.700489 0.518287 0.702748 0.52216 0.704819 0.533133 0.67884 0.53722
1 0.701054 0.510542 0.723456 0.509897 0.724962 0.510542 0.726845 0.524527 0.703878 0.525387 0.702372 0.518503
1 0.692206 0.461704 0.717056 0.459768 0.71988 0.472246 0.694277 0.473537
1 0.71762 0.418675 0.731175 0.414157 0.733057 0.420826 0.719315 0.424268
1 0.759036 0.412866 0.782191 0.412651 0.78558 0.425129 0.76186 0.425774
1 0.786709 0.415448 0.810806 0.415017 0.810806 0.420826 0.810806 0.429432 0.788215 0.429432 0.786521 0.424699
1 0.720633 0.45611 0.740211 0.45611 0.743223 0.47031 0.722515 0.469019 0.720444 0.456756
1 0.744164 0.458262 0.764872 0.457186 0.767319 0.457401 0.769578 0.470955 0.746611 0.472461
1 0.768072 0.456325 0.790851 0.455034 0.792922 0.469019 0.770331 0.470525
1 0.726845 0.508176 0.746235 0.505379 0.749247 0.519363 0.729669 0.521515
1 0.755836 0.510327 0.775602 0.508176 0.778426 0.520654 0.759224 0.524096
1 0.779932 0.511188 0.799699 0.50753 0.803087 0.521945 0.783133 0.523881
1 0.801017 0.508606 0.824736 0.506239 0.827372 0.521515 0.804029 0.524312
1 0.28878 0.686317 0.314759 0.688253 0.312876 0.704174 0.286709 0.703098
1 0.34488 0.678141 0.370105 0.679002 0.372364 0.682659 0.372364 0.696213 0.34488 0.694707
1 0.384601 0.623494 0.408509 0.625 0.407944 0.642427 0.383283 0.638769
1 0.42884 0.680938 0.455384 0.681799 0.453313 0.699441 0.427899 0.699226
1 0.436559 0.623279 0.461408 0.624139 0.462349 0.641566 0.434488 0.63963
1 0.471009 0.69062 0.499812 0.689974 0.50113 0.707831 0.471197 0.708907
1 0.548758 0.687608 0.578878 0.689114 0.578502 0.708046 0.548381 0.70611
1 0.548381 0.624139 0.576054 0.624355 0.576619 0.641351 0.548569 0.640921
1 0.59262 0.649096 0.62387 0.651678 0.623117 0.668244 0.59262 0.666523
1 0.592809 0.698795 0.611822 0.697289 0.624624 0.698365 0.625941 0.714286 0.597139 0.717298
1 0.633095 0.682014 0.659639 0.681368 0.662274 0.701162 0.633848 0.701377
1 0.632342 0.623709 0.657756 0.623709 0.658509 0.640275 0.632718 0.640491
1 0.692395 0.620697 0.718185 0.619406 0.721009 0.636188 0.694277 0.637478
1 0.692206 0.682659 0.698042 0.681368 0.698042 0.679217 0.720821 0.679002 0.722703 0.696644 0.695407 0.700301
1 0.72628 0.724613 0.756401 0.723107 0.759601 0.741824 0.728916 0.7429
1 0.806099 0.688683 0.835655 0.687608 0.839608 0.705895 0.810617 0.708907
1 0.815512 0.655551 0.841679 0.653399 0.843562 0.671472 0.817771 0.673623
