1 0.181731 0.486538 0.179327 0.501282 0.19351 0.5 0.207452 0.499038 0.209135 0.484295 0.197356 0.484615 0.18774 0.485577
1 0.134135 0.516026 0.128125 0.530769 0.142308 0.534615 0.15625 0.53718 0.159615 0.521795 0.150962 0.51891 0.140625 0.516987
1 0.111298 0.566346 0.108413 0.58109 0.125 0.579808 0.140144 0.578526 0.142548 0.563782 0.13101 0.564423 0.118269 0.565385
1 0.11274 0.598718 0.107452 0.602244 0.102644 0.609295 0.107452 0.613141 0.114663 0.617308 0.128365 0.623077 0.13774 0.607372 0.126442 0.601603 0.119952 0.6 0.115385 0.598718
1 0.098798 0.658013 0.094231 0.665705 0.092548 0.672436 0.10625 0.675 0.122596 0.675641 0.127404 0.658654 0.114183 0.657692 0.103846 0.657372
1 0.092548 0.735577 0.088221 0.744231 0.086058 0.753846 0.099038 0.752564 0.117308 0.751282 0.120673 0.747436 0.124279 0.733654 0.116346 0.733654 0.103846 0.734295 0.096875 0.735256
1 0.208173 0.60609 0.209375 0.623397 0.227644 0.619551 0.241587 0.615705 0.240385 0.59968 0.229808 0.601603 0.218269 0.604487
1 0.243269 0.558013 0.240385 0.573718 0.269471 0.573397 0.270433 0.557692 0.255288 0.557372
1 0.270913 0.525962 0.276202 0.540064 0.303846 0.52468 0.297115 0.514423 0.285577 0.519551
1 0.372837 0.571795 0.375 0.58718 0.404808 0.578846 0.400962 0.566026 0.39375 0.566667 0.384135 0.569231
1 0.404087 0.526282 0.401442 0.538141 0.415385 0.540064 0.428365 0.540705 0.430048 0.527885 0.416587 0.527564
1 0.416827 0.490705 0.417067 0.503526 0.44351 0.501282 0.443269 0.490705 0.432212 0.490385 0.421635 0.490064
1 0.750481 0.605449 0.753846 0.623077 0.765625 0.620513 0.78149 0.620833 0.778365 0.603205 0.764904 0.603846 0.755529 0.604167
1 0.797596 0.69359 0.797837 0.71218 0.797596 0.714744 0.809135 0.716346 0.816587 0.71859 0.83125 0.722436 0.829567 0.702564 0.808654 0.696474 0.796394 0.692949
1 0.643269 0.521154 0.646635 0.535897 0.662019 0.536859 0.673798 0.535897 0.670673 0.519551 0.655769 0.520513
1 0.640144 0.498718 0.643029 0.513462 0.66875 0.511218 0.665625 0.496474 0.652163 0.497436
1 0.641587 0.480769 0.641346 0.492949 0.665865 0.49391 0.665385 0.482372 0.653365 0.481731
0 0.61899 0.217308 0.625 0.265705 0.642788 0.265064 0.7 0.257051 0.6875 0.206731 0.659615 0.20641 0.633413 0.213141
0 0.627404 0.271154 0.634135 0.309615 0.637019 0.32468 0.675721 0.320833 0.711779 0.318269 0.707212 0.290385 0.703125 0.271795 0.70024 0.259936 0.665865 0.265705 0.640625 0.269231
0 0.702644 0.257372 0.714183 0.318269 0.785817 0.315385 0.780529 0.286859 0.772115 0.271795 0.770673 0.26218 0.723798 0.260577
0 0.912981 0.254167 0.929087 0.273077 0.936779 0.303846 0.976442 0.302885 0.999038 0.301282 0.996875 0.286538 0.987981 0.267308 0.978125 0.249359 0.952885 0.25 0.931731 0.252244
