0 0.028803 0.233649 0.064759 0.231928 0.106363 0.238597 0.092244 0.288941 0.046122 0.284423 0.010354 0.286145
0 0.407756 0.212134 0.42884 0.214286 0.449172 0.214071 0.48381 0.217513 0.485881 0.271299 0.405685 0.271299
4 0.31683 0.217943 0.374059 0.214071 0.373682 0.249139 0.314383 0.253657
4 0.340926 0.101549 0.393072 0.101549 0.390625 0.127797 0.336973 0.128227
0 0.663968 0.072504 0.722892 0.075086 0.737764 0.1108 0.674699 0.110155
0 0.714797 0.204389 0.778238 0.202668 0.793486 0.253873 0.724209 0.260327 0.712914 0.204174
0 0.202937 0.453959 0.288592 0.451162 0.280874 0.527108 0.190324 0.532487
0 0.489458 0.422762 0.576242 0.423838 0.578878 0.497633 0.487387 0.496558
0 0.73814 0.427065 0.812124 0.421472 0.815512 0.458262 0.83509 0.477194 0.814383 0.47827 0.792169 0.478916 0.759036 0.48537 0.75433 0.472461 0.748117 0.466652 0.741717 0.458262 0.73814 0.440189
0 0.349962 0.665232 0.381777 0.662005 0.382718 0.682874 0.351657 0.684811
0 0.355233 0.748279 0.387048 0.748709 0.388554 0.769793 0.354669 0.770009
0 0.553276 0.790663 0.587726 0.785714 0.591491 0.807874 0.555346 0.813683
0 0.572854 0.681153 0.601092 0.678787 0.60128 0.695568 0.573983 0.697504
0 0.871611 0.671472 0.897402 0.669105 0.900979 0.676635 0.902297 0.686317 0.874247 0.690835 0.870105 0.672547
0 0.847515 0.593374 0.872741 0.590577 0.876694 0.606497 0.851092 0.610585
