1 0.392319 0.260542 0.392696 0.269148 0.411898 0.267427 0.411333 0.259466
1 0.39552 0.312608 0.395143 0.322935 0.415663 0.32358 0.41698 0.313683
1 0.461973 0.240103 0.461785 0.248494 0.481363 0.250645 0.481551 0.24247
1 0.515813 0.328528 0.514684 0.331971 0.515625 0.338855 0.536145 0.33864 0.538027 0.334552 0.538404 0.331756 0.535392 0.328959
1 0.607869 0.277108 0.608622 0.287005 0.6282 0.288081 0.630271 0.283778 0.629142 0.277969
1 0.755459 0.296256 0.758848 0.305508 0.777861 0.305293 0.775038 0.296041
1 0.755271 0.320998 0.759601 0.330034 0.776732 0.330895 0.775038 0.321644
1 0.779932 0.347461 0.78238 0.357788 0.802523 0.358219 0.799511 0.348322
1 0.89119 0.482143 0.894767 0.494621 0.915663 0.495482 0.912839 0.483864
1 0.90625 0.516566 0.911333 0.52969 0.930911 0.526033 0.925452 0.514845 0.914345 0.515275
1 0.915663 0.555938 0.920557 0.570138 0.940136 0.568847 0.935429 0.554432
1 0.059864 0.637478 0.047816 0.651248 0.070783 0.662651 0.076807 0.650387 0.077184 0.645654
