1 0.181476 0.105207 0.180723 0.121773 0.209149 0.10994 0.20802 0.094664
1 0.129518 0.131454 0.126506 0.14006 0.127071 0.149312 0.15945 0.136833 0.162086 0.123709 0.161333 0.120482
1 0.133095 0.1108 0.130836 0.126506 0.164721 0.113382 0.166792 0.098752
1 0.141755 0.090577 0.137613 0.100258 0.136672 0.105852 0.167922 0.09617 0.172816 0.084552 0.173569 0.080895
2 0.181476 0.071644 0.178464 0.086489 0.201807 0.08068 0.203125 0.076592 0.229669 0.068632 0.228916 0.05895
1 0.253765 0.063683 0.2532 0.079174 0.267131 0.071429 0.28991 0.062177 0.28991 0.048838 0.283697 0.047547 0.268449 0.054647 0.261107 0.058735
1 0.254518 0.034639 0.2532 0.05099 0.286521 0.039372 0.287086 0.026678 0.286145 0.023666
1 0.294992 0.047332 0.293298 0.064329 0.330761 0.053356 0.33302 0.039372 0.330384 0.036575 0.299887 0.045826
1 0.342997 0.025172 0.343562 0.041523 0.384789 0.026893 0.381965 0.012263 0.376506 0.013124 0.347892 0.023021
1 0.467056 0.020224 0.468185 0.03722 0.511107 0.026033 0.509977 0.011618 0.506777 0.009036 0.470821 0.018933
1 0.217056 0.023021 0.216303 0.037866 0.25 0.024527 0.25 0.011403 0.248494 0.010327
4 0.139119 0.810241 0.14006 0.81691 0.175264 0.799053 0.173946 0.792814
4 0.054217 0.835843 0.05384 0.844019 0.087726 0.844019 0.087538 0.836919
