1 0.032568 0.017427 0.040851 0.044966 0.073983 0.028399 0.07869 0.023881 0.071348 0.000215 0.064571 0.0
1 0.071348 0.123279 0.076619 0.148666 0.113893 0.138554 0.10881 0.113167 0.071913 0.123064
1 0.194277 0.00796 0.199736 0.038296 0.245294 0.029045 0.240964 0.0 0.229857 0.0
1 0.145331 0.075086 0.14872 0.104131 0.189194 0.098752 0.186935 0.069707
1 0.302523 0.013554 0.304029 0.044966 0.349962 0.038941 0.349021 0.009466
1 0.322289 0.106928 0.323607 0.137478 0.369729 0.134897 0.368223 0.105422
1 0.415474 0.080895 0.421687 0.111446 0.469691 0.094449 0.464608 0.062608
1 0.734187 0.0 0.733434 0.01506 0.785015 0.014845 0.78558 0.000215
1 0.725339 0.082616 0.723645 0.114458 0.770331 0.120052 0.77259 0.094664 0.770331 0.08821
1 0.919992 0.075947 0.911709 0.107143 0.946348 0.113812 0.957078 0.112522 0.964797 0.085628
1 0.33509 0.39006 0.333773 0.432874 0.353916 0.436532 0.35448 0.424699 0.35561 0.391351
1 0.477974 0.815189 0.474586 0.840146 0.488893 0.840361 0.491717 0.815404
1 0.554217 0.811102 0.556664 0.841437 0.571348 0.841437 0.568336 0.811317
1 0.692771 0.805508 0.697854 0.821859 0.725904 0.817986 0.720633 0.802065 0.702937 0.802496
