1 0.216491 0.478055 0.23381 0.479776 0.230798 0.490534 0.213102 0.488812
1 0.2468 0.47741 0.26619 0.475688 0.265625 0.4858 0.245294 0.487737
1 0.736822 0.466437 0.761483 0.466007 0.763931 0.47827 0.738328 0.476979
1 0.359375 0.634036 0.383095 0.639845 0.379895 0.655551 0.354292 0.649742
1 0.419051 0.638769 0.445971 0.637909 0.445595 0.65426 0.41811 0.65512
1 0.542733 0.645224 0.542733 0.635757 0.578878 0.635757 0.580384 0.651893 0.542922 0.651248
1 0.680723 0.636833 0.710655 0.637694 0.712726 0.652539 0.682794 0.654045
1 0.760166 0.646945 0.790286 0.645224 0.794616 0.66222 0.764872 0.665232
1 0.800452 0.715792 0.831325 0.713425 0.836785 0.732358 0.804217 0.736231 0.798758 0.717298
1 0.797063 0.753227 0.829631 0.748494 0.835279 0.766351 0.834337 0.769363 0.802334 0.773666
1 0.121423 0.523021 0.134977 0.522375 0.130271 0.534208 0.115964 0.533563
1 0.022967 0.503442 0.034827 0.504733 0.036333 0.507745 0.03558 0.510327 0.034262 0.516566 0.018825 0.513769
1 0.040098 0.604346 0.05497 0.604991 0.052334 0.616824 0.035015 0.616394
