2 0.28125 0.19815 0.324736 0.193417 0.325113 0.204389 0.280497 0.207831
2 0.180346 0.187177 0.221574 0.184596 0.220256 0.195138 0.175075 0.196644
2 0.128577 0.651678 0.173758 0.652108 0.172628 0.663296 0.127824 0.663081
1 0.195595 0.670181 0.22308 0.668244 0.226468 0.684165 0.194277 0.688683
1 0.212538 0.605207 0.240399 0.611016 0.236822 0.629088 0.208584 0.621988
3 0.280309 0.648021 0.363705 0.644578 0.366905 0.675774 0.277108 0.683735
1 0.420181 0.584122 0.450866 0.584552 0.450489 0.60284 0.418298 0.601334
1 0.547252 0.576807 0.578502 0.578959 0.580572 0.597676 0.548381 0.59531
1 0.673569 0.579389 0.707267 0.58068 0.710467 0.600258 0.675075 0.598107
1 0.76506 0.562608 0.793486 0.554217 0.802146 0.572935 0.771649 0.581971
1 0.845068 0.552711 0.872741 0.546472 0.877259 0.552711 0.880459 0.563253 0.850527 0.569277
