1 0.425 0.389103 0.435817 0.390705 0.432933 0.412821 0.421394 0.411859
2 0.482212 0.358974 0.559375 0.366026 0.558654 0.398397 0.478125 0.390705 0.481731 0.360256
2 0.632933 0.375962 0.71899 0.383333 0.719231 0.411218 0.633173 0.406731
2 0.629808 0.276603 0.704327 0.281731 0.70601 0.307692 0.63125 0.304167
1 0.101202 0.60609 0.129087 0.60609 0.125721 0.622436 0.096875 0.621154
1 0.168269 0.623718 0.194952 0.625641 0.189663 0.642628 0.163221 0.639744
1 0.236779 0.638141 0.261058 0.642308 0.258173 0.658013 0.230769 0.652244
1 0.297115 0.603526 0.323558 0.609295 0.31899 0.625 0.291827 0.61891 0.297115 0.604167
1 0.355048 0.617949 0.382452 0.621154 0.380529 0.637821 0.351923 0.633013
1 0.418269 0.647436 0.446394 0.648718 0.444471 0.666667 0.416106 0.665064
1 0.587019 0.659936 0.614183 0.663782 0.615625 0.679167 0.586779 0.675641
2 0.572836 0.644551 0.607933 0.647115 0.607933 0.65609 0.573317 0.652885
1 0.580288 0.609615 0.608173 0.616026 0.607692 0.632051 0.578846 0.625641
2 0.572356 0.598397 0.604808 0.601282 0.605529 0.608974 0.572836 0.60641 0.572356 0.599038
1 0.601683 0.570192 0.627885 0.572115 0.628606 0.585577 0.601202 0.583654
1 0.649279 0.571154 0.67524 0.577885 0.675721 0.590385 0.67476 0.592628 0.647356 0.585897
3 0.629087 0.638782 0.680288 0.642949 0.680288 0.663782 0.629087 0.658974
1 0.679808 0.625641 0.696394 0.626282 0.706971 0.62532 0.709135 0.641346 0.68125 0.641346 0.679808 0.629808
1 0.697836 0.665064 0.72524 0.667308 0.727163 0.684615 0.727644 0.686538 0.697356 0.68141 0.696154 0.665385
2 0.682212 0.655449 0.716586 0.657051 0.716827 0.666026 0.682692 0.663462
1 0.752404 0.601282 0.780529 0.600962 0.783173 0.617308 0.75625 0.616987
4 0.741587 0.654167 0.789423 0.659936 0.79351 0.696154 0.744712 0.690064
4 0.338221 0.595192 0.364423 0.598397 0.361538 0.617949 0.355048 0.616346 0.353846 0.619551 0.333654 0.621154 0.337981 0.601923
4 0.285337 0.583654 0.311058 0.585897 0.307452 0.605449 0.296635 0.602244 0.294712 0.609295 0.280288 0.607692
1 0.060337 0.775 0.087981 0.776282 0.089423 0.779487 0.085577 0.796154 0.055288 0.794872
1 0.119231 0.788462 0.15024 0.78782 0.144712 0.808654 0.114663 0.808654
1 0.199038 0.7875 0.224519 0.799038 0.22476 0.805128 0.217308 0.819872 0.189663 0.807372
1 0.209135 0.755449 0.23774 0.755128 0.237981 0.764744 0.236538 0.775 0.20649 0.772436
1 0.242067 0.826603 0.256731 0.789103 0.271635 0.795192 0.25625 0.833013 0.242548 0.827564
1 0.289904 0.80032 0.31851 0.80641 0.313702 0.827564 0.284375 0.820833
1 0.327163 0.819872 0.358413 0.826282 0.354808 0.846795 0.323077 0.839744
4 0.37476 0.800641 0.398798 0.805769 0.399519 0.80641 0.395192 0.829487 0.369952 0.824359
1 0.386058 0.778526 0.413462 0.789423 0.409375 0.808333 0.39976 0.805449 0.379808 0.798077 0.385817 0.779808
4 0.39351 0.759936 0.420433 0.761859 0.414423 0.793269 0.413942 0.788782 0.389904 0.779167 0.392548 0.760577
4 0.328365 0.797436 0.356971 0.798397 0.353365 0.824038 0.326923 0.81859 0.324519 0.829808 0.322115 0.829487
1 0.487019 0.814103 0.517067 0.808974 0.521635 0.828846 0.488462 0.834936
2 0.471635 0.798718 0.508413 0.800641 0.508173 0.810256 0.503125 0.810897 0.471394 0.810256
3 0.583414 0.807372 0.61899 0.810897 0.620192 0.869872 0.583414 0.864103
4 0.620913 0.767949 0.647837 0.769551 0.65024 0.810577 0.622596 0.808654
1 0.659615 0.789103 0.689664 0.788782 0.692788 0.807051 0.66274 0.809615
1 0.664904 0.828205 0.698558 0.833333 0.700481 0.855449 0.667067 0.850962
1 0.701923 0.810256 0.733894 0.813141 0.734615 0.834615 0.702163 0.830769
3 0.743269 0.820513 0.786538 0.821154 0.791586 0.865705 0.747115 0.864744
1 0.799038 0.822115 0.83149 0.823718 0.833894 0.844231 0.801683 0.842628
0 0.895192 0.766026 0.902163 0.766346 0.898798 0.751282 0.962981 0.751282 0.982452 0.792308 0.99399 0.804808 0.987019 0.811538 0.99351 0.831731 0.917308 0.825321 0.914904 0.815385 0.908654 0.808013 0.897837 0.78141
4 0.899519 0.670833 0.924519 0.672756 0.932452 0.700321 0.904086 0.696154
