0 0.401167 0.303356 0.465926 0.299914 0.466867 0.348107 0.398532 0.351549
0 0.667922 0.30142 0.727221 0.30809 0.73814 0.355637 0.677899 0.348967
1 0.205384 0.754088 0.231928 0.756239 0.230233 0.773451 0.204255 0.771515
1 0.298004 0.75753 0.326996 0.75796 0.325866 0.775387 0.298946 0.775602
1 0.306664 0.685886 0.332831 0.686532 0.332267 0.702022 0.305911 0.701377
1 0.361258 0.708692 0.389872 0.707831 0.389496 0.724828 0.361069 0.725904
1 0.409639 0.721601 0.437876 0.71988 0.438818 0.736016 0.410015 0.738812
1 0.44936 0.729561 0.449172 0.747633 0.479104 0.747418 0.479104 0.729346
1 0.493035 0.731497 0.522214 0.728916 0.52372 0.746558 0.520143 0.747418 0.493035 0.75
1 0.530874 0.72827 0.560429 0.724182 0.562876 0.7429 0.533697 0.747203
1 0.579254 0.728916 0.608434 0.726549 0.610128 0.744621 0.580572 0.747633
2 0.439383 0.761403 0.478351 0.762048 0.478351 0.7713 0.438441 0.771515
2 0.484187 0.761188 0.522967 0.761833 0.522967 0.771084 0.483057 0.7713
2 0.526732 0.758821 0.565512 0.759466 0.565512 0.768718 0.525602 0.768933
1 0.57003 0.762263 0.609187 0.760327 0.609752 0.769793 0.570783 0.770869
2 0.686182 0.646084 0.697289 0.645224 0.712538 0.648451 0.740211 0.645869 0.740776 0.65426 0.686935 0.657487
