0 0.029744 0.288726 0.092244 0.283133 0.064947 0.327238 0.000565 0.328959
0 0.294051 0.238597 0.356551 0.226549 0.349962 0.266351 0.283886 0.277324 0.294239 0.239888
0 0.688253 0.197504 0.748494 0.197935 0.782944 0.26463 0.800264 0.324226 0.724962 0.32315 0.693901 0.215792
1 0.068336 0.470525 0.088479 0.46988 0.085279 0.483434 0.064006 0.483219
1 0.020143 0.570568 0.041227 0.569492 0.038215 0.585413 0.015248 0.585628
1 0.016002 0.485155 0.032568 0.483003 0.029179 0.495912 0.01186 0.497849
1 0.14759 0.458262 0.17131 0.460413 0.165474 0.473752 0.142508 0.470525
1 0.184676 0.467943 0.206514 0.473322 0.200113 0.487952 0.177899 0.481497
1 0.106739 0.569923 0.130271 0.57315 0.127071 0.587134 0.12613 0.589071 0.101468 0.586919
1 0.158697 0.542384 0.181476 0.545396 0.176581 0.562392 0.151732 0.558305
1 0.53445 0.542169 0.568524 0.539802 0.570218 0.55852 0.537086 0.560456
2 0.758095 0.560671 0.791416 0.559811 0.79311 0.571859 0.759224 0.570783
1 0.809864 0.560026 0.839985 0.559165 0.845444 0.576592 0.814383 0.577883
1 0.827748 0.464071 0.84695 0.461489 0.853539 0.474828 0.831514 0.478055 0.826807 0.463855
1 0.856363 0.542384 0.884413 0.541738 0.889684 0.559165 0.85994 0.561317
