0 0.271461 0.104776 0.270143 0.120482 0.261295 0.151033 0.349586 0.14673 0.352786 0.119191 0.35128 0.099828
0 0.649473 0.173408 0.732304 0.166523 0.742658 0.181368 0.758471 0.211489 0.715738 0.212995 0.669428 0.216007
0 0.737011 0.171687 0.746988 0.178571 0.754895 0.192986 0.759977 0.210413 0.789345 0.210413 0.803652 0.210413 0.842056 0.212134 0.828502 0.193847 0.815512 0.171041 0.762989 0.16932 0.735128 0.168029
1 0.261672 0.453744 0.292922 0.450301 0.294804 0.453744 0.293486 0.468374 0.26073 0.472031 0.259601 0.468158
1 0.582078 0.464286 0.600904 0.46278 0.605233 0.506239 0.584526 0.506239
1 0.646837 0.341222 0.680158 0.337995 0.684488 0.354561 0.651167 0.358434
1 0.72195 0.358864 0.756589 0.363382 0.756777 0.380594 0.72195 0.374355
1 0.838479 0.45654 0.855233 0.454604 0.869164 0.495052 0.850527 0.496773
1 0.45802 0.34488 0.492093 0.343589 0.492658 0.359725 0.45802 0.361016
1 0.091114 0.446429 0.118223 0.447504 0.120105 0.453959 0.11634 0.463855 0.086032 0.46278
1 0.39006 0.641351 0.430535 0.638124 0.431664 0.66222 0.390813 0.664587
1 0.26939 0.711274 0.310241 0.700086 0.314194 0.706325 0.315324 0.726334 0.27259 0.736661
2 0.16491 0.636618 0.209902 0.637478 0.209526 0.647375 0.164533 0.64716
1 0.154367 0.649742 0.150038 0.672762 0.188253 0.670611 0.187124 0.647806
1 0.67564 0.6108 0.716867 0.61037 0.721386 0.640706 0.672628 0.640921 0.67131 0.612522
1 0.737575 0.61037 0.756401 0.606497 0.766943 0.656626 0.749624 0.659854
1 0.904179 0.664372 0.935429 0.661145 0.942771 0.660714 0.94503 0.666954 0.94936 0.685671 0.913215 0.689114 0.910015 0.67642
2 0.766002 0.64673 0.776544 0.646515 0.792545 0.726979 0.780685 0.726334
