1 0.08101 0.655449 0.070913 0.65641 0.046875 0.658333 0.04351 0.676923 0.079087 0.674679 0.080288 0.66891 0.08125 0.656731
1 0.07476 0.730449 0.043269 0.741987 0.044471 0.760577 0.052644 0.758013 0.078365 0.747115 0.077644 0.735256
1 0.196875 0.704167 0.173558 0.703205 0.165865 0.702885 0.161779 0.722436 0.194471 0.724359 0.196154 0.719231 0.197596 0.705769
1 0.334615 0.778205 0.311058 0.778205 0.301442 0.778526 0.30024 0.799679 0.301923 0.8 0.334856 0.798077 0.335096 0.778526
1 0.335577 0.70609 0.326923 0.70609 0.304567 0.703846 0.302163 0.723718 0.313702 0.725 0.334615 0.725 0.335817 0.717628 0.335817 0.711218
1 0.405769 0.740064 0.374038 0.739744 0.372596 0.760577 0.404327 0.760897 0.40601 0.758974 0.40601 0.752885 0.40625 0.740705
1 0.423798 0.648077 0.39399 0.64359 0.391106 0.661859 0.421394 0.667308 0.422596 0.665385 0.423798 0.653526 0.424279 0.648718
1 0.520192 0.65641 0.491587 0.653205 0.491106 0.670192 0.494712 0.671154 0.520913 0.673397 0.520913 0.666987
1 0.58125 0.648077 0.553846 0.65032 0.555529 0.667308 0.583654 0.665385 0.584375 0.665064 0.584615 0.660256 0.582692 0.650962
1 0.609135 0.728526 0.583654 0.733333 0.586298 0.752564 0.616346 0.748718 0.615144 0.736538 0.61226 0.728526
1 0.639663 0.636538 0.624519 0.638462 0.630288 0.674038 0.644952 0.673397 0.644471 0.664744 0.640385 0.644551
1 0.765625 0.732372 0.736538 0.725962 0.737019 0.744551 0.767067 0.750641 0.767067 0.743269 0.766346 0.732692
1 0.778606 0.640385 0.749279 0.636538 0.750481 0.654487 0.778365 0.658013 0.779808 0.657692 0.780529 0.655128 0.779327 0.64391
1 0.869471 0.647436 0.866827 0.648718 0.843029 0.64968 0.846154 0.66859 0.84976 0.66891 0.876442 0.666026 0.87524 0.657692 0.872836 0.653846 0.870192 0.647436
1 0.716827 0.480128 0.69976 0.479808 0.692067 0.479808 0.695192 0.494231 0.720914 0.493269 0.720433 0.486859 0.718029 0.48141
1 0.840144 0.524359 0.833414 0.524038 0.829808 0.52468 0.813942 0.522436 0.815865 0.5375 0.841827 0.540385 0.84351 0.538782 0.84351 0.533013 0.841827 0.528846
1 0.65 0.455128 0.636538 0.454808 0.62524 0.455449 0.627644 0.46859 0.636779 0.46859 0.651202 0.468269 0.653125 0.465705 0.651923 0.459295 0.651202 0.455128
1 0.577644 0.482051 0.552644 0.482051 0.553846 0.496474 0.580529 0.496474 0.580288 0.489423 0.579327 0.484615
1 0.314904 0.481731 0.28726 0.481731 0.285337 0.496795 0.314183 0.496154 0.315385 0.484936
1 0.308894 0.419872 0.280529 0.416987 0.279327 0.43109 0.283894 0.432051 0.30601 0.434295 0.307933 0.432372 0.308654 0.428846
1 0.209135 0.480449 0.19351 0.48141 0.18149 0.481731 0.179327 0.495833 0.18101 0.497115 0.195673 0.496474 0.209615 0.496154 0.210817 0.489423 0.210096 0.482372
1 0.223558 0.432372 0.206731 0.43141 0.195192 0.430769 0.19351 0.444551 0.204327 0.445513 0.223558 0.445833 0.224038 0.438782 0.224038 0.433013
1 0.029327 0.446474 0.003125 0.447756 0.000481 0.458333 0.00024 0.462179 0.027644 0.461538 0.030288 0.455449 0.030529 0.45032
1 0.780288 0.318269 0.758173 0.317949 0.760577 0.328526 0.782452 0.328846 0.782452 0.324038 0.781731 0.31859
1 0.669952 0.204167 0.652404 0.204167 0.652885 0.214103 0.674519 0.214423 0.673798 0.209295 0.671394 0.204487
1 0.576683 0.173397 0.555048 0.170192 0.554327 0.179487 0.566106 0.18109 0.576683 0.182692 0.577163 0.175
1 0.511058 0.183654 0.490625 0.182692 0.490625 0.191667 0.51226 0.192308 0.51226 0.187821
1 0.415385 0.195513 0.410096 0.194231 0.39375 0.196154 0.395192 0.205449 0.417548 0.203526 0.416827 0.198718 0.416346 0.195513
1 0.410817 0.26218 0.389663 0.255449 0.385337 0.266346 0.407933 0.273397 0.410096 0.268269 0.411298 0.263462
1 0.405048 0.321154 0.393269 0.317628 0.381731 0.315705 0.379327 0.326282 0.403846 0.332692 0.405529 0.326282
1 0.535577 0.237179 0.513702 0.233974 0.51226 0.244551 0.533894 0.248077
1 0.540865 0.312821 0.53149 0.3125 0.518029 0.312821 0.51851 0.323077 0.536298 0.323397 0.541827 0.324038 0.541827 0.313141
