1 0.142131 0.403614 0.169428 0.403184 0.170181 0.407272 0.167733 0.418244 0.138931 0.41846
1 0.081137 0.450086 0.108245 0.446429 0.106175 0.462565 0.07756 0.465792
1 0.070218 0.495697 0.100527 0.495052 0.101845 0.498064 0.098268 0.511618 0.067018 0.511833 0.066453 0.509466
1 0.110881 0.490318 0.134224 0.490318 0.138742 0.495912 0.136672 0.50796 0.105798 0.507315
1 0.13253 0.447719 0.159639 0.445783 0.160392 0.447719 0.157568 0.461059 0.127636 0.46321
1 0.226657 0.391136 0.255648 0.385972 0.255271 0.398021 0.254895 0.400602 0.225715 0.40426
2 0.146273 0.395439 0.182982 0.397806 0.182417 0.40426 0.169239 0.402969 0.144767 0.401248
1 0.299322 0.386618 0.327748 0.39006 0.324925 0.399957 0.317583 0.400172 0.299887 0.400602 0.294992 0.400172
1 0.357116 0.418675 0.388931 0.41975 0.388742 0.424914 0.387989 0.432659 0.38573 0.434596 0.355986 0.43438
1 0.421498 0.428141 0.453502 0.42642 0.453313 0.441265 0.449172 0.44191 0.421122 0.443847
1 0.494541 0.430508 0.51619 0.430938 0.52372 0.432014 0.523532 0.446429 0.493976 0.444923
1 0.548004 0.382745 0.562876 0.381454 0.565889 0.409639 0.554405 0.410929 0.549887 0.407702
1 0.806664 0.424484 0.834902 0.43395 0.832831 0.447719 0.805346 0.437823
1 0.84262 0.420611 0.854669 0.420826 0.869164 0.421041 0.871235 0.426205 0.872929 0.435671 0.846574 0.434811
1 0.709902 0.43309 0.739646 0.429002 0.743599 0.444277 0.713102 0.448365
1 0.765437 0.436747 0.79311 0.434596 0.795746 0.439114 0.798193 0.450516 0.766566 0.451592
1 0.605233 0.454389 0.634224 0.446859 0.639119 0.46278 0.610693 0.470095
1 0.658886 0.438683 0.689383 0.436532 0.69183 0.447935 0.69183 0.451807 0.661898 0.454389
1 0.551017 0.447935 0.570971 0.446213 0.580949 0.444492 0.582643 0.445998 0.583773 0.460413 0.552334 0.462349
1 0.387048 0.377797 0.400414 0.376721 0.398155 0.405766 0.384036 0.406196
1 0.066453 0.599613 0.093373 0.598322 0.095068 0.599398 0.091679 0.61747 0.06363 0.617255
1 0.027673 0.658563 0.056288 0.656196 0.057794 0.660499 0.054593 0.67642 0.023343 0.678141
1 0.070218 0.659208 0.077372 0.656626 0.095633 0.662005 0.09695 0.664802 0.091303 0.681583 0.088667 0.68309 0.063818 0.675344 0.068901 0.667169
1 0.126506 0.655336 0.145331 0.656842 0.143449 0.669966 0.141943 0.67642 0.121235 0.675129
1 0.146649 0.650387 0.173758 0.648666 0.175828 0.649527 0.173946 0.66975 0.143449 0.670826
1 0.190324 0.678571 0.21762 0.677065 0.215361 0.698365 0.1875 0.700086
1 0.234563 0.627367 0.267696 0.628012 0.266754 0.649096 0.232116 0.646945
1 0.305535 0.619836 0.339797 0.626506 0.336032 0.648881 0.300075 0.641566
1 0.403238 0.636188 0.4407 0.637478 0.439947 0.660714 0.401167 0.660499
1 0.53558 0.587564 0.573607 0.589286 0.573419 0.611016 0.53558 0.608864
1 0.53991 0.657057 0.576054 0.648236 0.578313 0.648666 0.580008 0.653399 0.583961 0.671687 0.547252 0.680293 0.543863 0.680077
1 0.60448 0.611661 0.637989 0.613167 0.641002 0.634251 0.603163 0.632315
1 0.661145 0.666093 0.698795 0.662005 0.702372 0.684811 0.66378 0.689114
1 0.705196 0.604991 0.742282 0.603916 0.746988 0.625645 0.706514 0.626936
1 0.722892 0.674699 0.759413 0.671687 0.760542 0.675344 0.762989 0.695783 0.726845 0.698795 0.724398 0.697504
1 0.769202 0.643287 0.772402 0.665017 0.808547 0.663511 0.804593 0.641351
1 0.78012 0.666523 0.815324 0.668675 0.817018 0.69191 0.782003 0.690189
1 0.823795 0.665663 0.861258 0.662651 0.86634 0.685456 0.827937 0.688898
1 0.850904 0.607788 0.884224 0.604991 0.889684 0.629088 0.855233 0.629518
1 0.900038 0.611231 0.930535 0.612306 0.935053 0.632745 0.903614 0.631024
2 0.891943 0.619191 0.899285 0.61747 0.902673 0.629948 0.903426 0.633606 0.914345 0.6321 0.934111 0.633176 0.9375 0.637478 0.899473 0.644793 0.895331 0.635327 0.891378 0.619191
1 0.868411 0.665232 0.903238 0.664802 0.908321 0.687177 0.873682 0.688468
1 0.954254 0.649096 0.986446 0.648666 0.992282 0.66889 0.973833 0.66975 0.958584 0.669535
1 0.931852 0.585413 0.965173 0.582401 0.972515 0.60284 0.936559 0.605637
1 0.237764 0.957401 0.237764 0.97827 0.279744 0.975688 0.279179 0.959552
