1 0.258173 0.346474 0.248317 0.35641 0.259615 0.370833 0.270433 0.361218
1 0.211298 0.48141 0.216106 0.491667 0.238702 0.473718 0.234135 0.463141 0.210577 0.481731
1 0.463462 0.342308 0.455288 0.354167 0.476202 0.365064 0.482933 0.354808 0.482212 0.350321
2 0.5 0.284936 0.498798 0.323718 0.508894 0.322436 0.509135 0.29391 0.539663 0.288141 0.539904 0.276603
1 0.378125 0.251603 0.374519 0.26282 0.397115 0.2625 0.39976 0.250962
1 0.447356 0.228526 0.440144 0.239103 0.460337 0.244551 0.467067 0.232372
1 0.669231 0.343269 0.664904 0.35641 0.692067 0.360256 0.70024 0.347436
1 0.773077 0.28109 0.772115 0.296154 0.807212 0.294231 0.806731 0.279487
1 0.8125 0.240064 0.815865 0.254808 0.848077 0.246474 0.84351 0.232051 0.81226 0.238782
1 0.834615 0.316026 0.844712 0.328526 0.871635 0.307692 0.861298 0.297436
1 0.79351 0.392308 0.798798 0.408654 0.830769 0.404167 0.830529 0.399359 0.825481 0.388141 0.817548 0.389103 0.80625 0.391667 0.794712 0.392628
1 0.847837 0.398077 0.854327 0.4125 0.888942 0.404808 0.882212 0.388141 0.847837 0.395513 0.847837 0.396795
1 0.508654 0.483654 0.511298 0.514103 0.528125 0.509615 0.522837 0.475641 0.507933 0.480769
1 0.509615 0.441026 0.507212 0.476603 0.523558 0.473718 0.524519 0.438782
1 0.521394 0.404808 0.522356 0.433013 0.538702 0.432372 0.536058 0.401923 0.521635 0.402564
1 0.154808 0.698397 0.153125 0.716346 0.181731 0.706731 0.185096 0.691026 0.184615 0.6875 0.155288 0.697436
1 0.251683 0.704487 0.246154 0.724359 0.277644 0.72468 0.280048 0.721795 0.283173 0.704808
1 0.30649 0.674359 0.307692 0.692949 0.340865 0.678205 0.338702 0.660256
1 0.355529 0.699359 0.353125 0.719551 0.38774 0.716346 0.388702 0.699038 0.387019 0.696795
1 0.426442 0.714103 0.423077 0.758333 0.440865 0.756731 0.44351 0.711859 0.426923 0.7125
1 0.4875 0.694551 0.486538 0.716026 0.523798 0.711859 0.523077 0.689103
1 0.570913 0.677564 0.570192 0.699359 0.606971 0.698077 0.607212 0.67532
1 0.614183 0.673397 0.619231 0.692628 0.655769 0.678205 0.649519 0.657692 0.614423 0.672115
1 0.693269 0.625641 0.695913 0.646474 0.736058 0.641346 0.732212 0.61891 0.692548 0.62468
1 0.809615 0.652885 0.822836 0.675641 0.858894 0.65 0.845673 0.630769
1 0.886298 0.658974 0.88774 0.683654 0.934615 0.683654 0.930769 0.659615 0.887019 0.658654 0.885577 0.659295
2 0.269712 0.402885 0.266106 0.42468 0.31274 0.419231 0.314904 0.395192
2 0.244471 0.521795 0.240865 0.547436 0.290625 0.5375 0.292067 0.511859
2 0.350962 0.391346 0.348077 0.414103 0.395913 0.404808 0.396635 0.382051 0.35024 0.391026
2 0.33101 0.510256 0.330288 0.519231 0.326923 0.536538 0.376202 0.52532 0.379087 0.498718
4 0.429327 0.26859 0.429808 0.291346 0.467788 0.2875 0.46899 0.26218
4 0.177885 0.763141 0.166106 0.810256 0.219231 0.807692 0.227404 0.758013
4 0.233894 0.74968 0.222115 0.799359 0.276923 0.798718 0.285096 0.747756
4 0.332692 0.745192 0.325 0.796795 0.38726 0.793269 0.392067 0.739744
