1 0.121394 0.34391 0.152644 0.342308 0.148077 0.35641 0.13149 0.356731 0.132452 0.348397 0.117788 0.35
1 0.690625 0.792308 0.732212 0.797436 0.736298 0.824359 0.692548 0.820192 0.689183 0.792949
1 0.665865 0.727564 0.70649 0.725641 0.7125 0.751282 0.671154 0.753526
1 0.824279 0.808974 0.862019 0.807372 0.870192 0.833654 0.833414 0.835577
1 0.263221 0.759936 0.305529 0.758013 0.307692 0.759936 0.304808 0.783333 0.260577 0.786218
1 0.254087 0.709295 0.295192 0.707372 0.297356 0.707692 0.295192 0.73109 0.251683 0.733654
1 0.24351 0.808333 0.283413 0.810256 0.288942 0.8125 0.285096 0.838782 0.238462 0.838462
1 0.364663 0.689103 0.403125 0.689423 0.405288 0.691026 0.404567 0.713462 0.363702 0.713782
1 0.414663 0.669551 0.439423 0.670192 0.449519 0.669551 0.454808 0.67532 0.454087 0.692308 0.412981 0.690705
1 0.40601 0.745192 0.450481 0.745833 0.448317 0.769231 0.446875 0.771154 0.407212 0.771795
1 0.40625 0.794872 0.447115 0.791987 0.45024 0.792949 0.452163 0.819872 0.405769 0.823077
1 0.541827 0.714744 0.580288 0.717308 0.582452 0.719551 0.583894 0.728526 0.584135 0.741346 0.543269 0.740064 0.542308 0.736218
1 0.041346 0.709615 0.082933 0.711218 0.080048 0.735897 0.034135 0.734295 0.036298 0.727244
1 0.12524 0.775641 0.145192 0.775 0.138942 0.822115 0.114183 0.821474
