0 0.079631 0.197935 0.062312 0.226119 0.066453 0.227625 0.076242 0.226334 0.100527 0.221816 0.113705 0.217943 0.126506 0.188683 0.113893 0.188898 0.10241 0.192126 0.092432 0.194062
0 0.055158 0.229131 0.046687 0.247203 0.038404 0.268933 0.060806 0.266351 0.087726 0.260972 0.097139 0.237306 0.103163 0.223107 0.080572 0.226334 0.064006 0.229131
0 0.03878 0.271515 0.031062 0.284208 0.024473 0.298838 0.018449 0.308735 0.040286 0.307229 0.056476 0.305508 0.070971 0.302065 0.081514 0.286145 0.090173 0.263554 0.076995 0.264415 0.064947 0.267427 0.050452 0.270009
0 0.320595 0.224398 0.318901 0.233649 0.317395 0.247203 0.3157 0.260112 0.309111 0.275818 0.339608 0.274096 0.355798 0.27259 0.377071 0.27173 0.383471 0.246773 0.387989 0.230422 0.357492 0.230422 0.343562 0.229131 0.33189 0.226334
0 0.391943 0.22074 0.387613 0.236015 0.38253 0.253657 0.37933 0.271299 0.408509 0.277539 0.424699 0.279475 0.450678 0.283778 0.45802 0.238382 0.432794 0.234725 0.417545 0.234509 0.411898 0.233003
0 0.705008 0.245697 0.708584 0.269578 0.712914 0.292814 0.742093 0.294966 0.762425 0.297762 0.782568 0.297762 0.773908 0.27259 0.769767 0.252797 0.736634 0.248709
0 0.705196 0.245267 0.708773 0.270224 0.712914 0.293244 0.750753 0.295826 0.783321 0.298623 0.775038 0.273236 0.769955 0.251936 0.740211 0.249355
0 0.174511 0.590792 0.169804 0.612522 0.162651 0.627367 0.160015 0.654905 0.157944 0.671256 0.201995 0.67642 0.247364 0.678787 0.249059 0.648666 0.255836 0.619191 0.260354 0.594664 0.213102 0.592083
0 0.545746 0.577883 0.544616 0.660499 0.637236 0.664157 0.635166 0.614888 0.63253 0.583262 0.581325 0.579604
0 0.821536 0.605207 0.825866 0.617685 0.830196 0.645869 0.842056 0.685671 0.884789 0.683305 0.916039 0.682659 0.903991 0.649742 0.900979 0.629733 0.897967 0.61833 0.893449 0.611231 0.891943 0.6037
