1 0.529808 0.325962 0.551923 0.325 0.555529 0.337179 0.532452 0.3375
2 0.352404 0.182692 0.370913 0.184295 0.36851 0.207051 0.426683 0.214423 0.425481 0.222436 0.349038 0.215705
2 0.240865 0.166987 0.259615 0.169872 0.256731 0.192949 0.314183 0.201282 0.31226 0.2125 0.234615 0.199359
2 0.0125 0.355769 0.078846 0.36218 0.075962 0.375962 0.009856 0.365385
1 0.339423 0.530128 0.368029 0.521795 0.371635 0.53718 0.342548 0.544872
2 0.297115 0.504167 0.318029 0.503846 0.360337 0.503526 0.361298 0.513462 0.296394 0.519551
1 0.216587 0.664103 0.232212 0.660897 0.235096 0.696154 0.232692 0.697756 0.21851 0.699359
1 0.32524 0.672436 0.354087 0.667949 0.357212 0.670192 0.358413 0.686218 0.326202 0.690705
2 0.288462 0.636218 0.323317 0.636538 0.323077 0.649359 0.359135 0.649038 0.360577 0.663141 0.322596 0.66218 0.320433 0.677244 0.284615 0.67532
1 0.474038 0.634615 0.503606 0.636218 0.503125 0.653205 0.473317 0.651282
2 0.409856 0.640064 0.443269 0.639744 0.443269 0.654167 0.494712 0.654167 0.495433 0.664103 0.443269 0.665385 0.44375 0.676603 0.408413 0.677885
1 0.953365 0.746154 0.983413 0.766987 0.979567 0.783013 0.949038 0.761538
