1 0.071348 0.629088 0.063441 0.649742 0.092056 0.658563 0.100527 0.637048 0.083773 0.63253
1 0.210279 0.603485 0.20689 0.623064 0.241905 0.623064 0.244352 0.601979 0.225527 0.602194
1 0.325678 0.599398 0.320407 0.623924 0.359375 0.628012 0.362387 0.604561
1 0.459902 0.572504 0.459902 0.594449 0.498682 0.596816 0.499624 0.574226 0.476657 0.57315
3 0.664533 0.503442 0.666039 0.533778 0.770708 0.536145 0.769767 0.500861
3 0.659262 0.391351 0.659827 0.409423 0.752071 0.41889 0.748682 0.395654 0.71122 0.392857 0.681099 0.391351
1 0.843562 0.670181 0.848645 0.69105 0.875941 0.687177 0.870482 0.665017
1 0.893072 0.651033 0.900226 0.672332 0.930346 0.670181 0.924322 0.649742 0.907568 0.650172
1 0.493035 0.736876 0.494917 0.760757 0.540098 0.759682 0.53878 0.736016 0.516943 0.736876
1 0.174511 0.719449 0.16811 0.742685 0.20369 0.748924 0.208396 0.725258 0.189383 0.721816
1 0.310429 0.730637 0.305911 0.756239 0.347703 0.762263 0.351092 0.743115 0.348645 0.735155 0.323607 0.731713
1 0.60128 0.83068 0.598268 0.858649 0.643072 0.870052 0.645896 0.842083 0.624247 0.836274
1 0.7532 0.79475 0.752824 0.822289 0.796498 0.826592 0.795557 0.800129 0.774849 0.797332
1 0.856363 0.713425 0.862575 0.734509 0.897967 0.727194 0.893261 0.714286 0.888554 0.703959 0.872553 0.708477
1 0.912274 0.691265 0.917357 0.71321 0.930346 0.71364 0.943524 0.71321 0.950866 0.711919 0.945783 0.690189 0.931099 0.69062 0.920746 0.69062
1 0.872741 0.790663 0.877071 0.816265 0.889307 0.817126 0.910203 0.817556 0.915663 0.818201 0.910956 0.792599 0.895331 0.791954 0.881777 0.790878
1 0.916604 0.777324 0.921875 0.805077 0.960843 0.806583 0.957267 0.781196 0.932982 0.77969
1 0.882342 0.833046 0.88253 0.861661 0.884789 0.887263 0.905685 0.890275 0.902673 0.850904 0.901544 0.834983
1 0.96009 0.855207 0.966303 0.88167 0.981739 0.88167 0.999624 0.880164 0.999812 0.869836 0.99567 0.853055 0.979292 0.854561
1 0.35128 0.499139 0.346574 0.517212 0.38253 0.523021 0.385919 0.503873 0.366717 0.500215
1 0.02805 0.77883 0.020708 0.804002 0.052711 0.810241 0.056852 0.805077 0.061935 0.785499 0.044992 0.781626
