0 0.332831 0.255164 0.320595 0.298838 0.384036 0.30185 0.393449 0.25667
0 0.129895 0.305508 0.12067 0.333262 0.166416 0.33778 0.177899 0.302711 0.133095 0.303787
1 0.041039 0.489028 0.035956 0.500861 0.051958 0.502797 0.056099 0.491824
1 0.082455 0.450732 0.078878 0.461919 0.09262 0.462134 0.096009 0.449656 0.082831 0.449656
1 0.128012 0.44858 0.125188 0.456325 0.125377 0.459122 0.142131 0.458692 0.144578 0.447719
1 0.209526 0.460843 0.21009 0.47117 0.230045 0.464286 0.228351 0.454604 0.224398 0.45525
1 0.321536 0.462349 0.32003 0.473967 0.34055 0.475043 0.341867 0.46364 0.33942 0.462565 0.322854 0.462349
1 0.368599 0.460413 0.36747 0.472031 0.389496 0.471816 0.390437 0.459122
1 0.36634 0.495912 0.365399 0.503657 0.365964 0.505809 0.37067 0.505164 0.379895 0.506024 0.387425 0.505594 0.387801 0.500215 0.387236 0.493976 0.366717 0.495267
1 0.465361 0.451807 0.465926 0.46321 0.487952 0.461919 0.487011 0.449871 0.465738 0.450947
1 0.470633 0.490534 0.469503 0.503012 0.491905 0.504518 0.493411 0.49247 0.491529 0.491609
1 0.54311 0.448795 0.543298 0.460628 0.565324 0.460843 0.5657 0.449441 0.544804 0.448365
1 0.608622 0.445783 0.609563 0.457401 0.632154 0.455895 0.630648 0.444062
4 0.514872 0.472461 0.51506 0.475904 0.53238 0.476119 0.532568 0.472246
1 0.839608 0.472031 0.84055 0.483434 0.862387 0.48494 0.860693 0.473752
1 0.875941 0.471386 0.877071 0.483434 0.897779 0.484725 0.895708 0.473107
1 0.910956 0.474398 0.912086 0.485585 0.93317 0.48537 0.930723 0.474828
1 0.942771 0.462565 0.944654 0.474182 0.964985 0.473752 0.961596 0.462134 0.942771 0.461489
1 0.983998 0.477625 0.986446 0.489673 1.0 0.489888 0.999812 0.478485 0.985128 0.476979 0.983998 0.476979
1 0.96988 0.541523 0.971386 0.548838 0.990964 0.550344 0.988705 0.541093 0.985504 0.537436 0.982116 0.539802 0.980045 0.540878 0.973833 0.540878
1 0.925075 0.529905 0.926958 0.537651 0.947101 0.536575 0.943901 0.524096 0.923569 0.524527
1 0.886672 0.512909 0.888742 0.526033 0.91058 0.526033 0.907944 0.513124
1 0.848268 0.512909 0.851845 0.526033 0.872929 0.521945 0.868035 0.509682
3 0.959337 0.443632 0.96122 0.452453 0.973456 0.452238 0.993788 0.452668 0.990023 0.443201 0.960655 0.442771
1 0.819089 0.432014 0.82116 0.442771 0.840926 0.442556 0.837349 0.430723 0.820783 0.430723
0 0.624059 0.201592 0.62933 0.232143 0.690136 0.225043 0.68317 0.197504
0 0.630083 0.233003 0.635354 0.269793 0.698795 0.266781 0.690324 0.226119
0 0.919992 0.258391 0.935241 0.288726 0.942206 0.30185 0.993788 0.297332 0.972703 0.253227
1 0.03878 0.6037 0.036145 0.614888 0.053087 0.616824 0.05497 0.605422
1 0.914157 0.633821 0.920557 0.662866 0.932794 0.662005 0.926393 0.63296
1 0.039721 0.802926 0.036333 0.822935 0.047816 0.823795 0.051581 0.802926
