0 0.401167 0.271084 0.399285 0.278614 0.396649 0.28722 0.395143 0.29432 0.392696 0.310671 0.391754 0.314329 0.411333 0.315189 0.429405 0.316695 0.451619 0.314974 0.455761 0.300129 0.455949 0.291954 0.450678 0.287651 0.427899 0.27173
0 0.607869 0.13296 0.606928 0.148021 0.604669 0.172332 0.614081 0.172978 0.634977 0.174699 0.650791 0.175559 0.661521 0.176205 0.656062 0.14006 0.640437 0.141781 0.625753 0.144578 0.620294 0.143503 0.615023 0.140275
0 0.610128 0.173623 0.609563 0.18438 0.60881 0.203313 0.609563 0.209122 0.631401 0.210198 0.64552 0.211059 0.655874 0.211919 0.667733 0.213425 0.667169 0.178141 0.650226 0.177065 0.633095 0.17599
0 0.614081 0.211489 0.616717 0.231497 0.619352 0.245912 0.658133 0.251506 0.661145 0.248494 0.677146 0.249785 0.674511 0.22074 0.672628 0.215361 0.665851 0.214931 0.650602 0.213855 0.633848 0.212995
0 0.614081 0.246773 0.586785 0.250215 0.568901 0.251936 0.551581 0.251076 0.548193 0.27883 0.567395 0.281626 0.575489 0.279475 0.579066 0.278614 0.589044 0.280766 0.611069 0.282917 0.612199 0.258821
0 0.573983 0.281196 0.562688 0.285714 0.555911 0.298193 0.551581 0.307874 0.548004 0.32358 0.560617 0.327668 0.581514 0.328528 0.614458 0.33025 0.61314 0.284208 0.593374 0.283563 0.578313 0.280766
0 0.662839 0.142212 0.661145 0.151033 0.66491 0.157702 0.666039 0.174053 0.666792 0.176635 0.682417 0.177281 0.704819 0.179862 0.72195 0.180938 0.718562 0.156411 0.704254 0.153399 0.686935 0.147375
0 0.669428 0.179002 0.669428 0.211704 0.679029 0.211919 0.691077 0.213855 0.703502 0.21364 0.727598 0.218374 0.724209 0.18352 0.700113 0.180723 0.678652 0.179217
0 0.676205 0.215146 0.680346 0.250645 0.691642 0.253873 0.707078 0.256885 0.736446 0.260327 0.732116 0.224828 0.704631 0.22031 0.685429 0.215792
0 0.682417 0.255164 0.683547 0.276463 0.687124 0.292384 0.691077 0.299053 0.713102 0.30099 0.72308 0.298193 0.746423 0.299268 0.740023 0.263769 0.713667 0.260327 0.69616 0.259251
0 0.678652 0.252151 0.66058 0.249785 0.630271 0.265491 0.621423 0.288941 0.64006 0.291308 0.664533 0.290017 0.684111 0.289587
0 0.685617 0.293675 0.685617 0.314544 0.688441 0.336704 0.654179 0.332401 0.622176 0.33111 0.621988 0.324226 0.634977 0.314544 0.656815 0.29475 0.667357 0.292384
0 0.712914 0.302926 0.700113 0.335413 0.703313 0.338855 0.715361 0.340577 0.730422 0.341222 0.752259 0.34617 0.747364 0.302926 0.730986 0.301635
1 0.301393 0.437608 0.298569 0.44858 0.306476 0.449226 0.313065 0.449226 0.319842 0.44901 0.32116 0.438038 0.314383 0.437608 0.307794 0.437392 0.304217 0.437608
2 0.511295 0.564544 0.511483 0.569492 0.528238 0.570568 0.538404 0.570568 0.55817 0.570138 0.558358 0.563898 0.539721 0.564544 0.521837 0.564759
2 0.506965 0.659854 0.507154 0.665663 0.556099 0.666523 0.556476 0.660069 0.524285 0.660284
2 0.370858 0.524096 0.368035 0.541523 0.443712 0.546256 0.444654 0.527754
0 0.113517 0.281411 0.108245 0.290017 0.10128 0.298193 0.099398 0.302711 0.099398 0.310886 0.099774 0.314329 0.096386 0.320138 0.104104 0.319277 0.124623 0.317986 0.147402 0.315404 0.149661 0.306799 0.151544 0.299699 0.154367 0.293244 0.163215 0.276678 0.143261 0.278184 0.126694 0.28012
