1 0.589904 0.777564 0.590385 0.797436 0.623558 0.798718 0.623317 0.777564 0.591586 0.777564
3 0.69351 0.777564 0.695192 0.797436 0.760577 0.790064 0.761779 0.776282 0.734856 0.773718
1 0.841346 0.823718 0.845673 0.845192 0.880048 0.843269 0.874038 0.820833
1 0.886298 0.774038 0.889904 0.792308 0.924519 0.794872 0.922356 0.782372 0.918269 0.775962
1 0.870673 0.686859 0.876923 0.704167 0.907452 0.700321 0.900962 0.683013
0 0.328846 0.150641 0.321635 0.190064 0.330769 0.187821 0.365144 0.189423 0.38774 0.189423 0.393269 0.149359 0.370673 0.149038 0.360817 0.147436 0.353125 0.146474
0 0.727404 0.316667 0.740625 0.369551 0.817788 0.369231 0.801923 0.322115 0.801683 0.317308 0.763221 0.3125 0.738462 0.313782
4 0.695192 0.375 0.695433 0.380769 0.711779 0.380128 0.731731 0.383333 0.736538 0.383654 0.736538 0.376923 0.722356 0.376282 0.708414 0.374359
1 0.017788 0.613462 0.011538 0.630449 0.039904 0.633013 0.044712 0.619872 0.045673 0.614423
2 0.017308 0.584295 0.008413 0.608013 0.042788 0.610897 0.04375 0.601603 0.029327 0.6 0.034615 0.586218
