1 0.010354 0.255164 0.030873 0.25043 0.03558 0.268933 0.015437 0.273021 0.009789 0.255594
1 0.067018 0.322289 0.07003 0.336704 0.092056 0.333262 0.088855 0.318632
1 0.182417 0.145869 0.185241 0.162651 0.212726 0.159423 0.209714 0.142212
1 0.257154 0.138339 0.258848 0.158348 0.287086 0.155981 0.284639 0.136403
1 0.483246 0.097031 0.480422 0.1179 0.512048 0.126076 0.51506 0.105207
1 0.485128 0.312823 0.511295 0.30142 0.51619 0.31648 0.491152 0.327883
1 0.536709 0.30099 0.563818 0.305077 0.561747 0.322074 0.533697 0.317986 0.535956 0.30099
1 0.621235 0.247633 0.619729 0.263554 0.647967 0.266566 0.649096 0.25043
1 0.662839 0.248709 0.661333 0.26463 0.689571 0.267642 0.6907 0.251506
1 0.61427 0.308735 0.614081 0.325301 0.641943 0.325516 0.642319 0.30938
1 0.655874 0.304217 0.655874 0.319062 0.683735 0.319277 0.683923 0.304647
1 0.858998 0.314329 0.856928 0.329174 0.835467 0.327883 0.838667 0.312392
1 0.382907 0.305938 0.382718 0.322289 0.409639 0.325732 0.410392 0.30938
3 0.159074 0.332831 0.177523 0.328744 0.181476 0.342513 0.161521 0.347031 0.157944 0.332831 0.158509 0.332831
4 0.798758 0.330465 0.794428 0.357358 0.816642 0.360585 0.821724 0.33111 0.797816 0.330465
