0 0.0 0.265385 0.0 0.288462 0.054087 0.30609 0.067548 0.28109
0 0.28101 0.261218 0.273798 0.307372 0.352163 0.316667 0.355048 0.270513
0 0.274519 0.310256 0.261779 0.360577 0.34375 0.375641 0.352404 0.320513
0 0.41226 0.299359 0.408654 0.320833 0.40649 0.337179 0.40625 0.35609 0.44375 0.354808 0.460337 0.353205 0.469952 0.353846 0.478365 0.354167 0.479087 0.323077 0.476202 0.306731 0.442788 0.312179
0 0.407933 0.358654 0.405288 0.392628 0.40649 0.40609 0.417548 0.402564 0.44375 0.402885 0.48101 0.401603 0.480529 0.354167
0 0.482212 0.31859 0.485817 0.354167 0.504327 0.357692 0.524279 0.361859 0.55649 0.36859 0.551202 0.327885
0 0.482452 0.354487 0.502885 0.358654 0.552644 0.367949 0.553365 0.415385 0.481731 0.396154
0 0.406731 0.683333 0.409135 0.773077 0.465625 0.769231 0.509135 0.767308 0.498558 0.684295
0 0.733413 0.699359 0.75649 0.779487 0.839423 0.77468 0.831731 0.731731 0.817548 0.686859
0 0.635096 0.333974 0.637019 0.354167 0.640144 0.374679 0.642067 0.382372 0.663221 0.382051 0.679087 0.380128 0.686779 0.378205 0.704087 0.380128 0.711779 0.379487 0.698317 0.336218 0.677644 0.33141
0 0.644231 0.385577 0.676202 0.383333 0.71226 0.380769 0.729086 0.450962 0.655288 0.44968
0 0.713221 0.38109 0.729808 0.451282 0.797837 0.455769 0.778606 0.383974
0 0.69976 0.337179 0.713462 0.380128 0.739664 0.38141 0.747115 0.379167 0.753846 0.380449 0.755769 0.381731 0.779808 0.382692 0.76226 0.337179
0 0.866346 0.312179 0.877885 0.355449 0.93774 0.36859 0.922596 0.324038
0 0.922837 0.323718 0.932212 0.350641 0.938942 0.369231 0.983413 0.373397 0.996635 0.373397 0.976442 0.330769
0 0.884615 0.36282 0.891106 0.383333 0.901442 0.401282 0.961779 0.408654 0.945433 0.371154
0 0.94976 0.377244 0.965385 0.414744 1.0 0.424359 0.99976 0.385577
0 0.902644 0.402564 0.919952 0.45032 0.985337 0.4625 0.962019 0.408974
