1 0.266754 0.587564 0.265813 0.61037 0.306664 0.608003 0.307041 0.585413
1 0.399661 0.596601 0.400791 0.619191 0.442206 0.616179 0.442206 0.593804
1 0.416039 0.51463 0.415098 0.53636 0.453502 0.53679 0.455008 0.516997
1 0.522779 0.509897 0.523532 0.530336 0.561935 0.52926 0.560241 0.508606
1 0.52052 0.596816 0.521084 0.621127 0.561559 0.619191 0.560806 0.603485 0.557229 0.596601
3 0.633471 0.555508 0.634413 0.575732 0.708584 0.570353 0.70802 0.55185
1 0.754142 0.556583 0.756401 0.577238 0.791039 0.578098 0.788027 0.55852
2 0.880271 0.567771 0.882718 0.57358 0.88686 0.57315 0.890625 0.58778 0.928276 0.583692 0.927146 0.564974
1 0.040474 0.609294 0.041792 0.619836 0.04198 0.62457 0.039345 0.63296 0.064383 0.633391 0.074736 0.625861 0.076242 0.621773 0.073983 0.61037
2 0.172252 0.389845 0.170557 0.402108 0.224021 0.398881 0.225715 0.387048
2 0.244729 0.385972 0.243035 0.401678 0.312312 0.39673 0.313065 0.382745
2 0.33302 0.395869 0.33189 0.408778 0.345256 0.407917 0.350715 0.40512 0.38366 0.404475 0.384601 0.395654
2 0.347515 0.34574 0.34808 0.356067 0.395896 0.354991 0.39552 0.344234
1 0.432605 0.391781 0.434864 0.409854 0.470444 0.405766 0.468185 0.387694
1 0.498306 0.348537 0.499435 0.364673 0.533509 0.362522 0.534827 0.356067 0.533321 0.347031
1 0.548004 0.348107 0.549322 0.364243 0.580949 0.367255 0.582267 0.364888 0.581137 0.349613
1 0.599398 0.338425 0.601092 0.353916 0.631401 0.359725 0.629895 0.343589
1 0.660203 0.373279 0.662651 0.389845 0.693524 0.391351 0.691265 0.374785
