0 0.566265 0.0 0.568901 0.026463 0.60128 0.027108 0.630083 0.025602 0.623682 0.0
0 0.844126 0.00753 0.848645 0.015491 0.852974 0.023021 0.854104 0.029475 0.856739 0.032702 0.858622 0.036145 0.859187 0.03722 0.869352 0.039587 0.876506 0.039802 0.884224 0.041093 0.893825 0.042169 0.901544 0.042599 0.906815 0.04389 0.908509 0.043675 0.903426 0.029905 0.900602 0.025818 0.895896 0.019578 0.892884 0.013339 0.8718 0.009897
4 0.047816 0.472892 0.042169 0.524096 0.053276 0.522375 0.057982 0.470525
4 0.231363 0.598107 0.230798 0.667814 0.237952 0.665663 0.238517 0.597892
4 0.327372 0.625861 0.331702 0.708262 0.345633 0.704604 0.338291 0.623924
4 0.352974 0.61833 0.358057 0.697074 0.367093 0.694707 0.361069 0.615964
4 0.518637 0.306153 0.512989 0.354776 0.539345 0.357358 0.54198 0.30809
4 0.681288 0.288296 0.680158 0.337565 0.708584 0.341652 0.705572 0.290232
4 0.722327 0.292384 0.725339 0.342083 0.751694 0.34531 0.745105 0.29475
0 0.137989 0.029905 0.125565 0.059596 0.179593 0.053787 0.190889 0.02216
