1 0.222892 0.302926 0.242658 0.300559 0.241717 0.310241 0.219126 0.312177
1 0.274285 0.292384 0.297628 0.290232 0.296122 0.301205 0.270331 0.304002
1 0.24134 0.247633 0.261107 0.250645 0.257907 0.259466 0.236069 0.256885
1 0.325678 0.287005 0.34808 0.285069 0.34488 0.296472 0.322101 0.297547
1 0.357869 0.299053 0.378953 0.299268 0.37933 0.306153 0.355798 0.307014
1 0.244729 0.464931 0.264872 0.46321 0.26186 0.478916 0.241529 0.480207
1 0.279556 0.473107 0.308923 0.473967 0.307229 0.490964 0.275979 0.489673
1 0.303087 0.391351 0.328125 0.394578 0.32436 0.409208 0.298381 0.404475
1 0.352221 0.390706 0.380648 0.393933 0.377447 0.408778 0.348268 0.405766
1 0.335655 0.471601 0.366152 0.473107 0.364646 0.490103 0.333208 0.487737 0.335655 0.473322
1 0.401732 0.460628 0.431476 0.461489 0.430346 0.479346 0.399661 0.476979
1 0.462349 0.460628 0.493599 0.464286 0.492093 0.481282 0.460279 0.476119
1 0.549887 0.465792 0.583396 0.466007 0.583961 0.483864 0.550452 0.483649
1 0.623682 0.478055 0.657003 0.478055 0.659827 0.496127 0.625188 0.496127
1 0.682041 0.481928 0.713855 0.480852 0.718185 0.498279 0.685806 0.49957
1 0.746988 0.496342 0.77692 0.490749 0.783697 0.50796 0.753012 0.513984
1 0.810806 0.464716 0.841303 0.468158 0.845633 0.484725 0.814006 0.481713
1 0.072289 0.612522 0.097327 0.612522 0.092997 0.621988 0.086785 0.632745 0.06683 0.631885
1 0.136107 0.635542 0.140248 0.63167 0.166604 0.634682 0.160203 0.654475 0.134224 0.651033 0.130083 0.648666 0.13366 0.641781
1 0.227598 0.710413 0.261107 0.715792 0.256965 0.738597 0.221386 0.733003
1 0.298381 0.711274 0.331325 0.719664 0.332643 0.721601 0.326996 0.742685 0.292922 0.732143
1 0.386107 0.723752 0.424511 0.724398 0.422816 0.748709 0.38366 0.747848
1 0.564759 0.714286 0.603916 0.717728 0.603539 0.742685 0.564194 0.737737
1 0.678464 0.726979 0.715361 0.732573 0.717432 0.739458 0.717244 0.75796 0.677334 0.751076
1 0.790474 0.72827 0.829254 0.729776 0.832078 0.754948 0.794051 0.751076
1 0.905874 0.731067 0.942018 0.732573 0.947666 0.756239 0.912274 0.755594
