1 0.215361 0.318201 0.240776 0.317341 0.237575 0.330465 0.212538 0.33068
1 0.315324 0.2429 0.342244 0.241609 0.339985 0.253442 0.314006 0.254518
1 0.566642 0.248064 0.592997 0.246127 0.595633 0.259251 0.568148 0.259466
1 0.656626 0.248494 0.681099 0.249785 0.683547 0.262694 0.656815 0.260757
1 0.299511 0.657917 0.326242 0.65469 0.326996 0.672547 0.299887 0.675559
1 0.373682 0.696644 0.410015 0.694492 0.411521 0.716007 0.373117 0.719234
1 0.547628 0.675344 0.582831 0.674484 0.58622 0.695353 0.548569 0.697289
1 0.487575 0.621988 0.505271 0.620697 0.507154 0.662866 0.487952 0.663942
1 0.517696 0.642212 0.552523 0.638339 0.555346 0.659639 0.517131 0.662436
1 0.51073 0.464931 0.528803 0.463425 0.530309 0.497633 0.513178 0.500215
1 0.519955 0.421687 0.550452 0.422117 0.55177 0.438468 0.520143 0.438253
1 0.533509 0.381024 0.564194 0.378012 0.566077 0.393503 0.53445 0.39716
1 0.586408 0.41222 0.618976 0.409639 0.620858 0.424699 0.589608 0.427926
1 0.649661 0.427281 0.680158 0.424699 0.683735 0.44105 0.653426 0.443632 0.649473 0.427496
1 0.660015 0.479991 0.692018 0.478701 0.696348 0.495482 0.663215 0.497633
1 0.665474 0.53722 0.697289 0.533778 0.703125 0.55099 0.671875 0.554432
1 0.680535 0.586058 0.713667 0.580895 0.719691 0.601119 0.684864 0.606928
1 0.772779 0.538726 0.803276 0.536575 0.808358 0.554432 0.776167 0.556583
1 0.823983 0.384251 0.847515 0.378012 0.855986 0.391566 0.830572 0.398236
1 0.840361 0.448795 0.868788 0.444062 0.875 0.461059 0.846762 0.464501
1 0.873494 0.53679 0.902861 0.530336 0.91058 0.548408 0.880648 0.555508
1 0.958961 0.532272 0.990776 0.530336 0.993223 0.548193 0.965361 0.549914
1 0.897779 0.626076 0.928276 0.62457 0.933735 0.644363 0.90192 0.646945 0.897214 0.627797
1 0.930158 0.451377 0.957267 0.453959 0.96009 0.459337 0.962914 0.47074 0.932982 0.466222
1 0.903238 0.379303 0.927711 0.376936 0.931288 0.384251 0.932605 0.390491 0.908509 0.394148 0.902485 0.379948
1 0.893072 0.355207 0.919804 0.353701 0.924322 0.367255 0.899285 0.368115
1 0.089232 0.512909 0.115211 0.509897 0.113705 0.525818 0.087914 0.529045
1 0.062123 0.549914 0.088855 0.552926 0.084526 0.570568 0.057982 0.566695
1 0.333208 0.582616 0.331325 0.602625 0.367093 0.601979 0.36747 0.58154
1 0.32869 0.648666 0.327937 0.669966 0.364646 0.667599 0.364458 0.646084
1 0.10128 0.664802 0.100339 0.683735 0.132154 0.673408 0.131401 0.655551
1 0.054782 0.518718 0.049322 0.534208 0.072477 0.537005 0.076619 0.521945
1 0.689194 0.419535 0.704819 0.416954 0.709149 0.432874 0.713291 0.446429 0.697477 0.450086
1 0.739081 0.252797 0.763178 0.252582 0.766566 0.263124 0.741905 0.263339 0.739458 0.253012
