0 0.159639 0.21988 0.139495 0.265275 0.137613 0.273021 0.190136 0.268933 0.224398 0.266566 0.234375 0.23537 0.240776 0.212995
0 0.648908 0.228055 0.661145 0.28012 0.67564 0.284639 0.692959 0.286145 0.70256 0.285069 0.714232 0.286145 0.724398 0.28722 0.748306 0.283133 0.736258 0.252151 0.731739 0.231713 0.69616 0.232143
3 0.21009 0.423838 0.20689 0.438253 0.23927 0.436747 0.241529 0.424268
3 0.198042 0.461274 0.196536 0.481067 0.235693 0.481067 0.238517 0.465146
3 0.289157 0.431153 0.286898 0.446859 0.328125 0.445353 0.328502 0.431799
3 0.280309 0.466222 0.276167 0.497418 0.32436 0.495912 0.325113 0.47784 0.306852 0.477194 0.307229 0.466222
3 0.332267 0.460198 0.332078 0.481713 0.39119 0.478485 0.391754 0.460413
3 0.336596 0.422332 0.33509 0.449226 0.373117 0.44815 0.374059 0.433735 0.363517 0.431583 0.360504 0.422332
3 0.40305 0.414372 0.403426 0.424914 0.450678 0.422547 0.451054 0.41179
3 0.398532 0.457186 0.401167 0.469234 0.439006 0.466222 0.43863 0.455895
2 0.642131 0.453959 0.642696 0.46364 0.691453 0.462995 0.691077 0.45611
3 0.782568 0.410069 0.783509 0.41932 0.818901 0.418675 0.816265 0.409639
3 0.423569 0.625 0.423946 0.646515 0.496235 0.6463 0.49567 0.625215
