2 0.514307 0.205034 0.513931 0.209983 0.541792 0.206756 0.541416 0.201162
2 0.506777 0.160929 0.534262 0.155981 0.535015 0.161145 0.507342 0.165232
2 0.529556 0.251291 0.556476 0.247203 0.55817 0.252582 0.529932 0.256454
2 0.589232 0.159208 0.613517 0.15512 0.614834 0.160069 0.59055 0.163296
2 0.65945 0.134682 0.682041 0.13253 0.68317 0.136403 0.660203 0.138124
2 0.746423 0.220525 0.773155 0.217083 0.774849 0.223107 0.748494 0.225688
4 0.358998 0.725473 0.375 0.723322 0.375 0.726549 0.358998 0.72827
4 0.362952 0.839931 0.379895 0.837349 0.380459 0.840577 0.363328 0.842728
4 0.589985 0.884682 0.607869 0.881239 0.607869 0.884251 0.590361 0.887694
4 0.554217 0.648236 0.569842 0.645439 0.570407 0.647806 0.554782 0.650602
4 0.539721 0.557229 0.554593 0.555077 0.554782 0.557014 0.540098 0.559596
4 0.528614 0.482573 0.542169 0.480207 0.542733 0.482358 0.528426 0.484725
4 0.782756 0.726764 0.797816 0.723322 0.798569 0.725904 0.782568 0.728916
