4 0.287274 0.145439 0.287651 0.17685 0.3157 0.176205 0.316077 0.145869
1 0.34808 0.138339 0.350339 0.158993 0.386107 0.15512 0.384977 0.138124 0.382718 0.134897
2 0.319654 0.104561 0.318901 0.129088 0.394014 0.127367 0.393825 0.103916
1 0.438253 0.13167 0.439006 0.151678 0.474398 0.151248 0.473456 0.131239
2 0.416792 0.106497 0.416604 0.129303 0.490776 0.130164 0.490964 0.108434
4 0.504895 0.144793 0.503953 0.178141 0.538404 0.179002 0.538404 0.145224
1 0.601657 0.16889 0.603539 0.186532 0.636483 0.18352 0.635354 0.165878
2 0.587349 0.151033 0.586785 0.16889 0.605045 0.167384 0.633848 0.165232 0.65192 0.165878 0.65192 0.151678
3 0.660392 0.181368 0.660392 0.204604 0.713855 0.202883 0.71555 0.184811
4 0.707455 0.150172 0.706514 0.181368 0.736069 0.183735 0.737199 0.152539
4 0.659827 0.211059 0.65945 0.236661 0.6907 0.237737 0.691077 0.211274
1 0.787086 0.160499 0.785956 0.179002 0.817206 0.184165 0.818148 0.174484 0.816642 0.166308 0.81363 0.163941
2 0.746235 0.127797 0.745105 0.149957 0.81363 0.15426 0.814006 0.133821
2 0.833208 0.131454 0.831514 0.15383 0.896084 0.160714 0.898343 0.139845
4 0.980422 0.222031 0.980233 0.250861 1.0 0.253657 0.999812 0.224613
4 0.915474 0.162651 0.910956 0.206971 0.941077 0.211059 0.94503 0.167814
3 0.061182 0.307659 0.061182 0.328098 0.118035 0.322504 0.115023 0.305723
4 0.061935 0.357143 0.064947 0.387263 0.092997 0.385972 0.09055 0.355207
4 0.073042 0.399957 0.076054 0.429432 0.099021 0.428571 0.095256 0.398451
3 0.147402 0.370697 0.148532 0.390491 0.187876 0.387694 0.188065 0.369406
4 0.237952 0.283993 0.239646 0.317341 0.270896 0.315835 0.26939 0.282702
4 0.221009 0.333477 0.22195 0.365534 0.252824 0.365534 0.251318 0.333262
4 0.228351 0.39673 0.227221 0.436102 0.265625 0.437823 0.266566 0.399527
4 0.24567 0.437823 0.24567 0.454174 0.274661 0.454604 0.273155 0.43438 0.266566 0.433735 0.265813 0.438468
3 0.328125 0.402754 0.32756 0.421041 0.358434 0.420611 0.359187 0.403184
4 0.295934 0.353701 0.298004 0.386403 0.326996 0.385972 0.326431 0.353701
4 0.326996 0.35327 0.327372 0.386188 0.339797 0.386188 0.338855 0.356067
3 0.392884 0.441695 0.392884 0.458692 0.418863 0.457401 0.417922 0.441695
3 0.398343 0.395869 0.400038 0.412866 0.436935 0.410069 0.43637 0.393718
3 0.615023 0.415017 0.614458 0.426635 0.654179 0.42642 0.654556 0.417169
4 0.641378 0.379088 0.638931 0.410284 0.669428 0.410929 0.669992 0.379088
4 0.62933 0.38167 0.628012 0.41179 0.638554 0.410069 0.640437 0.378873
4 0.662086 0.342298 0.662086 0.374355 0.693148 0.373494 0.693336 0.341867
4 0.64872 0.303787 0.648155 0.337134 0.673569 0.338425 0.676017 0.307444
4 0.634036 0.310456 0.632718 0.337565 0.637613 0.336274 0.639496 0.337995 0.647214 0.336274 0.648155 0.303787
4 0.702937 0.409639 0.700866 0.428141 0.718185 0.430508 0.721197 0.412651
4 0.739646 0.398881 0.738705 0.421041 0.765625 0.419535 0.766943 0.398021
3 0.692395 0.434596 0.6907 0.444277 0.718185 0.445998 0.720068 0.437608
4 0.75433 0.362091 0.752447 0.394793 0.780685 0.394578 0.782568 0.363597
1 0.778238 0.414372 0.777108 0.420611 0.777485 0.433305 0.8093 0.429217 0.809676 0.414587 0.806852 0.411145
3 0.821724 0.396299 0.820218 0.406411 0.855798 0.408348 0.857116 0.398451
4 0.84055 0.364243 0.837726 0.393718 0.864834 0.395869 0.866905 0.366824
1 0.856739 0.406411 0.855045 0.414157 0.854669 0.424268 0.879706 0.42599 0.879895 0.420611 0.881024 0.408563
4 0.830949 0.432659 0.825678 0.460843 0.852033 0.464286 0.85561 0.435456
3 0.826996 0.339501 0.826431 0.349828 0.856175 0.351334 0.856175 0.340146
3 0.831325 0.318847 0.830949 0.333262 0.870294 0.331971 0.870294 0.319062
