0 0.664423 0.245833 0.673798 0.300641 0.744231 0.303846 0.75601 0.305128 0.744231 0.244872
0 0.322356 0.180128 0.315144 0.20641 0.311538 0.234615 0.339904 0.233333 0.373798 0.241987 0.39375 0.243269 0.398798 0.195833 0.398317 0.189423 0.371635 0.187179 0.330048 0.183974
1 0.90625 0.671795 0.9125 0.690705 0.939904 0.6875 0.934375 0.667308 0.908414 0.670833
1 0.841827 0.609936 0.846635 0.627885 0.87476 0.627244 0.875481 0.624359 0.870673 0.608974 0.842308 0.609615
1 0.831731 0.561218 0.835337 0.577244 0.864183 0.578526 0.859135 0.560256
1 0.584375 0.63718 0.582452 0.652885 0.611058 0.661218 0.61274 0.658974 0.613221 0.645513 0.610096 0.641987
1 0.520913 0.622115 0.519471 0.640385 0.55024 0.64359 0.55024 0.62468
1 0.358654 0.638141 0.361779 0.657372 0.39375 0.648397 0.391587 0.632692 0.38774 0.629487
1 0.285577 0.588782 0.282933 0.606731 0.314183 0.608013 0.316587 0.589744
3 0.217067 0.725962 0.215144 0.736218 0.201683 0.735577 0.194471 0.734936 0.172115 0.734615 0.165625 0.733654 0.167788 0.721474 0.183413 0.723077 0.191106 0.723397 0.214423 0.725962
1 0.123077 0.7 0.118269 0.713141 0.122356 0.718269 0.129087 0.722115 0.154808 0.724359 0.158654 0.702564
1 0.13149 0.596795 0.131971 0.615385 0.16875 0.605449 0.166106 0.591026 0.161779 0.588782
3 0.23774 0.68141 0.227644 0.701603 0.247115 0.701282 0.244231 0.723718 0.255769 0.725 0.255769 0.747436 0.291587 0.749038 0.303846 0.724359 0.282933 0.720192 0.288942 0.699359 0.26875 0.697756 0.27476 0.679487
