1 0.488517 0.459337 0.488328 0.472892 0.51619 0.472461 0.51619 0.458692
1 0.445218 0.472246 0.445783 0.48537 0.47308 0.480637 0.471574 0.467728
1 0.454819 0.412651 0.454254 0.41975 0.479669 0.422332 0.480986 0.413511
1 0.490964 0.413726 0.490587 0.422978 0.515248 0.423838 0.515813 0.414587
1 0.634789 0.426205 0.635919 0.439329 0.66378 0.440404 0.663215 0.427065 0.636483 0.425344
1 0.630083 0.480422 0.631777 0.493976 0.654179 0.494191 0.655685 0.491609 0.659827 0.48494 0.658697 0.479561 0.631212 0.479991
1 0.76073 0.454174 0.762989 0.467298 0.789533 0.468158 0.787839 0.454604 0.785768 0.454389 0.782756 0.455034
1 0.843374 0.468589 0.84262 0.473322 0.845256 0.482573 0.870105 0.482358 0.866529 0.469664
1 0.411333 0.417384 0.409074 0.429432 0.435053 0.432014 0.436747 0.418675
1 0.319654 0.423838 0.316453 0.435671 0.317018 0.436747 0.341114 0.439114 0.34262 0.436102 0.343938 0.430938 0.34488 0.427496 0.344315 0.42599 0.325866 0.424268
1 0.220444 0.450516 0.216867 0.463855 0.243035 0.465146 0.245482 0.451377
1 0.186747 0.682659 0.182041 0.700516 0.211032 0.699656 0.214232 0.686317 0.213479 0.682444 0.212914 0.681368 0.188441 0.681799
1 0.377071 0.648881 0.377447 0.667599 0.40945 0.663942 0.407756 0.645224
1 0.462161 0.677065 0.461408 0.696429 0.493788 0.697289 0.494352 0.677926
1 0.524849 0.694277 0.525979 0.71278 0.557982 0.709552 0.555346 0.690404 0.524849 0.693847
1 0.629142 0.666954 0.631589 0.686317 0.664157 0.684165 0.66058 0.664372
1 0.682041 0.698795 0.687124 0.716867 0.718374 0.708046 0.712914 0.690189 0.68317 0.697935
1 0.704443 0.75043 0.706325 0.774742 0.740211 0.776033 0.739081 0.751721 0.724962 0.750645 0.705949 0.749785
1 0.815136 0.75753 0.815136 0.776248 0.828125 0.779475 0.836973 0.781842 0.846386 0.783993 0.84808 0.770869 0.846197 0.76463 0.82869 0.759897
1 0.926581 0.667169 0.932982 0.685026 0.958961 0.678571 0.951996 0.660714
1 0.611634 0.586058 0.61427 0.604131 0.644955 0.60241 0.643449 0.584337
1 0.600151 0.586058 0.600527 0.603485 0.569654 0.601119 0.569465 0.583692
1 0.522967 0.601119 0.524661 0.61747 0.55497 0.614888 0.552334 0.597246
1 0.469503 0.586489 0.469503 0.602625 0.497741 0.601764 0.497364 0.585198
1 0.273155 0.6037 0.269955 0.620912 0.298193 0.622418 0.300828 0.604991
1 0.212914 0.600688 0.209714 0.61747 0.237764 0.61833 0.240587 0.601764
1 0.814571 0.663942 0.817395 0.680723 0.844691 0.678787 0.841491 0.662005 0.815324 0.663511
1 0.942583 0.434596 0.946536 0.446213 0.96875 0.44858 0.964232 0.436747
1 0.967809 0.513124 0.972139 0.527539 0.994352 0.528614 0.989646 0.513984
0 0.382907 0.252797 0.380836 0.260327 0.37613 0.281411 0.37387 0.295611 0.446913 0.298408 0.450678 0.255594 0.383848 0.252582
0 0.459526 0.257315 0.455384 0.298408 0.528238 0.305508 0.528238 0.260972 0.461596 0.256454
0 0.67884 0.244836 0.685053 0.272806 0.687688 0.290878 0.75866 0.295611 0.750376 0.262478 0.745858 0.249355
0 0.7468 0.249785 0.753012 0.263769 0.764496 0.28679 0.828502 0.297117 0.823795 0.284639 0.810806 0.259897 0.805158 0.255164 0.759601 0.250645
0 0.914345 0.266566 0.92564 0.290448 0.928087 0.297332 0.976092 0.306153 0.976092 0.304647 0.960655 0.268072 0.937312 0.265275 0.919616 0.260972 0.916227 0.260327 0.912462 0.261403
