0 0.631589 0.295181 0.641378 0.328313 0.654744 0.328744 0.664721 0.328098 0.680723 0.327668 0.692018 0.327883 0.681476 0.29475 0.67244 0.29346
0 0.38253 0.334552 0.374059 0.370482 0.435053 0.378012 0.441453 0.341007
0 0.391566 0.297762 0.382907 0.334122 0.441642 0.340361 0.447101 0.302926
2 0.157568 0.548623 0.154367 0.560671 0.197101 0.562823 0.198983 0.551205
2 0.141378 0.60284 0.139307 0.615964 0.181288 0.618546 0.183735 0.604561
2 0.107304 0.724828 0.104104 0.741179 0.149661 0.745912 0.151544 0.728916
2 0.125188 0.66136 0.120858 0.675774 0.165098 0.678356 0.167357 0.663296
2 0.294428 0.527324 0.291039 0.540017 0.340173 0.54346 0.340361 0.531626
2 0.280685 0.596601 0.277108 0.608864 0.326619 0.612306 0.326619 0.600904
2 0.263554 0.671256 0.259977 0.688253 0.310241 0.69191 0.310994 0.67599
2 0.249059 0.738597 0.246423 0.755164 0.297063 0.758821 0.297816 0.743115
2 0.337161 0.732143 0.334902 0.746773 0.378953 0.749139 0.378765 0.736231
2 0.468185 0.751076 0.467809 0.773021 0.5593 0.774527 0.558735 0.753442
2 0.611258 0.628657 0.612199 0.638124 0.65305 0.635972 0.652861 0.627797
2 0.61314 0.675774 0.613705 0.685886 0.655685 0.684596 0.656438 0.675774
