3 0.068901 0.333262 0.104669 0.329819 0.105233 0.338425 0.069842 0.342083
3 0.081514 0.392427 0.111822 0.388984 0.112575 0.399742 0.08302 0.403184
3 0.180346 0.401893 0.224209 0.400602 0.224774 0.410069 0.181664 0.412435
3 0.17564 0.365318 0.219503 0.364028 0.220068 0.373709 0.176958 0.375861
3 0.181288 0.435671 0.225339 0.43438 0.225715 0.444277 0.181664 0.445568
3 0.227033 0.435671 0.270143 0.435671 0.270143 0.445783 0.22741 0.445568
3 0.277861 0.434811 0.325301 0.437608 0.325113 0.447504 0.278238 0.444707
3 0.146837 0.377151 0.15192 0.420826 0.165663 0.419966 0.161145 0.375645
3 0.279179 0.402324 0.307041 0.402969 0.307605 0.433735 0.278238 0.43309
1 0.086032 0.44858 0.117093 0.445353 0.120105 0.464716 0.090738 0.467943
1 0.079443 0.145654 0.082643 0.167814 0.116717 0.161145 0.112575 0.138769
1 0.153803 0.140491 0.152297 0.163941 0.185806 0.166954 0.187124 0.143718
3 0.776732 0.381454 0.837538 0.378227 0.839608 0.395869 0.780874 0.402108
4 0.778803 0.408133 0.772967 0.45654 0.831325 0.463855 0.838102 0.412435 0.798758 0.409423 0.783133 0.407917 0.776544 0.407702
