1 0.219952 0.425 0.218269 0.433974 0.243269 0.434615 0.244231 0.425641
1 0.24976 0.431731 0.250721 0.44968 0.263702 0.448397 0.261779 0.430128
1 0.224279 0.464103 0.220673 0.474038 0.243269 0.478526 0.247356 0.467308
1 0.596875 0.389423 0.597596 0.408013 0.610337 0.408333 0.609135 0.389744 0.597356 0.388782
1 0.718029 0.419551 0.720433 0.429487 0.741106 0.430449 0.737981 0.420513
1 0.085577 0.730128 0.081971 0.748718 0.116827 0.751603 0.120673 0.733013
1 0.07476 0.797436 0.066827 0.816667 0.10024 0.820833 0.10649 0.802564
1 0.143269 0.721154 0.139423 0.738782 0.169952 0.747756 0.174038 0.729167
1 0.392788 0.772756 0.391587 0.791026 0.424519 0.788782 0.424519 0.772756
1 0.398317 0.792949 0.394471 0.808013 0.425481 0.814423 0.428606 0.794231 0.398317 0.791987
1 0.401683 0.828205 0.401923 0.848718 0.437981 0.848077 0.437019 0.828205 0.42524 0.829487 0.419231 0.828205 0.408654 0.827885 0.401683 0.827244
1 0.634856 0.327244 0.636058 0.335256 0.657212 0.334936 0.655769 0.326603
2 0.234615 0.659936 0.227163 0.702244 0.23726 0.702564 0.24399 0.659615
