0 0.223645 0.151678 0.323983 0.163511 0.314571 0.223967 0.204631 0.214286
1 0.215173 0.386618 0.250565 0.388554 0.250941 0.40469 0.212349 0.402754
1 0.203313 0.421902 0.243223 0.42599 0.240776 0.443417 0.201995 0.442341
1 0.205949 0.446429 0.243411 0.448365 0.244541 0.466007 0.204066 0.465577
1 0.292922 0.42642 0.331702 0.428141 0.33189 0.445998 0.291792 0.443417
1 0.295181 0.379303 0.332078 0.378442 0.333208 0.393072 0.294616 0.393287
1 0.377071 0.381239 0.409639 0.383391 0.410768 0.398451 0.377259 0.395439 0.376506 0.395439
1 0.374059 0.429002 0.407756 0.425559 0.411898 0.44148 0.376318 0.445998
1 0.452748 0.426205 0.48381 0.427281 0.487387 0.442771 0.452372 0.44191
1 0.448042 0.379303 0.478916 0.379303 0.481739 0.394793 0.449172 0.395439
1 0.509601 0.381885 0.536145 0.380164 0.538968 0.379733 0.542733 0.393503 0.512236 0.395439
1 0.521461 0.423408 0.55064 0.430293 0.550075 0.445138 0.519578 0.436532
1 0.554217 0.398666 0.568901 0.398881 0.574172 0.429647 0.557982 0.431583
1 0.576431 0.365749 0.600904 0.364243 0.60561 0.378658 0.579254 0.378873 0.575866 0.365749
1 0.610693 0.381024 0.635542 0.38253 0.637236 0.397375 0.611258 0.395439 0.610128 0.381024
1 0.594126 0.401678 0.606739 0.400387 0.614081 0.430077 0.601468 0.430293
1 0.633095 0.398021 0.645143 0.39759 0.651167 0.423408 0.638931 0.424053
1 0.691077 0.398666 0.716491 0.407702 0.716679 0.421902 0.691265 0.412866
1 0.697101 0.43309 0.72195 0.432014 0.72741 0.452668 0.700866 0.450516
