3 0.766566 0.355852 0.825113 0.358864 0.829443 0.377367 0.766754 0.373924
2 0.889307 0.318847 0.967244 0.330034 0.969126 0.338425 0.89119 0.328313 0.887048 0.318632
2 0.855422 0.237952 0.923758 0.251506 0.925075 0.259897 0.858434 0.246773
2 0.830384 0.174268 0.887801 0.186962 0.888554 0.194492 0.83302 0.182229
2 0.807794 0.120912 0.859375 0.13296 0.860504 0.134036 0.860881 0.141351 0.811182 0.128012
3 0.21875 0.467943 0.236634 0.468804 0.235693 0.481282 0.214797 0.481497
4 0.125565 0.643933 0.154179 0.647806 0.14552 0.675559 0.116529 0.669966
4 0.107116 0.672978 0.13573 0.67685 0.127071 0.704604 0.098268 0.69901
4 0.205196 0.612091 0.233434 0.614243 0.229857 0.641997 0.199172 0.6392
4 0.192018 0.657272 0.222703 0.661145 0.217056 0.688468 0.18637 0.685886
4 0.178464 0.703744 0.209714 0.709768 0.20369 0.739673 0.170934 0.734509
4 0.21875 0.710628 0.250376 0.714071 0.244164 0.746558 0.211408 0.741394
4 0.230422 0.66136 0.26186 0.664802 0.255836 0.697074 0.22308 0.692126
4 0.264496 0.674484 0.297063 0.67599 0.292733 0.704819 0.259789 0.702238
4 0.354104 0.637048 0.387236 0.640491 0.38366 0.670181 0.350151 0.666738
4 0.341114 0.724182 0.374435 0.729561 0.37067 0.760972 0.336596 0.756454
4 0.395896 0.727194 0.429217 0.732573 0.425452 0.763984 0.39119 0.759466
4 0.439383 0.731067 0.474962 0.737737 0.470444 0.768933 0.434676 0.763339
4 0.20369 0.498924 0.229292 0.501721 0.222139 0.523666 0.195783 0.519793
