2 0.497929 0.525387 0.497929 0.547547 0.517131 0.548838 0.517131 0.544105 0.576431 0.546041 0.575866 0.530766 0.517319 0.52969 0.516943 0.525818
2 0.951807 0.521299 0.956514 0.540878 0.942018 0.547332 0.952937 0.589501 0.940512 0.592083 0.929593 0.550344 0.939571 0.544966 0.935994 0.526463
0 0.105798 0.195998 0.102221 0.20525 0.092056 0.218374 0.112764 0.221816 0.130836 0.223322 0.150414 0.226549 0.160203 0.202022 0.142884 0.196644 0.129706 0.199656 0.114458 0.197719
0 0.097703 0.221601 0.093185 0.234509 0.084714 0.248279 0.092997 0.247418 0.105233 0.25 0.117658 0.251291 0.142884 0.251936 0.151167 0.227194 0.144578 0.226334 0.128577 0.223537
0 0.091303 0.251291 0.09055 0.259466 0.087349 0.263339 0.085843 0.269363 0.082078 0.276248 0.112764 0.278614 0.137613 0.280551 0.147779 0.254518 0.145708 0.253442 0.12387 0.252797 0.115023 0.251936 0.09375 0.249139 0.091491 0.249355
0 0.083584 0.277754 0.081514 0.280551 0.079443 0.283993 0.07869 0.290663 0.071913 0.304217 0.106363 0.305938 0.127071 0.306368 0.131024 0.298623 0.134789 0.296256 0.136672 0.293029 0.137801 0.281411 0.102221 0.278399 0.084526 0.276893
0 0.071348 0.305723 0.058923 0.33778 0.091303 0.339071 0.100715 0.337565 0.116529 0.339501 0.121047 0.319923 0.122741 0.31605 0.127259 0.307444 0.072101 0.304862
0 0.365023 0.257745 0.361446 0.270439 0.356928 0.281411 0.355045 0.296902 0.352033 0.304217 0.3782 0.307014 0.402861 0.310886 0.42244 0.315835 0.432229 0.265491 0.392508 0.258821 0.368411 0.257315
0 0.705949 0.244191 0.709714 0.252367 0.71555 0.264415 0.716303 0.284423 0.779179 0.283993 0.773532 0.262694 0.765437 0.243546
1 0.298758 0.601119 0.293863 0.616609 0.320595 0.623709 0.324548 0.607788
