1 0.049279 0.691987 0.043269 0.715064 0.085337 0.716667 0.089423 0.692628 0.054808 0.690705
1 0.225962 0.746474 0.222837 0.796154 0.244471 0.792949 0.245192 0.791026 0.247115 0.74391
1 0.383173 0.760256 0.402644 0.754808 0.404327 0.755128 0.40649 0.77468 0.410817 0.799359 0.407452 0.805449 0.390144 0.809615 0.383654 0.760577
1 0.539183 0.740385 0.541346 0.763141 0.576683 0.763782 0.576202 0.750641 0.555529 0.746795 0.555288 0.740705
1 0.394471 0.671154 0.411298 0.674038 0.41274 0.67532 0.405529 0.715385 0.404087 0.716667 0.385577 0.713141 0.393269 0.673718
1 0.873077 0.7625 0.88149 0.781731 0.904808 0.779808 0.901683 0.772436 0.896394 0.760256 0.874519 0.761218
1 0.929808 0.755128 0.937981 0.774359 0.969231 0.772756 0.961538 0.752244 0.930288 0.753205
1 0.927164 0.716026 0.934135 0.736218 0.964663 0.735256 0.961298 0.725962 0.952885 0.72532 0.949519 0.715385
1 0.840144 0.668269 0.847115 0.686538 0.877164 0.6875 0.869712 0.666346 0.840865 0.667628
1 0.919952 0.589744 0.927404 0.603846 0.93101 0.606731 0.955769 0.601282 0.953846 0.596154 0.952163 0.595513 0.946154 0.584615
1 0.892067 0.55032 0.89976 0.565064 0.926202 0.563782 0.919231 0.547756 0.897596 0.55
1 0.882452 0.527244 0.888942 0.541346 0.916586 0.541026 0.914423 0.533974 0.909856 0.525962
1 0.783894 0.57468 0.785096 0.580128 0.791346 0.579808 0.797837 0.599038 0.792548 0.59968 0.795673 0.608654 0.810096 0.607692 0.808173 0.6 0.802644 0.585256 0.799038 0.574038
1 0.612019 0.554487 0.617308 0.571474 0.629327 0.570192 0.648077 0.566346 0.640865 0.55
1 0.558894 0.590064 0.560817 0.607692 0.593269 0.607692 0.592788 0.598397 0.575962 0.598397 0.574519 0.589103 0.560096 0.589423
1 0.475721 0.554487 0.477163 0.573397 0.50625 0.57468 0.50625 0.558333 0.505769 0.55641
1 0.494712 0.507372 0.505288 0.538462 0.510096 0.5375 0.516346 0.535256 0.519712 0.532372 0.509135 0.502564 0.496635 0.50609 0.494952 0.506731
1 0.474038 0.457692 0.474038 0.460897 0.478846 0.489423 0.494231 0.486538 0.488942 0.455769
1 0.408654 0.469872 0.40625 0.500962 0.420673 0.502244 0.423317 0.499679 0.424519 0.470833 0.410337 0.469551
1 0.381971 0.526603 0.378606 0.529808 0.379808 0.561859 0.397115 0.560256 0.396154 0.526603
1 0.389423 0.577885 0.38774 0.594872 0.388462 0.595513 0.422837 0.596154 0.423558 0.577885 0.390385 0.576923
1 0.066587 0.586218 0.060817 0.603846 0.061058 0.608654 0.099519 0.609936 0.104327 0.588782
1 0.096635 0.549679 0.095913 0.550962 0.09375 0.570192 0.124279 0.567308 0.125481 0.55032 0.125962 0.548077
1 0.117788 0.523397 0.113942 0.539103 0.114423 0.541026 0.151202 0.540064 0.152644 0.533013 0.153125 0.527244 0.150481 0.522115
1 0.100962 0.464423 0.098798 0.480128 0.137019 0.478846 0.1375 0.463141 0.102163 0.463462
1 0.19976 0.469551 0.195913 0.485897 0.196635 0.48718 0.23125 0.49359 0.231971 0.490064 0.229087 0.488462 0.228846 0.483654 0.229087 0.475
1 0.194712 0.509936 0.191106 0.544872 0.191346 0.548397 0.210337 0.547115 0.212981 0.508974 0.196154 0.508974
1 0.180769 0.566667 0.175962 0.607692 0.194712 0.607051 0.196154 0.605128 0.200721 0.566667
1 0.308173 0.478846 0.303606 0.49391 0.304087 0.496474 0.336538 0.503846 0.33774 0.501603 0.340385 0.488782 0.339663 0.484936 0.327404 0.483013
1 0.308894 0.516026 0.33125 0.516026 0.334135 0.517628 0.333894 0.533013 0.307933 0.533333 0.308173 0.517308 0.308173 0.516026
1 0.290144 0.584295 0.286779 0.603526 0.288702 0.605128 0.31899 0.60641 0.319952 0.585577 0.291587 0.583974
1 0.306731 0.551282 0.306731 0.569872 0.333413 0.569231 0.333173 0.553526 0.332692 0.549679
1 0.797837 0.375321 0.802404 0.386218 0.826683 0.385256 0.821394 0.373077 0.801923 0.374359
1 0.746875 0.275641 0.751202 0.28718 0.77476 0.286538 0.770673 0.275
1 0.607692 0.353846 0.611298 0.366346 0.63726 0.364103 0.633894 0.351282 0.609135 0.353526
1 0.608654 0.306731 0.614664 0.326603 0.627164 0.323718 0.620913 0.305128
1 0.607212 0.270192 0.609135 0.290385 0.609375 0.292949 0.621875 0.292628 0.622356 0.291026 0.619471 0.269872 0.609375 0.269231
1 0.582452 0.242628 0.582692 0.249359 0.585577 0.249679 0.587019 0.259615 0.584856 0.260256 0.585096 0.261218 0.597356 0.2625 0.594712 0.243269 0.582933 0.241346
1 0.608894 0.214103 0.620673 0.213782 0.625721 0.232692 0.623798 0.233654 0.613702 0.234615
1 0.453365 0.359295 0.454087 0.386218 0.460337 0.386538 0.467788 0.386218 0.46899 0.384936 0.467788 0.361218 0.467067 0.360256 0.459375 0.359615 0.455048 0.359295
1 0.458173 0.328846 0.471875 0.330769 0.470673 0.353205 0.469471 0.354487 0.456971 0.352885 0.45601 0.351923
1 0.447837 0.297115 0.451442 0.319231 0.455769 0.319231 0.460817 0.31891 0.464663 0.316987 0.460577 0.296154 0.449038 0.296795
1 0.449279 0.264744 0.449519 0.284936 0.460096 0.285256 0.46274 0.283974 0.462019 0.265705 0.461298 0.264423 0.454087 0.264423
1 0.373798 0.366346 0.389183 0.367308 0.389423 0.392628 0.38726 0.39391 0.373317 0.39359
1 0.36226 0.32532 0.363221 0.348077 0.363942 0.349038 0.373798 0.349359 0.375962 0.347756 0.377404 0.345513 0.376683 0.325962 0.37524 0.32532 0.365385 0.32532
1 0.395673 0.296795 0.393269 0.316026 0.391827 0.318269 0.391106 0.318269 0.382452 0.317949 0.379087 0.316667 0.381971 0.294551 0.384615 0.29359
1 0.391827 0.26218 0.390865 0.278205 0.388221 0.282051 0.380288 0.282372 0.377163 0.28109 0.376683 0.279167 0.378846 0.260256 0.391106 0.261538
1 0.362019 0.235256 0.362019 0.253526 0.375962 0.254487 0.376202 0.235897 0.364663 0.234615
1 0.260096 0.184295 0.260817 0.203526 0.266106 0.205128 0.269952 0.205128 0.274519 0.204167 0.273558 0.184936
1 0.266346 0.153205 0.264904 0.161859 0.265385 0.169872 0.277885 0.171795 0.279327 0.153526 0.267067 0.152244
1 0.200721 0.317308 0.199038 0.327564 0.198077 0.345833 0.213462 0.345513 0.216346 0.317628
1 0.274279 0.379487 0.272596 0.385256 0.272356 0.390385 0.300962 0.394551 0.301202 0.380449
1 0.267308 0.325962 0.271154 0.339103 0.280048 0.335897 0.290625 0.330769 0.297596 0.325962 0.294712 0.319872 0.286779 0.319551 0.271635 0.324359 0.26851 0.325
1 0.173798 0.280449 0.169471 0.290385 0.172356 0.292308 0.198317 0.297115 0.202644 0.285577 0.182692 0.282372
