0 0.216491 0.193201 0.20689 0.246773 0.290286 0.232788 0.301017 0.185886 0.237199 0.194277
0 0.389684 0.175129 0.380459 0.224398 0.467432 0.220955 0.470821 0.172762
3 0.246047 0.424268 0.243223 0.435671 0.28238 0.435026 0.283321 0.425559
1 0.375 0.415017 0.373682 0.43309 0.409639 0.434596 0.410768 0.416738
1 0.059111 0.620482 0.051958 0.645439 0.091867 0.647806 0.09808 0.622848
3 0.106175 0.72074 0.092432 0.780981 0.127259 0.781411 0.139495 0.722031
1 0.174322 0.717083 0.170934 0.743546 0.214044 0.745267 0.215926 0.720955
1 0.257342 0.775387 0.251694 0.805938 0.298946 0.813468 0.30384 0.783133
1 0.332455 0.683305 0.330949 0.711919 0.379706 0.709122 0.378953 0.681368
1 0.393637 0.681799 0.392319 0.710198 0.440889 0.708477 0.441453 0.687608 0.437124 0.680508
3 0.659639 0.685241 0.662462 0.736016 0.739646 0.73537 0.73927 0.687177
3 0.775602 0.654475 0.776167 0.679862 0.823042 0.677065 0.819465 0.652969
3 0.819842 0.651893 0.84262 0.745697 0.901544 0.718589 0.874059 0.638554
3 0.928652 0.679647 0.936747 0.708692 0.986258 0.693847 0.97948 0.665878
0 0.941077 0.210413 1.0 0.21278 1.0 0.263769 0.974021 0.262694
