0 0.276167 0.195568 0.358246 0.210198 0.354669 0.267427 0.269578 0.252582 0.274849 0.196429
0 0.509977 0.240103 0.568901 0.25 0.577184 0.297547 0.513554 0.288726
0 0.683735 0.265491 0.713102 0.277108 0.728727 0.280336 0.742282 0.324656 0.698795 0.317771 0.684864 0.27173
0 0.817206 0.311962 0.844503 0.32358 0.853727 0.359079 0.823983 0.347892 0.82116 0.336919
0 0.905497 0.326377 0.927899 0.336274 0.937876 0.369191 0.914721 0.363167 0.906062 0.339286 0.904932 0.327238
1 0.171687 0.364888 0.205008 0.369406 0.20369 0.385757 0.169239 0.381239
1 0.194089 0.401678 0.220821 0.404905 0.221197 0.422547 0.19183 0.41889
1 0.119352 0.524312 0.139119 0.525172 0.134224 0.564329 0.112575 0.562392
1 0.189947 0.525602 0.205572 0.524527 0.202184 0.563468 0.189006 0.564329
1 0.361822 0.415232 0.393825 0.415663 0.394955 0.431583 0.362199 0.432444 0.362011 0.415878
4 0.365776 0.455895 0.393637 0.458692 0.393072 0.479131 0.365399 0.476549 0.365211 0.460198
1 0.358622 0.48537 0.392696 0.486016 0.393261 0.504733 0.358246 0.503873
4 0.361822 0.533133 0.391378 0.531842 0.391943 0.553141 0.36314 0.554432
1 0.580572 0.474828 0.602033 0.476119 0.604104 0.489243 0.58189 0.487737
1 0.653803 0.428141 0.673946 0.430077 0.67564 0.44191 0.654932 0.440835
1 0.659074 0.505809 0.678652 0.50667 0.680535 0.519793 0.660203 0.519363
2 0.704819 0.450732 0.748117 0.453313 0.749435 0.460843 0.705761 0.458907
2 0.715361 0.50667 0.759601 0.505594 0.761295 0.516566 0.717244 0.517427
