2 0.083396 0.277539 0.081325 0.285069 0.127071 0.285929 0.1282 0.276678
2 0.154179 0.278399 0.152297 0.285499 0.197666 0.284208 0.198983 0.276678
2 0.226845 0.283778 0.224209 0.290232 0.234563 0.302496 0.24567 0.319062 0.256777 0.332616 0.258471 0.325301 0.242846 0.304862 0.233245 0.291093
1 0.631401 0.284208 0.640437 0.287005 0.648155 0.289157 0.652485 0.289802 0.65305 0.291738 0.65192 0.293675 0.651732 0.298623 0.650414 0.298838 0.634789 0.295396 0.630271 0.29346 0.630083 0.287005
1 0.209337 0.462349 0.233434 0.462565 0.231739 0.474613 0.229104 0.476119 0.207078 0.475258 0.208961 0.469234
1 0.237764 0.466007 0.23494 0.478485 0.258848 0.478701 0.261672 0.466652
1 0.263554 0.466437 0.285015 0.464931 0.283321 0.478485 0.261672 0.478916
1 0.237199 0.490534 0.234375 0.504518 0.25866 0.5071 0.261483 0.495697 0.242093 0.495267 0.242658 0.490749
1 0.29311 0.461489 0.316453 0.462995 0.314571 0.474182 0.311182 0.476334 0.28991 0.474828
1 0.26619 0.493761 0.263931 0.50753 0.288968 0.50796 0.290474 0.494621
1 0.293863 0.481282 0.317395 0.480852 0.319089 0.483864 0.317395 0.494406 0.29311 0.495482 0.292357 0.493761
1 0.331514 0.453959 0.343562 0.454174 0.339608 0.479346 0.326996 0.478485
1 0.33189 0.482573 0.331514 0.496342 0.347515 0.495052 0.356928 0.494406 0.356363 0.486231 0.353916 0.481067 0.350339 0.480852
1 0.236634 0.524957 0.235316 0.531842 0.234752 0.538726 0.243411 0.540017 0.259977 0.541738 0.26186 0.527754 0.247553 0.526033
1 0.273532 0.524096 0.270708 0.537436 0.293863 0.540663 0.295746 0.539157 0.298381 0.526463 0.291604 0.525387
1 0.358622 0.513124 0.356551 0.526463 0.3718 0.528614 0.382342 0.528399 0.384601 0.517212 0.381965 0.51463
1 0.309111 0.514845 0.334714 0.513554 0.333396 0.526678 0.332831 0.528399 0.30817 0.529045
1 0.362011 0.496558 0.384036 0.495912 0.387613 0.498494 0.38686 0.510112 0.361258 0.510757
1 0.364081 0.474613 0.388931 0.473537 0.388742 0.48537 0.386483 0.487522 0.364646 0.488382 0.362764 0.487737
1 0.271649 0.420826 0.291792 0.421902 0.28991 0.43395 0.269955 0.433305
1 0.296122 0.419966 0.292733 0.430938 0.296687 0.432014 0.30497 0.432659 0.314947 0.43395 0.317959 0.424053 0.317771 0.421256 0.305158 0.420181
1 0.400791 0.495267 0.421687 0.496773 0.424511 0.497203 0.425075 0.510542 0.403426 0.509682 0.398532 0.508176 0.400226 0.500215 0.399849 0.496988
1 0.397214 0.525387 0.395143 0.533348 0.39439 0.540017 0.397214 0.540663 0.40512 0.542814 0.412274 0.54389 0.41811 0.544105 0.42131 0.543244 0.423758 0.532057 0.422628 0.530551 0.409074 0.527754
1 0.451431 0.417169 0.475527 0.41932 0.474209 0.431583 0.450866 0.429647
1 0.450113 0.447074 0.44936 0.459983 0.454819 0.460413 0.473268 0.46321 0.474398 0.449871 0.464608 0.448365
1 0.48381 0.451807 0.483434 0.463855 0.487387 0.464286 0.499435 0.463855 0.507342 0.464501 0.507718 0.451377 0.492282 0.451592
1 0.480045 0.466652 0.495858 0.468589 0.503389 0.468589 0.503577 0.474613 0.502636 0.481497 0.490399 0.480207 0.478539 0.478916 0.479104 0.467728
1 0.461973 0.495697 0.457643 0.50753 0.473268 0.513339 0.478727 0.51463 0.483057 0.513339 0.483622 0.510327 0.484187 0.503657 0.473456 0.5 0.465361 0.497203
1 0.516378 0.439329 0.513554 0.439544 0.513931 0.451377 0.537274 0.452668 0.537274 0.440404 0.535768 0.439759 0.525226 0.439329
1 0.511295 0.455034 0.516378 0.45525 0.535768 0.45654 0.535768 0.468804 0.534827 0.469234 0.513366 0.468374 0.511483 0.468374 0.511107 0.465361
1 0.514496 0.485155 0.539345 0.486016 0.540098 0.499355 0.51506 0.498924
1 0.487199 0.500645 0.510542 0.501936 0.510166 0.51506 0.486634 0.513984
1 0.475715 0.533133 0.50113 0.531842 0.502071 0.546041 0.476092 0.546041
1 0.506777 0.530551 0.530685 0.531411 0.532191 0.532702 0.531815 0.546472 0.506024 0.54432
1 0.549322 0.423838 0.570783 0.424484 0.57116 0.436747 0.548758 0.436102
1 0.60881 0.52969 0.63253 0.529475 0.63366 0.530551 0.634601 0.54389 0.632907 0.544535 0.609187 0.544535 0.608246 0.533778
1 0.658321 0.476549 0.679405 0.477625 0.681288 0.47827 0.682229 0.491609 0.66058 0.490534 0.659639 0.489673
1 0.639307 0.42642 0.647026 0.42642 0.661145 0.424914 0.664533 0.43395 0.663404 0.436317 0.663968 0.439544 0.661898 0.440404 0.653238 0.438898 0.650979 0.437823 0.647402 0.439759 0.644955 0.437177 0.643637 0.436747
1 0.671122 0.530766 0.694654 0.53012 0.697289 0.545396 0.673193 0.544966
1 0.749059 0.535499 0.772967 0.535284 0.775602 0.549053 0.751506 0.549914
1 0.745858 0.503012 0.77052 0.504518 0.771461 0.518072 0.747553 0.516997
1 0.671122 0.591867 0.697854 0.591007 0.698983 0.606067 0.673193 0.606713
1 0.740776 0.45654 0.762989 0.459768 0.764307 0.462565 0.764872 0.473322 0.741717 0.469449
1 0.46442 0.628657 0.49247 0.629518 0.491905 0.6463 0.464232 0.645869
1 0.506212 0.629733 0.53445 0.631239 0.533697 0.648021 0.505459 0.645869
1 0.556852 0.650172 0.557605 0.665448 0.585843 0.665663 0.585467 0.650172
1 0.512801 0.669535 0.512613 0.685241 0.540474 0.687392 0.541227 0.669105
3 0.462726 0.666738 0.462349 0.67685 0.509789 0.677281 0.509601 0.666954
1 0.491905 0.708262 0.520896 0.708262 0.521461 0.725043 0.492093 0.725258
1 0.522779 0.690404 0.551958 0.690835 0.551958 0.708046 0.523343 0.708046 0.522214 0.703528
1 0.559488 0.702883 0.587349 0.705895 0.586596 0.72074 0.585279 0.723752 0.55817 0.72031
1 0.594126 0.621773 0.618788 0.622418 0.619352 0.6392 0.595256 0.638554 0.593562 0.636403
1 0.689194 0.627367 0.691453 0.626076 0.701807 0.626506 0.704631 0.658133 0.691265 0.657702
1 0.708584 0.624139 0.736446 0.624355 0.737952 0.640275 0.71009 0.63963
1 0.744164 0.631239 0.770331 0.630164 0.773155 0.646515 0.747176 0.646945
1 0.75113 0.666954 0.776544 0.665448 0.778238 0.682444 0.753012 0.682229
1 0.716114 0.662651 0.745294 0.663081 0.746611 0.679217 0.717809 0.679432
1 0.696536 0.704389 0.722892 0.705034 0.723645 0.721386 0.722892 0.722246 0.696724 0.720955
1 0.722892 0.689544 0.735316 0.688898 0.737199 0.690404 0.738705 0.710198 0.739646 0.722461 0.735881 0.723322 0.725339 0.722892 0.724021 0.704819
1 0.78012 0.702238 0.804782 0.700947 0.806852 0.717728 0.782003 0.718374
1 0.818336 0.698365 0.842244 0.696644 0.845068 0.712134 0.821348 0.714716
1 0.782568 0.662651 0.806288 0.66136 0.808547 0.663296 0.810806 0.677496 0.785203 0.678787
