0 0.612764 0.209337 0.619352 0.264845 0.706702 0.263984 0.694277 0.207831
1 0.258283 0.489243 0.253953 0.505594 0.280309 0.509466 0.283697 0.496558 0.281815 0.492255
1 0.251506 0.527108 0.250565 0.544966 0.278803 0.540663 0.279744 0.526248 0.278426 0.523236
2 0.298004 0.453744 0.295369 0.47117 0.372364 0.465361 0.372929 0.44858
1 0.444842 0.444492 0.444654 0.459552 0.476092 0.457186 0.475151 0.441695
2 0.388366 0.449656 0.387236 0.479776 0.459714 0.475043 0.459902 0.465361 0.404179 0.465792 0.403614 0.448795
1 0.355986 0.394363 0.354292 0.415232 0.386107 0.416308 0.388554 0.395224
2 0.407003 0.409423 0.407568 0.41889 0.433358 0.415232 0.433923 0.405336
2 0.312312 0.401463 0.312124 0.409639 0.339797 0.407272 0.33942 0.398451
2 0.444842 0.406626 0.445218 0.414802 0.472327 0.412005 0.472703 0.403399
1 0.491529 0.401893 0.496047 0.419966 0.526355 0.412005 0.524096 0.394578
2 0.478163 0.440404 0.477598 0.458262 0.562124 0.451807 0.56137 0.434596
1 0.657003 0.438468 0.658697 0.454389 0.689194 0.453313 0.689383 0.44815 0.688065 0.439544 0.684488 0.435886
2 0.581702 0.446859 0.583208 0.47074 0.662086 0.464286 0.662462 0.455034 0.658133 0.454604 0.656815 0.44191
1 0.830384 0.416093 0.834526 0.432444 0.865587 0.427281 0.861634 0.412435
1 0.152108 0.647375 0.149661 0.666093 0.176205 0.666954 0.176017 0.648666
1 0.142131 0.680508 0.138366 0.699656 0.165098 0.700732 0.169992 0.689544 0.168486 0.682014
1 0.141002 0.72117 0.137236 0.741394 0.165663 0.743115 0.167922 0.732788 0.169239 0.723107
1 0.137425 0.749355 0.13573 0.770224 0.165851 0.769793 0.166039 0.758606 0.157191 0.748709
1 0.241717 0.662005 0.240399 0.682229 0.270331 0.680938 0.272402 0.664372 0.266943 0.660499
2 0.189947 0.661145 0.184864 0.684811 0.239081 0.68438 0.241717 0.660284
2 0.230233 0.620912 0.229857 0.6321 0.276167 0.635327 0.277297 0.622633
1 0.301205 0.619836 0.299699 0.638124 0.333773 0.637263 0.334337 0.626076 0.330384 0.619191
1 0.344315 0.619836 0.343374 0.639415 0.376506 0.638769 0.378389 0.619836
1 0.337349 0.662005 0.336408 0.682444 0.37067 0.682014 0.372176 0.660714
2 0.282568 0.661575 0.278426 0.686102 0.336032 0.686102 0.336973 0.660714
2 0.372929 0.680293 0.370482 0.704174 0.471197 0.702453 0.471386 0.681368
2 0.483246 0.694062 0.482869 0.717083 0.507342 0.716222 0.50753 0.712349 0.551393 0.710413 0.55177 0.706756 0.567959 0.704819 0.568524 0.693417
1 0.552146 0.707616 0.55384 0.728485 0.592432 0.723107 0.590361 0.709122 0.584714 0.703313
2 0.599021 0.678356 0.599586 0.703959 0.707455 0.700301 0.706137 0.677496
1 0.961032 0.620052 0.966679 0.641351 0.997929 0.639845 0.995482 0.628873 0.987199 0.619836
1 0.941077 0.864888 0.946348 0.891566 0.981551 0.884466 0.974774 0.857358
