1 0.270143 0.483219 0.296687 0.486016 0.293675 0.501076 0.266943 0.497418
1 0.463291 0.446644 0.489646 0.441265 0.493788 0.455034 0.466679 0.461919
1 0.606175 0.48494 0.633283 0.484509 0.635354 0.49957 0.607869 0.499785
1 0.667922 0.497849 0.692771 0.498279 0.695783 0.513339 0.670369 0.513124
1 0.129142 0.718589 0.15945 0.723322 0.15512 0.742685 0.125377 0.736446
1 0.1875 0.723537 0.216679 0.724398 0.21555 0.744191 0.184864 0.743546
1 0.247741 0.719449 0.279744 0.718158 0.279367 0.738812 0.245482 0.739458
1 0.336973 0.751506 0.370858 0.752152 0.369352 0.772375 0.337349 0.772375
2 0.430911 0.671041 0.545746 0.670181 0.545181 0.711058 0.426958 0.711704 0.429593 0.670826
1 0.488517 0.651678 0.519202 0.649096 0.523155 0.667814 0.491529 0.669966 0.489081 0.652754
1 0.618599 0.666738 0.650226 0.664587 0.652485 0.68438 0.621047 0.685671
2 0.679782 0.767857 0.728916 0.758176 0.735128 0.785714 0.682794 0.790878
1 0.833773 0.68395 0.860693 0.680938 0.86634 0.699226 0.83942 0.702022
1 0.888931 0.679647 0.917922 0.677065 0.921498 0.694062 0.920369 0.695353 0.895331 0.697719 0.889872 0.679862
2 0.47948 0.30809 0.496235 0.308305 0.4968 0.319062 0.480045 0.320353
2 0.552146 0.366394 0.569842 0.366179 0.570218 0.372633 0.552711 0.372849
2 0.753765 0.349398 0.770896 0.348537 0.77372 0.35994 0.756212 0.360155
