1 0.490023 0.350904 0.487199 0.368546 0.529179 0.375645 0.531626 0.358864 0.529367 0.355422 0.495105 0.350688
2 0.536709 0.291308 0.536709 0.314114 0.654556 0.317771 0.652861 0.294966
2 0.749247 0.547978 0.752259 0.584768 0.832831 0.585198 0.832078 0.572289 0.897026 0.569707 0.89006 0.541954
2 0.893449 0.541954 0.89872 0.569707 0.987575 0.569923 0.985693 0.540017
2 0.896084 0.637909 0.897402 0.645869 0.949736 0.644578 0.948983 0.636188
2 0.898343 0.649096 0.899096 0.657272 0.953313 0.65512 0.951431 0.64673
1 0.714232 0.678356 0.720633 0.711704 0.770896 0.70654 0.766943 0.677711 0.764119 0.673838
1 0.537086 0.665878 0.557982 0.685886 0.586785 0.638984 0.564383 0.620482
3 0.164157 0.32358 0.161145 0.337995 0.205196 0.335413 0.206514 0.322935
2 0.091303 0.374785 0.087726 0.385542 0.129518 0.41179 0.133283 0.400172
1 0.235505 0.203528 0.232116 0.217083 0.263554 0.214716 0.265437 0.212565 0.268072 0.202238 0.262801 0.200947 0.246611 0.201377
1 0.310429 0.096816 0.307794 0.108649 0.337538 0.104561 0.339232 0.093158
1 0.485504 0.131239 0.485881 0.142427 0.518637 0.141997 0.518637 0.129948
1 0.639307 0.180293 0.640437 0.197504 0.676017 0.196644 0.675828 0.18438 0.674699 0.181368 0.641566 0.179432
2 0.696913 0.170826 0.697289 0.175775 0.749435 0.174484 0.747741 0.16846
1 0.496423 0.441695 0.498494 0.464071 0.508471 0.464716 0.542169 0.460628 0.542169 0.450301 0.542169 0.447935 0.539157 0.436532
