1 0.119231 0.88726 0.11859 0.909135 0.141667 0.90649 0.141026 0.879567 0.127244 0.88149
1 0.732051 0.701202 0.733013 0.7125 0.755128 0.709135 0.753846 0.698558
1 0.698077 0.716827 0.699359 0.727163 0.723077 0.723558 0.721474 0.714904
1 0.491987 0.739183 0.491667 0.766346 0.508333 0.764904 0.507692 0.73774
1 0.270513 0.681731 0.269872 0.694231 0.303846 0.691827 0.304167 0.682933 0.301923 0.680048
1 0.517949 0.649519 0.518269 0.660337 0.544872 0.658414 0.54391 0.648317
1 0.571795 0.640385 0.571154 0.650721 0.595833 0.651202 0.595192 0.640385
1 0.569872 0.525721 0.569872 0.536779 0.591346 0.536779 0.594872 0.534856 0.59391 0.525721
1 0.137821 0.580529 0.136538 0.591586 0.174679 0.592788 0.175641 0.579087 0.141667 0.577885
1 0.148718 0.551442 0.147115 0.564664 0.184295 0.566346 0.185256 0.552885
1 0.706731 0.48101 0.70641 0.498077 0.717949 0.498317 0.717628 0.480288
