1 0.129518 0.171256 0.123682 0.181368 0.145708 0.182874 0.150979 0.172978
1 0.162462 0.180938 0.156062 0.19105 0.17997 0.191695 0.185053 0.181368
1 0.104104 0.211489 0.096009 0.223537 0.119164 0.222031 0.125 0.211919
2 0.092244 0.207186 0.087161 0.216437 0.086785 0.231928 0.121047 0.230207 0.122176 0.222676 0.093373 0.224398 0.103539 0.207186
2 0.14439 0.207831 0.137989 0.218589 0.177523 0.217943 0.180911 0.208907
1 0.32436 0.109294 0.32116 0.116609 0.344691 0.120267 0.347892 0.115749 0.345821 0.112306
1 0.302146 0.166523 0.296687 0.175344 0.321536 0.181368 0.326996 0.171472
1 0.273343 0.247633 0.269955 0.259682 0.298004 0.262909 0.302146 0.250215
1 0.435429 0.06605 0.434111 0.072504 0.454819 0.076592 0.455572 0.070353
1 0.419239 0.116179 0.415663 0.123064 0.43863 0.129948 0.442395 0.122633
1 0.411145 0.166093 0.406626 0.174484 0.432982 0.180723 0.435429 0.174268 0.434488 0.170396
1 0.395331 0.247203 0.391378 0.258391 0.419804 0.263339 0.421122 0.260972 0.420369 0.258391 0.417545 0.2571 0.416604 0.251506
1 0.479104 0.256239 0.476845 0.269148 0.50866 0.27259 0.509601 0.258821
1 0.58189 0.169966 0.582831 0.177926 0.606175 0.180077 0.604292 0.171687
1 0.578502 0.204174 0.580008 0.21364 0.605798 0.215361 0.604669 0.205034
1 0.58509 0.245482 0.587161 0.255164 0.614081 0.25667 0.611446 0.245697
1 0.642131 0.13963 0.642319 0.148451 0.666416 0.151248 0.66378 0.141351
1 0.63686 0.189544 0.637048 0.199441 0.662086 0.204174 0.661145 0.193632
1 0.64006 0.226549 0.64006 0.236015 0.667545 0.240964 0.666604 0.230637
1 0.648155 0.277754 0.649285 0.290017 0.679405 0.291523 0.676017 0.279045
1 0.701242 0.200732 0.701807 0.212134 0.728539 0.215792 0.728916 0.205034
1 0.706137 0.226764 0.705761 0.238812 0.730233 0.24333 0.731175 0.238382 0.730422 0.231282
1 0.71442 0.251936 0.713291 0.267427 0.741905 0.272375 0.741717 0.25667
1 0.714044 0.285714 0.713855 0.300559 0.747741 0.302711 0.746611 0.288296
1 0.847139 0.2358 0.849586 0.246988 0.877447 0.251291 0.872929 0.239028
1 0.879706 0.297978 0.883095 0.311317 0.911709 0.314329 0.908133 0.300774
1 0.083773 0.348537 0.070218 0.380379 0.083584 0.379303 0.097515 0.347461
1 0.020708 0.462565 0.012236 0.481928 0.040474 0.484079 0.044992 0.475688 0.047252 0.468804 0.047063 0.464501
1 0.175452 0.37457 0.170934 0.390921 0.204255 0.390275 0.207455 0.381239 0.185617 0.379518 0.186559 0.37457
1 0.141002 0.452238 0.133848 0.472461 0.167733 0.47741 0.171498 0.466437 0.146461 0.463855 0.150414 0.453744
1 0.261107 0.383606 0.258471 0.400387 0.294616 0.400818 0.295369 0.384251
1 0.237575 0.469449 0.23061 0.489243 0.267131 0.495697 0.273343 0.474828
1 0.349586 0.470525 0.347892 0.491824 0.388366 0.492255 0.389684 0.472031
1 0.489834 0.380809 0.488893 0.398451 0.525226 0.400818 0.525979 0.383821
1 0.482681 0.495912 0.48061 0.516781 0.521461 0.518503 0.522026 0.498279
1 0.602033 0.387478 0.60128 0.40383 0.638742 0.405981 0.638742 0.388554
1 0.605798 0.484725 0.60561 0.503873 0.645331 0.506239 0.645143 0.487091
3 0.053464 0.621988 0.048569 0.634466 0.080761 0.638984 0.086032 0.625215
1 0.334714 0.680508 0.330572 0.709768 0.378389 0.713855 0.380459 0.685026
3 0.425828 0.667169 0.420746 0.696859 0.532756 0.706756 0.543863 0.677281
1 0.611822 0.692986 0.611446 0.723537 0.66058 0.724828 0.660203 0.694707
1 0.723833 0.634682 0.725715 0.66222 0.769202 0.663081 0.765437 0.635972
1 0.729292 0.70568 0.731363 0.737091 0.778803 0.736876 0.775602 0.708262
1 0.808358 0.66846 0.811559 0.695568 0.855233 0.695568 0.850339 0.668675
1 0.8718 0.652539 0.890248 0.703313 0.90625 0.69901 0.910203 0.695568 0.892319 0.64716
