1 0.329819 0.178571 0.354669 0.17685 0.355986 0.179002 0.355422 0.19062 0.32869 0.192556
1 0.242093 0.207186 0.256777 0.207616 0.262425 0.206325 0.265625 0.210198 0.267319 0.218158 0.266002 0.21988 0.240587 0.220955
1 0.213479 0.143287 0.236069 0.138339 0.236634 0.141566 0.237575 0.150387 0.211973 0.154905
1 0.261672 0.090792 0.28445 0.086274 0.28558 0.088855 0.284827 0.096816 0.261483 0.10241
1 0.386295 0.086059 0.411709 0.083046 0.410956 0.094234 0.38686 0.097031
1 0.382154 0.14006 0.389119 0.139415 0.408133 0.135542 0.409262 0.143933 0.405497 0.147806 0.383283 0.153184
1 0.481739 0.19815 0.509977 0.197719 0.509789 0.211059 0.481739 0.211489
2 0.46442 0.188898 0.490587 0.187392 0.490587 0.194277 0.464608 0.194923
2 0.518449 0.140491 0.547628 0.138769 0.548193 0.145869 0.518825 0.146945
2 0.563065 0.087349 0.569089 0.087134 0.571348 0.115103 0.564194 0.114673
1 0.542922 0.147375 0.575866 0.149957 0.574736 0.163081 0.541227 0.16136
2 0.578878 0.152108 0.580196 0.157702 0.611258 0.158563 0.610316 0.152324
2 0.580572 0.186747 0.58189 0.192341 0.612952 0.193201 0.611822 0.186962
2 0.634413 0.146299 0.634977 0.151463 0.662462 0.152754 0.661709 0.146945
2 0.634789 0.179432 0.635166 0.185241 0.66698 0.186102 0.666227 0.179862
1 0.683547 0.14673 0.71009 0.147375 0.712914 0.160284 0.685241 0.159208
2 0.679782 0.139415 0.710843 0.140275 0.711596 0.146515 0.680158 0.145439
2 0.697289 0.088425 0.739834 0.091652 0.740023 0.099613 0.696536 0.09617
2 0.804782 0.168029 0.835843 0.169535 0.836785 0.177496 0.80497 0.174268
2 0.878765 0.179862 0.921687 0.179002 0.923193 0.186317 0.879706 0.186532
2 0.888366 0.202022 0.931288 0.202453 0.932229 0.210628 0.889307 0.208692
1 0.919051 0.137048 0.929217 0.137694 0.936935 0.161145 0.926393 0.161145
