0 0.169616 0.240103 0.160203 0.255379 0.209714 0.259466 0.21555 0.24204
0 0.158886 0.256239 0.144955 0.290663 0.198042 0.29432 0.202184 0.274527 0.20802 0.259897
0 0.417922 0.194062 0.408509 0.223107 0.444089 0.228485 0.463667 0.230852 0.467056 0.201592
0 0.406815 0.223967 0.400602 0.248709 0.441453 0.253227 0.459149 0.254518 0.461785 0.231497
0 0.400602 0.266997 0.399473 0.27259 0.435241 0.27883 0.435617 0.273236
0 0.398908 0.249139 0.393637 0.276033 0.424699 0.281196 0.454254 0.282917 0.458961 0.255809
0 0.393637 0.279475 0.383848 0.324441 0.447477 0.335628 0.454254 0.287435
0 0.657568 0.23537 0.661145 0.274312 0.701619 0.273451 0.719126 0.275818 0.718562 0.266136 0.712538 0.239243
0 0.665663 0.275818 0.669804 0.30938 0.68637 0.309811 0.704254 0.313898 0.725904 0.319492 0.71988 0.276893 0.684111 0.274312
0 0.799699 0.263554 0.810806 0.280981 0.824172 0.27969 0.851845 0.27926 0.843374 0.248494 0.814194 0.25
0 0.814759 0.281626 0.822477 0.303356 0.826242 0.315189 0.831137 0.319062 0.874059 0.317341 0.858622 0.279905
0 0.82323 0.323795 0.830572 0.34531 0.838855 0.365318 0.891378 0.365318 0.875 0.322719
0 0.877447 0.327883 0.892319 0.364888 0.926581 0.368761 0.924699 0.36037 0.920369 0.351764 0.916416 0.33864 0.914157 0.326377 0.8782 0.327668
0 0.914721 0.325516 0.915663 0.332616 0.921875 0.348107 0.924322 0.356497 0.92564 0.35994 0.927334 0.363597 0.938065 0.368115 0.97741 0.36833 0.959149 0.325516
1 0.009413 0.478701 0.003577 0.489028 0.015813 0.491394 0.019202 0.488382 0.020708 0.479991
1 0.025226 0.527754 0.021273 0.539372 0.037462 0.540232 0.040098 0.53636 0.041416 0.529045
1 0.076995 0.449871 0.072854 0.459768 0.084337 0.460198 0.087914 0.451162
1 0.064194 0.48494 0.060617 0.495697 0.071913 0.495912 0.075866 0.485155
1 0.05064 0.522375 0.049699 0.534208 0.061559 0.533563 0.064006 0.523021
1 0.043486 0.464286 0.040663 0.474182 0.053276 0.475043 0.053464 0.464501
1 0.096197 0.439329 0.091114 0.45654 0.099774 0.456756 0.104292 0.438898
1 0.134977 0.478055 0.134036 0.489458 0.148155 0.488812 0.14872 0.477625
1 0.119917 0.52216 0.117093 0.534423 0.132154 0.535714 0.135542 0.523666
1 0.156815 0.520869 0.154179 0.534423 0.174887 0.534423 0.175264 0.52216
1 0.170745 0.473107 0.167733 0.483649 0.186559 0.48537 0.189759 0.474398
3 0.358434 0.480422 0.357681 0.489028 0.384601 0.490318 0.385919 0.482143 0.35881 0.480852
3 0.436747 0.552496 0.435806 0.561962 0.466679 0.564329 0.468185 0.555508
1 0.53991 0.543244 0.541416 0.555293 0.558358 0.552926 0.556476 0.540232
1 0.829066 0.513984 0.832455 0.525818 0.851092 0.524742 0.848268 0.513124 0.829631 0.513769
1 0.842244 0.556368 0.845444 0.569707 0.864646 0.566695 0.861069 0.554002
1 0.857492 0.522806 0.859187 0.534854 0.878765 0.534208 0.876883 0.52259 0.857869 0.52259
1 0.036145 0.66222 0.033697 0.67642 0.053276 0.677281 0.054782 0.666954 0.05384 0.663511
1 0.083773 0.687177 0.082267 0.696859 0.080384 0.703098 0.096197 0.70611 0.099398 0.701592 0.100904 0.689759
1 0.122741 0.657487 0.117658 0.670396 0.129142 0.673408 0.13253 0.660714
1 0.22308 0.704174 0.221386 0.718804 0.238517 0.718804 0.240211 0.705034
1 0.285392 0.65383 0.28125 0.667384 0.302711 0.672117 0.304405 0.671472 0.307229 0.658778
1 0.338667 0.70611 0.337161 0.720955 0.359375 0.723107 0.361446 0.708477
1 0.421687 0.700732 0.418863 0.715577 0.433923 0.718158 0.443524 0.719664 0.446348 0.704819
1 0.503953 0.708692 0.503389 0.723752 0.527485 0.724182 0.527861 0.708907
1 0.565136 0.702022 0.565136 0.712564 0.581137 0.71321 0.581137 0.702238
1 0.562312 0.66889 0.562312 0.681153 0.582643 0.680938 0.581702 0.668675
1 0.652485 0.667599 0.654367 0.681799 0.679405 0.679647 0.675828 0.665232
1 0.518825 0.624355 0.51939 0.630379 0.525979 0.629733 0.526167 0.624355
