4 0.559676 0.534854 0.560053 0.553571 0.57869 0.552711 0.578878 0.538511 0.568712 0.534423 0.561747 0.534639
4 0.511107 0.545396 0.510354 0.564974 0.530874 0.564974 0.530685 0.546041
4 0.487575 0.55809 0.487199 0.577022 0.507907 0.576377 0.507154 0.557874
4 0.402297 0.535284 0.400414 0.554217 0.417545 0.552926 0.418675 0.534208
3 0.131589 0.560456 0.131024 0.57315 0.167357 0.573365 0.170181 0.562177 0.165663 0.560671
3 0.073983 0.550559 0.070595 0.561962 0.077937 0.561102 0.091303 0.560241 0.102221 0.562392 0.105986 0.550774
4 0.144014 0.674484 0.137801 0.694277 0.153614 0.695998 0.158886 0.676635
4 0.182417 0.65426 0.176958 0.674699 0.193148 0.675774 0.197666 0.65512
4 0.209149 0.666308 0.205949 0.680938 0.222327 0.681583 0.226092 0.666954
3 0.280685 0.648451 0.276544 0.654475 0.276732 0.66179 0.312312 0.663296 0.315512 0.649957
3 0.502824 0.671902 0.503953 0.685241 0.54311 0.683735 0.542733 0.671256
4 0.5657 0.680723 0.567018 0.699441 0.588667 0.699441 0.587349 0.680723
4 0.597327 0.640706 0.598268 0.66222 0.620294 0.662651 0.618035 0.640491
4 0.627447 0.6392 0.630459 0.662005 0.651544 0.660929 0.648908 0.637909
4 0.710467 0.685456 0.714044 0.710198 0.732116 0.708477 0.726845 0.68395
4 0.466114 0.58025 0.46555 0.595525 0.485504 0.595525 0.485504 0.580034
3 0.277485 0.381239 0.277297 0.386403 0.294428 0.386403 0.294992 0.381024
3 0.322854 0.409208 0.322477 0.415448 0.333584 0.414157 0.349398 0.414372 0.349774 0.407917 0.333961 0.407702
3 0.330196 0.380594 0.330196 0.3892 0.364834 0.387909 0.365399 0.379948
3 0.782003 0.539157 0.784827 0.554002 0.82756 0.552926 0.82436 0.538942
3 0.842809 0.717513 0.843562 0.726119 0.868223 0.729346 0.867282 0.720525
3 0.866152 0.687608 0.866529 0.697504 0.897214 0.696429 0.896461 0.686532
4 0.879518 0.71364 0.883471 0.736446 0.907944 0.737737 0.902485 0.714286
3 0.920934 0.746558 0.92244 0.758606 0.950489 0.755809 0.948983 0.745912
1 0.815324 0.752797 0.81683 0.768072 0.84055 0.769793 0.839985 0.754733
1 0.948983 0.703744 0.954819 0.717083 0.97628 0.714716 0.969503 0.699656
3 0.936182 0.695783 0.943524 0.718589 0.953878 0.717298 0.945407 0.695353
3 0.961408 0.722246 0.963479 0.733649 0.987011 0.731067 0.984563 0.721386
1 0.007342 0.725473 0.003953 0.736016 0.018261 0.739888 0.020708 0.728485
4 0.129706 0.702668 0.125941 0.715792 0.140437 0.718374 0.144202 0.704174
