1 0.235096 0.797436 0.231731 0.81891 0.264904 0.819231 0.26851 0.798077
1 0.175962 0.823718 0.173558 0.830128 0.172596 0.843269 0.202885 0.840705 0.207212 0.836859 0.209615 0.822436
1 0.138702 0.792308 0.134375 0.809295 0.135096 0.809936 0.167548 0.810256 0.171875 0.79359
3 0.180288 0.798077 0.176923 0.813782 0.221875 0.811218 0.22524 0.797756
1 0.29399 0.78718 0.288462 0.807051 0.320433 0.815705 0.325962 0.796474 0.325 0.794231 0.298317 0.78718 0.295192 0.786859
1 0.391827 0.792949 0.391587 0.813462 0.42524 0.811859 0.42524 0.790385 0.393269 0.792628
1 0.43774 0.821154 0.436538 0.847115 0.475481 0.848718 0.475481 0.821474
1 0.545913 0.788141 0.546635 0.8125 0.585337 0.814744 0.583894 0.790064 0.547115 0.78782
1 0.652885 0.795192 0.654567 0.819231 0.694471 0.820833 0.693029 0.799359 0.690625 0.795833 0.654567 0.794551
1 0.704567 0.829808 0.707452 0.854167 0.744712 0.857051 0.740865 0.83109
1 0.646394 0.703205 0.648317 0.72532 0.684375 0.726282 0.681971 0.704808 0.647837 0.701923
1 0.115625 0.707372 0.108894 0.725962 0.140385 0.728846 0.145192 0.709936
1 0.146394 0.72532 0.139904 0.748077 0.175481 0.75032 0.18125 0.726923
1 0.198798 0.734936 0.197115 0.754487 0.202885 0.754487 0.221394 0.751923 0.229327 0.75032 0.230048 0.747436 0.23149 0.73141 0.214423 0.733333
1 0.251683 0.704167 0.247596 0.726282 0.283413 0.726282 0.28726 0.704487
1 0.302644 0.696474 0.299279 0.7125 0.321635 0.715385 0.330048 0.716026 0.334135 0.697756 0.33101 0.696795 0.31899 0.696154 0.306971 0.695513
1 0.347356 0.702564 0.347115 0.720833 0.379808 0.715705 0.379567 0.702244 0.373558 0.698718 0.365865 0.699038 0.348077 0.702244
1 0.394231 0.697115 0.393029 0.719551 0.430288 0.719551 0.430529 0.695513
1 0.446875 0.732051 0.446154 0.742308 0.459135 0.741667 0.461058 0.741346 0.46899 0.739423 0.476202 0.738141 0.477885 0.732372 0.478606 0.719551 0.472356 0.720192 0.471635 0.73141
1 0.551202 0.694872 0.550721 0.71282 0.580288 0.716667 0.582692 0.713782 0.582692 0.697115
1 0.596875 0.701603 0.59375 0.716346 0.61875 0.728526 0.624279 0.73109 0.627404 0.71282 0.600962 0.701282
1 0.832452 0.541026 0.836058 0.555128 0.843269 0.554808 0.846635 0.555769 0.861538 0.557692 0.858413 0.54359 0.854327 0.542949 0.838702 0.540385
1 0.780529 0.512821 0.783414 0.526603 0.810577 0.527244 0.807452 0.5125 0.781731 0.5125
1 0.736779 0.532051 0.737981 0.546154 0.739183 0.547115 0.765385 0.55 0.766346 0.549679 0.765385 0.535256 0.752644 0.533333 0.743029 0.532372
1 0.702885 0.580128 0.705529 0.595192 0.732933 0.595513 0.733413 0.589744 0.73101 0.579808 0.713462 0.579487
1 0.656731 0.586218 0.661298 0.601603 0.688221 0.598397 0.683654 0.582692 0.679327 0.582692 0.658173 0.585577
1 0.608413 0.58109 0.610817 0.596474 0.638702 0.594231 0.636058 0.578526 0.63149 0.578205 0.610337 0.580449
1 0.56851 0.580769 0.570192 0.595833 0.59399 0.595513 0.598558 0.594872 0.596394 0.578846 0.569712 0.580449 0.56899 0.580449
1 0.56226 0.516667 0.565385 0.529808 0.591106 0.525 0.58774 0.511859 0.564423 0.516346
1 0.59976 0.513141 0.601202 0.528846 0.632212 0.52532 0.630529 0.509615
1 0.522596 0.575641 0.522596 0.591346 0.54976 0.591987 0.550721 0.589423 0.55024 0.577564 0.548798 0.576603
1 0.407212 0.584936 0.40601 0.602564 0.438702 0.602885 0.439183 0.585256
1 0.453846 0.519551 0.452163 0.533013 0.479808 0.534936 0.480529 0.523397 0.477885 0.520192
1 0.457692 0.534936 0.456731 0.548397 0.47476 0.55032 0.483413 0.550962 0.484615 0.53718 0.460577 0.534615
1 0.41274 0.52532 0.410337 0.5375 0.411298 0.538782 0.436779 0.541346 0.438221 0.533013 0.438462 0.527564
1 0.370192 0.510256 0.368029 0.525641 0.399279 0.526923 0.401202 0.511859
1 0.320192 0.569872 0.314663 0.582051 0.334856 0.58782 0.341106 0.574359
1 0.327885 0.520513 0.323317 0.533333 0.32524 0.535256 0.350481 0.540385 0.353846 0.530128 0.353365 0.526282 0.346875 0.524038 0.342308 0.523397 0.336779 0.522756 0.331971 0.521154
1 0.186538 0.566026 0.184375 0.571795 0.18125 0.585256 0.214663 0.588141 0.21875 0.56891 0.198798 0.566346
1 0.232933 0.5625 0.227644 0.57468 0.256971 0.583654 0.261058 0.565064
1 0.268269 0.566667 0.267788 0.58109 0.298798 0.576923 0.298317 0.563462 0.270433 0.565064
1 0.246154 0.499679 0.243029 0.508654 0.272115 0.510256 0.274279 0.503526 0.273077 0.500641
1 0.204327 0.504167 0.201923 0.517628 0.230529 0.517628 0.232212 0.508013 0.231731 0.503526
1 0.00601 0.569551 0.002163 0.583333 0.033413 0.581731 0.035577 0.570192 0.035096 0.566346
1 0.81899 0.410256 0.822596 0.421154 0.847356 0.419872 0.842548 0.408013
1 0.68774 0.408974 0.689183 0.420513 0.714183 0.421474 0.71274 0.409295
1 0.647837 0.409936 0.65 0.422115 0.677404 0.422436 0.675962 0.409615
1 0.611779 0.405449 0.612019 0.416026 0.636298 0.419231 0.636058 0.407372
1 0.559375 0.402244 0.560336 0.413141 0.584856 0.414103 0.583894 0.403526 0.582933 0.402244
1 0.477163 0.409936 0.476683 0.421474 0.504327 0.421474 0.503846 0.408333
1 0.439663 0.410897 0.439183 0.423397 0.466827 0.423718 0.468029 0.409936
1 0.403125 0.409615 0.401442 0.420513 0.425962 0.423077 0.427404 0.411218
1 0.365385 0.409615 0.363462 0.421474 0.389423 0.422436 0.389663 0.410897 0.366346 0.408654
1 0.322115 0.407692 0.320913 0.420192 0.35024 0.421154 0.351202 0.407692
1 0.283413 0.406731 0.283413 0.41859 0.308894 0.416987 0.308654 0.405128
1 0.25 0.401603 0.25 0.412821 0.27524 0.411859 0.275481 0.401282
1 0.208413 0.40032 0.204808 0.4125 0.233173 0.415385 0.235817 0.401923
1 0.220192 0.352564 0.217548 0.360897 0.217067 0.363782 0.24399 0.365705 0.247356 0.353846 0.238942 0.352244 0.224279 0.351282
1 0.08101 0.399679 0.074279 0.409936 0.09976 0.413462 0.101923 0.408013 0.103846 0.402564
1 0.032212 0.400962 0.024519 0.409615 0.026923 0.4125 0.031971 0.413141 0.035337 0.413782 0.035337 0.416026 0.03774 0.41891 0.044231 0.421795 0.047596 0.414423 0.048558 0.408974
1 0.039423 0.351923 0.035577 0.361538 0.05649 0.3625 0.059615 0.352244
1 0.093029 0.354167 0.091827 0.364423 0.114423 0.360897 0.113221 0.351603
1 0.782212 0.344551 0.783654 0.352564 0.787019 0.354808 0.806971 0.353846 0.805048 0.34391 0.791106 0.343269
1 0.745913 0.339103 0.746635 0.348397 0.76226 0.350321 0.770673 0.351282 0.768269 0.339744
1 0.716106 0.361538 0.71875 0.371474 0.745673 0.370192 0.742788 0.358654 0.716827 0.358654
1 0.680048 0.357692 0.679567 0.367308 0.682452 0.371154 0.70649 0.372756 0.707933 0.370833 0.70649 0.359615 0.687019 0.358013
1 0.556731 0.353526 0.55625 0.364744 0.582692 0.36859 0.582692 0.355128
1 0.603365 0.360577 0.604567 0.371154 0.631971 0.370833 0.629327 0.359295
1 0.640865 0.360897 0.643269 0.371795 0.669231 0.371795 0.666586 0.359615 0.640865 0.359936
1 0.258173 0.354808 0.255769 0.366667 0.283413 0.36891 0.285337 0.357051
1 0.294471 0.356731 0.292067 0.36859 0.320192 0.369551 0.321154 0.358013
1 0.332933 0.358013 0.33101 0.360577 0.329567 0.371474 0.356731 0.371474 0.357452 0.360577
1 0.367067 0.363141 0.365385 0.374679 0.390865 0.375641 0.394471 0.364423
1 0.40625 0.361218 0.405048 0.370513 0.427885 0.373397 0.429087 0.36282 0.407692 0.360577
1 0.440865 0.363462 0.440144 0.374679 0.466827 0.374359 0.466827 0.36282
1 0.477404 0.36282 0.477404 0.374679 0.503846 0.375 0.503606 0.36282
1 0.375962 0.317628 0.373798 0.328526 0.399519 0.328846 0.401202 0.317308
1 0.338702 0.317308 0.33726 0.327885 0.36226 0.327564 0.363942 0.317308 0.339663 0.316987
1 0.303365 0.3125 0.301442 0.321154 0.327885 0.323718 0.328846 0.313462 0.305529 0.312179
1 0.267067 0.311538 0.265385 0.322756 0.291106 0.323077 0.29351 0.311538
1 0.631731 0.31891 0.636298 0.327885 0.65625 0.323397 0.652644 0.314103 0.643029 0.316026 0.631731 0.318269
1 0.597837 0.316667 0.599038 0.327244 0.624519 0.326923 0.623077 0.316346 0.599519 0.315705
1 0.480288 0.318269 0.479567 0.321154 0.479808 0.329487 0.504567 0.330128 0.504327 0.319872
1 0.448558 0.317308 0.448317 0.326603 0.470192 0.326923 0.470433 0.316987
1 0.663221 0.272756 0.664423 0.283654 0.689664 0.284295 0.687981 0.272436
1 0.411298 0.2375 0.410096 0.246795 0.434375 0.247436 0.434135 0.237179 0.419952 0.236218
1 0.384615 0.238462 0.383654 0.246795 0.401202 0.248397 0.404087 0.239423
1 0.351202 0.239744 0.350481 0.249679 0.375 0.250321 0.376683 0.239423 0.353125 0.239423
1 0.736538 0.309936 0.740625 0.319231 0.75024 0.316667 0.747596 0.307051
