1 0.247741 0.54389 0.240964 0.562823 0.275602 0.568417 0.280874 0.548408
1 0.224962 0.619836 0.218185 0.640275 0.252447 0.6463 0.258095 0.624355
1 0.17997 0.618546 0.173193 0.6392 0.206137 0.645009 0.211408 0.623494
1 0.275791 0.812823 0.268637 0.839501 0.309488 0.856282 0.317018 0.827883
1 0.149473 0.774527 0.142319 0.794105 0.139119 0.811102 0.137801 0.82315 0.155497 0.826592 0.163027 0.795826 0.168486 0.774312 0.15738 0.772806 0.150602 0.772806
1 0.312876 0.713855 0.307605 0.737306 0.343562 0.747203 0.348268 0.722676
1 0.412274 0.787005 0.409639 0.812177 0.455761 0.817986 0.457643 0.797762 0.455008 0.790878 0.41378 0.785929
1 0.533133 0.843804 0.534074 0.873709 0.583208 0.874785 0.582831 0.844234
1 0.639496 0.766566 0.642884 0.796256 0.692395 0.794535 0.688065 0.764845
1 0.644955 0.829174 0.647402 0.860585 0.696348 0.86037 0.692583 0.829174
1 0.650602 0.872848 0.653426 0.90512 0.704254 0.904905 0.701054 0.871988
1 0.723645 0.807444 0.72741 0.83864 0.780685 0.840361 0.776167 0.80938
1 0.73061 0.840146 0.733622 0.868115 0.786145 0.873709 0.782003 0.842083
