2 0.105986 0.092943 0.151544 0.088425 0.152108 0.097461 0.103727 0.104346
2 0.092997 0.144148 0.143449 0.135542 0.143072 0.146945 0.090926 0.156626
2 0.20369 0.183305 0.250376 0.178356 0.250753 0.188683 0.202372 0.194923
2 0.213291 0.136403 0.257342 0.13253 0.258283 0.140491 0.211973 0.146084
2 0.222892 0.092083 0.270143 0.090146 0.270331 0.099398 0.222139 0.099398
2 0.219503 0.046256 0.26619 0.042384 0.265625 0.051635 0.220068 0.055077
2 0.268449 0.173838 0.317959 0.169966 0.318901 0.179647 0.268825 0.186102
2 0.281062 0.129948 0.329254 0.127582 0.330008 0.137478 0.279932 0.140706
2 0.283133 0.083477 0.331325 0.082401 0.329819 0.092728 0.282003 0.091867
2 0.28991 0.038296 0.336785 0.039587 0.336973 0.047332 0.288404 0.046902
2 0.339797 0.167814 0.389684 0.164802 0.390248 0.175344 0.339608 0.180938
2 0.349398 0.123709 0.399096 0.121127 0.399473 0.130809 0.349209 0.134251
2 0.352598 0.083907 0.397214 0.082616 0.39759 0.091437 0.349962 0.093158 0.350904 0.083262
2 0.358434 0.039802 0.40625 0.03679 0.407191 0.04432 0.358434 0.049053
1 0.453313 0.192986 0.482492 0.191695 0.484187 0.207401 0.453313 0.208046
2 0.423946 0.163296 0.474774 0.164157 0.475904 0.172978 0.42244 0.174268
1 0.453125 0.148021 0.48061 0.14759 0.480422 0.16136 0.452937 0.160714 0.453502 0.148666
2 0.424887 0.123924 0.474586 0.122849 0.474398 0.13167 0.424699 0.134682 0.424134 0.124355
1 0.419239 0.097031 0.446724 0.095955 0.446724 0.108219 0.418675 0.108434
1 0.43637 0.075516 0.462726 0.074871 0.463479 0.083692 0.436747 0.085628
2 0.426581 0.06691 0.472515 0.064544 0.472892 0.071213 0.426581 0.074656
2 0.439571 0.050129 0.474962 0.049269 0.475715 0.054432 0.432982 0.056799 0.432417 0.05142
1 0.44936 0.015706 0.473645 0.016566 0.473456 0.027539 0.448042 0.024742
1 0.383471 0.014415 0.409262 0.013985 0.409074 0.025387 0.382154 0.025172
2 0.498117 0.161575 0.552146 0.158993 0.552146 0.169535 0.498306 0.171687
2 0.500565 0.115318 0.552334 0.114028 0.552334 0.121988 0.500941 0.122633
1 0.493788 0.101119 0.522402 0.098752 0.52372 0.10994 0.496047 0.113812
2 0.491905 0.088425 0.490964 0.097246 0.539345 0.095095 0.539157 0.08821
1 0.585655 0.061532 0.595633 0.060886 0.613328 0.061317 0.613517 0.074871 0.584526 0.073365
2 0.567959 0.053571 0.61747 0.05142 0.618223 0.059811 0.568901 0.061317
1 0.571913 0.035069 0.598833 0.032487 0.601092 0.041954 0.572854 0.04432
2 0.567395 0.026678 0.567771 0.033778 0.615587 0.031196 0.615211 0.023666
1 0.565512 0.009036 0.611069 0.008176 0.612011 0.01463 0.565512 0.017427
2 0.655685 0.003873 0.713479 0.002367 0.713855 0.010112 0.656438 0.011833
2 0.650791 0.104346 0.70369 0.10284 0.705008 0.112952 0.653238 0.114458
2 0.659639 0.134251 0.711032 0.133606 0.713102 0.143287 0.662086 0.144363
2 0.664345 0.165663 0.717809 0.163511 0.71762 0.173408 0.665663 0.176205
2 0.746235 0.148451 0.798569 0.149742 0.799887 0.159208 0.747176 0.157272
2 0.82116 0.045826 0.830384 0.046041 0.844315 0.091867 0.83622 0.092513
2 0.819465 0.156626 0.870482 0.159854 0.871423 0.16846 0.822101 0.165448 0.818712 0.156842
