0 0.058923 0.304862 0.050452 0.319707 0.045181 0.334337 0.038027 0.34617 0.057041 0.346816 0.074172 0.347676 0.088855 0.345955 0.099774 0.326377 0.108245 0.305723 0.088479 0.304862 0.072666 0.304217
0 0.337161 0.233003 0.330384 0.252151 0.325489 0.268287 0.382154 0.270224 0.39119 0.234294 0.362575 0.232788
0 0.325489 0.272806 0.319654 0.291093 0.314383 0.310456 0.333584 0.310241 0.348645 0.309165 0.375188 0.308305 0.381589 0.27216 0.358246 0.271515 0.338102 0.271084
0 0.523532 0.163296 0.525602 0.18309 0.525414 0.194923 0.53445 0.195998 0.550452 0.195568 0.566265 0.193847 0.579819 0.194492 0.575113 0.165017 0.564947 0.165448 0.545934 0.166093 0.542169 0.167599 0.538404 0.168244 0.530685 0.166093
0 0.576619 0.163296 0.578878 0.179647 0.58189 0.193417 0.60128 0.194492 0.6218 0.194923 0.635354 0.192771 0.634977 0.186747 0.633283 0.177281 0.630083 0.166954 0.628765 0.157057 0.60561 0.159639 0.594503 0.16222
0 0.519955 0.194707 0.519767 0.205895 0.519955 0.215577 0.520143 0.229131 0.543486 0.231282 0.557417 0.229131 0.577372 0.229561 0.573795 0.195353 0.557794 0.196213 0.543863 0.196429 0.534262 0.196429 0.525038 0.196213
0 0.575866 0.195353 0.579254 0.228701 0.607116 0.231282 0.619541 0.231713 0.633283 0.232143 0.627636 0.199656 0.604104 0.196429 0.587161 0.196213
0 0.629142 0.199441 0.63573 0.231928 0.687312 0.236446 0.682982 0.216867 0.679029 0.21364 0.678276 0.211704 0.678276 0.208046 0.660956 0.205465 0.642696 0.201162
0 0.508283 0.232788 0.507154 0.254948 0.505083 0.270009 0.532568 0.272806 0.565512 0.273451 0.5657 0.232573 0.542169 0.231928 0.524096 0.232788
0 0.567583 0.232788 0.567583 0.270439 0.599586 0.27259 0.626694 0.27259 0.622364 0.2358 0.599962 0.233003 0.58302 0.232358
0 0.624059 0.235155 0.625 0.24957 0.628953 0.27216 0.642508 0.274957 0.651167 0.276678 0.666604 0.277108 0.681852 0.279905 0.676581 0.240318 0.652673 0.238167 0.636107 0.2358
0 0.503953 0.273451 0.5032 0.29389 0.499435 0.31691 0.531438 0.320998 0.564383 0.320998 0.564194 0.276248 0.558923 0.274957 0.53238 0.274957
0 0.566265 0.274957 0.566265 0.319923 0.625753 0.321859 0.623306 0.277324 0.606928 0.276033 0.592809 0.275818 0.580761 0.275172 0.572289 0.274957
0 0.624812 0.27969 0.627447 0.322719 0.6875 0.326592 0.681099 0.284423 0.652673 0.281196
0 0.314759 0.536145 0.31137 0.561102 0.309111 0.58111 0.305158 0.598107 0.326996 0.600473 0.371047 0.601334 0.383095 0.600043 0.384601 0.572719 0.387425 0.555077 0.39119 0.545826 0.346386 0.538726
0 0.306664 0.6037 0.301393 0.629303 0.296122 0.664802 0.330196 0.667384 0.376883 0.669966 0.381777 0.629303 0.384977 0.603485 0.349586 0.60284 0.322101 0.602194
0 0.642884 0.621988 0.642131 0.696644 0.723268 0.700516 0.717432 0.627582 0.676958 0.625645
