1 0.043863 0.238167 0.04198 0.253227 0.06683 0.248709 0.067771 0.234294
1 0.239646 0.200301 0.23927 0.213425 0.264119 0.209337 0.26506 0.204389 0.264119 0.196859
1 0.254518 0.136188 0.252447 0.141566 0.251883 0.14759 0.273343 0.146084 0.274473 0.133391
1 0.247176 0.108003 0.2468 0.120052 0.268261 0.113812 0.268825 0.103055
1 0.175452 0.134466 0.175452 0.146084 0.198042 0.141781 0.198419 0.129088
2 0.040851 0.435241 0.040474 0.451807 0.089232 0.444277 0.089232 0.429647
2 0.052523 0.386188 0.052711 0.396084 0.081137 0.391997 0.080761 0.383176
2 0.05817 0.350688 0.05817 0.359294 0.084526 0.354131 0.084526 0.346386
1 0.123306 0.347892 0.121047 0.38253 0.130836 0.38167 0.138366 0.374785 0.139307 0.34617
1 0.103163 0.398451 0.11427 0.393503 0.131777 0.402969 0.10561 0.413511
1 0.016378 0.622203 0.013366 0.645439 0.040663 0.646084 0.043298 0.633606 0.044616 0.620697
1 0.033886 0.562608 0.031438 0.57401 0.029744 0.576592 0.03558 0.58068 0.053087 0.582401 0.056288 0.564759
1 0.067771 0.570353 0.069277 0.587134 0.09375 0.579819 0.092432 0.562392
1 0.071913 0.606497 0.072289 0.62457 0.100715 0.619836 0.100527 0.601764
1 0.095821 0.707831 0.098268 0.72784 0.128765 0.720095 0.126883 0.709552 0.122364 0.701377
1 0.141002 0.706756 0.141943 0.725473 0.171875 0.724398 0.171122 0.704819
1 0.125565 0.611661 0.122929 0.631024 0.149473 0.635542 0.154744 0.616394
1 0.154556 0.544535 0.152673 0.558735 0.14759 0.581756 0.164157 0.583046 0.167169 0.567126 0.169992 0.546472
1 0.224586 0.552711 0.225715 0.571644 0.257718 0.56648 0.255459 0.547547
1 0.310994 0.021945 0.31137 0.031842 0.333773 0.029045 0.335655 0.026893 0.335843 0.019148
1 0.499624 0.064759 0.502636 0.075516 0.527485 0.070998 0.527861 0.067556 0.526355 0.059165
4 0.232869 0.215577 0.230045 0.244836 0.266566 0.239888 0.268825 0.209983
1 0.317395 0.203528 0.316642 0.210628 0.316265 0.217943 0.342056 0.214931 0.344315 0.200732
1 0.381024 0.210628 0.380459 0.224398 0.40945 0.222246 0.409074 0.208477
1 0.205949 0.641997 0.207267 0.661145 0.237387 0.655551 0.236258 0.636618
4 0.356551 0.040232 0.35448 0.064544 0.389307 0.062177 0.391378 0.038511
4 0.371988 0.104131 0.373682 0.131239 0.411333 0.125215 0.409074 0.098752
1 0.430911 0.038081 0.432041 0.048623 0.457267 0.04389 0.455761 0.034423
4 0.430723 0.114888 0.431476 0.141997 0.471009 0.137478 0.468938 0.10994
4 0.489646 0.081971 0.488893 0.108003 0.527673 0.108219 0.527861 0.08154
1 0.503012 0.156196 0.505271 0.169105 0.533321 0.165017 0.531815 0.152324
4 0.493223 0.171472 0.494541 0.201592 0.535956 0.198795 0.53445 0.16889
1 0.444842 0.16846 0.444654 0.182229 0.473456 0.180508 0.473645 0.167599
4 0.794992 0.156411 0.802711 0.184811 0.839608 0.183305 0.831325 0.153614
4 0.298381 0.399957 0.299134 0.429002 0.335467 0.425344 0.333961 0.396945
4 0.308735 0.342298 0.308547 0.36747 0.340361 0.364028 0.340361 0.338855
1 0.488893 0.358649 0.487011 0.361446 0.488328 0.375 0.519014 0.371127 0.516566 0.355637
1 0.429217 0.419535 0.433923 0.437177 0.43637 0.437177 0.43637 0.441265 0.442583 0.440189 0.446348 0.436962 0.440512 0.415232 0.431099 0.419105
1 0.557417 0.310456 0.560806 0.325086 0.590173 0.321644 0.58622 0.307014
4 0.652297 0.297978 0.656062 0.321213 0.688818 0.318847 0.683358 0.294105
4 0.665098 0.362737 0.669992 0.390275 0.703313 0.388124 0.697477 0.359509
1 0.732116 0.313038 0.731175 0.328313 0.761295 0.333046 0.761672 0.317341
1 0.789533 0.321213 0.793863 0.336274 0.820783 0.333262 0.815324 0.317556
1 0.880271 0.325947 0.887236 0.341007 0.909074 0.333477 0.902485 0.318417
1 0.950113 0.324656 0.957267 0.339501 0.979669 0.333046 0.973268 0.317986
1 0.943148 0.236661 0.943148 0.241179 0.952184 0.265491 0.962538 0.263339 0.964797 0.260327 0.954254 0.234509
1 0.314006 0.635542 0.3157 0.632745 0.348645 0.62543 0.350151 0.646515 0.317206 0.651893
1 0.420557 0.673193 0.424134 0.692771 0.458584 0.686317 0.455384 0.667169 0.453502 0.666308
1 0.434676 0.561747 0.435806 0.58154 0.469691 0.577238 0.468562 0.557874
1 0.512236 0.516136 0.515437 0.533778 0.547252 0.527324 0.543863 0.509466
1 0.51186 0.586919 0.516002 0.606067 0.549134 0.597246 0.544616 0.578313
1 0.752071 0.512909 0.754895 0.531626 0.787462 0.528614 0.784639 0.512694 0.782944 0.510327
1 0.805346 0.513339 0.806476 0.532272 0.837161 0.532702 0.836408 0.522375 0.83302 0.513769
1 0.82323 0.564974 0.824925 0.584337 0.855422 0.583262 0.853916 0.564329
1 0.769202 0.585843 0.770331 0.605422 0.803276 0.602625 0.802523 0.595955 0.802334 0.586058
1 0.9375 0.562608 0.947477 0.60327 0.975339 0.595525 0.965738 0.556799
1 0.895331 0.563898 0.897026 0.582831 0.926393 0.583262 0.924699 0.564544
4 0.590361 0.58154 0.59695 0.623279 0.624435 0.618546 0.618411 0.577453
4 0.320595 0.656842 0.323419 0.702668 0.372364 0.697935 0.369917 0.651463
1 0.058358 0.171687 0.057041 0.183305 0.080196 0.178787 0.080949 0.166738
1 0.096197 0.178356 0.090738 0.19105 0.107116 0.190404 0.112199 0.177711
4 0.425264 0.010112 0.426017 0.032917 0.460843 0.028184 0.460279 0.004088
4 0.316265 0.097892 0.314571 0.123924 0.336973 0.122418 0.338479 0.09617
1 0.576619 0.046902 0.57869 0.056799 0.603916 0.052926 0.600715 0.042599
4 0.638742 0.055508 0.64552 0.079819 0.66698 0.077238 0.66058 0.053141
1 0.72948 0.070138 0.732304 0.08111 0.758471 0.078744 0.755459 0.067986
1 0.771461 0.068417 0.776732 0.079604 0.799887 0.075086 0.793675 0.063898
