1 0.292733 0.574441 0.290663 0.584983 0.310429 0.585413 0.311935 0.574441 0.292733 0.57401
1 0.39006 0.550774 0.387613 0.561532 0.407568 0.564974 0.409827 0.553571
1 0.448795 0.533348 0.448607 0.543029 0.46875 0.54475 0.469503 0.538511 0.468938 0.534423
1 0.47308 0.520009 0.47308 0.53012 0.493035 0.52969 0.493223 0.519793 0.49247 0.519578 0.473456 0.519578
1 0.501694 0.516136 0.50113 0.525602 0.516002 0.526678 0.516378 0.516997
1 0.472327 0.57401 0.47195 0.585843 0.493411 0.586919 0.493599 0.574871
1 0.497929 0.572719 0.497553 0.584337 0.518825 0.585413 0.518825 0.573365
1 0.523532 0.549268 0.521273 0.559811 0.540474 0.564544 0.542357 0.563683 0.543675 0.553787
1 0.545369 0.572935 0.54744 0.584337 0.568148 0.580895 0.566453 0.570998 0.565324 0.569707
1 0.569089 0.577883 0.570407 0.589071 0.590173 0.588425 0.590926 0.585198 0.58942 0.576592
1 0.60128 0.568847 0.600151 0.578959 0.620482 0.583046 0.621611 0.581971 0.6218 0.572289 0.601468 0.568417
1 0.054029 0.629733 0.069465 0.63167 0.068712 0.635542 0.053464 0.633606 0.053652 0.631024
1 0.040663 0.666308 0.034639 0.677926 0.05064 0.686102 0.056476 0.673623
1 0.057041 0.675129 0.07116 0.677281 0.06683 0.689544 0.052711 0.686317 0.056664 0.674914
1 0.096009 0.699441 0.091679 0.712349 0.108245 0.717513 0.112387 0.703959
1 0.115211 0.705895 0.112387 0.720525 0.134224 0.72074 0.136107 0.706756
1 0.125941 0.655766 0.122364 0.667814 0.137236 0.670181 0.141566 0.657487
1 0.237011 0.674268 0.236069 0.687823 0.25866 0.685671 0.259036 0.671687
1 0.207455 0.699656 0.205572 0.71364 0.22628 0.714716 0.230233 0.699871
1 0.197289 0.743115 0.193524 0.755164 0.214985 0.759466 0.218562 0.745267 0.197854 0.742255
1 0.221762 0.743546 0.218938 0.757315 0.241717 0.761403 0.244541 0.745912 0.222515 0.7429
1 0.278238 0.748924 0.278803 0.763339 0.30177 0.75667 0.301581 0.751721 0.298569 0.743761
4 0.268825 0.730207 0.266378 0.745697 0.28012 0.747418 0.284639 0.746343 0.286898 0.731067
1 0.237575 0.65512 0.235316 0.66889 0.256024 0.66975 0.257718 0.65426 0.237952 0.65383
1 0.251694 0.638984 0.249247 0.651893 0.271273 0.65469 0.273532 0.641136
1 0.293675 0.673623 0.291792 0.686747 0.314006 0.686532 0.3157 0.675129 0.314571 0.672978 0.294051 0.672547
1 0.312124 0.745482 0.310806 0.759897 0.334149 0.761403 0.335467 0.747633
1 0.317206 0.705465 0.316265 0.719449 0.339044 0.72074 0.339797 0.706756
1 0.345821 0.706325 0.342809 0.719664 0.365399 0.722031 0.366152 0.708262 0.346574 0.70568
1 0.338291 0.754733 0.360128 0.749355 0.35994 0.755379 0.362764 0.75667 0.36314 0.7642 0.345821 0.767857 0.338667 0.765491 0.337726 0.755164
1 0.416416 0.734725 0.416039 0.75 0.4375 0.749355 0.437312 0.734725
1 0.447854 0.718158 0.44616 0.732788 0.469691 0.736661 0.470821 0.729991 0.46555 0.72074
1 0.445407 0.672332 0.44503 0.68438 0.461973 0.68352 0.461785 0.671472
1 0.473456 0.756885 0.472892 0.771945 0.496611 0.772375 0.497176 0.761188 0.494917 0.75753 0.474398 0.756239
1 0.531062 0.753657 0.530309 0.769148 0.555535 0.770654 0.555535 0.755379
1 0.526544 0.66222 0.549134 0.660929 0.550452 0.674914 0.52692 0.675559
1 0.590173 0.723967 0.591867 0.752797 0.604104 0.753442 0.602033 0.723752
1 0.612199 0.719449 0.63573 0.717728 0.637425 0.731713 0.613517 0.734079 0.611634 0.72031
1 0.602033 0.674053 0.602221 0.686962 0.624247 0.687823 0.625565 0.687392 0.624435 0.674053 0.602786 0.673193
1 0.648908 0.70654 0.672063 0.703098 0.675075 0.717083 0.652297 0.720955
1 0.64552 0.755164 0.647779 0.768933 0.67131 0.767212 0.668863 0.752152 0.645708 0.753873
1 0.742658 0.748494 0.744352 0.762478 0.766002 0.761833 0.763178 0.748279
1 0.871611 0.743115 0.875376 0.757745 0.893637 0.754518 0.889496 0.740318 0.8718 0.741824
1 0.902297 0.680723 0.909639 0.70611 0.920181 0.70568 0.912462 0.679002 0.902673 0.679862
1 0.92131 0.692986 0.924887 0.70525 0.94503 0.70525 0.941077 0.692341 0.921875 0.692126
1 0.951054 0.739673 0.966491 0.737522 0.96988 0.737306 0.973456 0.751291 0.955384 0.753873
4 0.967244 0.719449 0.97195 0.734079 0.986822 0.733003 0.98381 0.719664 0.980798 0.717513 0.966867 0.718589
1 0.985316 0.735155 0.988517 0.746127 1.0 0.744836 0.999812 0.73537 0.99887 0.732573 0.985128 0.733649
1 0.905685 0.651033 0.924322 0.650602 0.927899 0.662651 0.909074 0.663081
1 0.818148 0.539587 0.820218 0.550344 0.83622 0.552496 0.83302 0.541954
1 0.828878 0.57358 0.830761 0.584983 0.848833 0.587349 0.846197 0.575732
4 0.903803 0.574871 0.906626 0.584768 0.906815 0.586489 0.922063 0.585843 0.917357 0.57315 0.904744 0.572504 0.903238 0.572935
