3 0.323419 0.348107 0.377071 0.349398 0.375753 0.363167 0.319654 0.359725 0.322289 0.347892
3 0.322289 0.322289 0.365587 0.324226 0.364458 0.336704 0.320595 0.334337
1 0.356928 0.291308 0.376883 0.291954 0.374812 0.301635 0.354857 0.30142
3 0.508848 0.340577 0.519202 0.340146 0.520143 0.341222 0.522026 0.385542 0.511483 0.385112
1 0.566077 0.312392 0.581702 0.313038 0.582267 0.32315 0.565512 0.321644
1 0.287462 0.510757 0.313253 0.513554 0.311747 0.528614 0.284074 0.525172
1 0.413968 0.465361 0.440889 0.466437 0.439759 0.479561 0.413404 0.478485
1 0.471009 0.47117 0.496423 0.471816 0.497364 0.48537 0.46988 0.48537 0.46988 0.471386
1 0.529179 0.521515 0.554029 0.519793 0.557417 0.534854 0.529932 0.536575
1 0.570218 0.468804 0.591303 0.475473 0.593562 0.480207 0.591867 0.490318 0.567395 0.482143
1 0.633471 0.468158 0.657756 0.469449 0.65945 0.481928 0.634977 0.481282
1 0.710655 0.520224 0.733998 0.520654 0.736822 0.535499 0.713102 0.535499
4 0.685429 0.468589 0.712538 0.469019 0.721386 0.517642 0.695783 0.517642
1 0.738705 0.492685 0.755648 0.491824 0.759413 0.505379 0.74134 0.506885
1 0.764119 0.527108 0.786145 0.528184 0.788404 0.542384 0.76619 0.542169
1 0.8093 0.495052 0.828313 0.495912 0.832078 0.509251 0.811935 0.508821 0.810241 0.499785
1 0.818712 0.526248 0.838855 0.525172 0.844315 0.538942 0.822666 0.540663 0.818524 0.527324
1 0.474398 0.581325 0.502071 0.584768 0.500188 0.600688 0.471574 0.597461
1 0.475904 0.614243 0.5032 0.619191 0.502447 0.635542 0.473833 0.630164 0.475339 0.613597
1 0.465738 0.658133 0.493599 0.657272 0.496047 0.675129 0.465361 0.675129
1 0.463855 0.693201 0.494352 0.696213 0.493788 0.715146 0.462538 0.711274
1 0.651167 0.684596 0.678652 0.686532 0.680158 0.704389 0.651544 0.702453
1 0.756965 0.679647 0.78125 0.678787 0.785203 0.696429 0.758848 0.698795
