0 0.069089 0.323365 0.069842 0.320998 0.090361 0.311962 0.098645 0.305723 0.106551 0.305293 0.106551 0.31562 0.09808 0.34531 0.081514 0.348322 0.068148 0.358864 0.059676 0.361446 0.06137 0.351979 0.065889 0.345955 0.067771 0.337995 0.068712 0.327883
0 0.065512 0.364243 0.076242 0.356713 0.090926 0.350904 0.103539 0.349828 0.09375 0.36704 0.102221 0.374355 0.103163 0.395009 0.059488 0.410284 0.0593 0.386833 0.059111 0.379303 0.06137 0.373709 0.063818 0.364888
0 0.106928 0.344019 0.137425 0.334552 0.156626 0.33025 0.157568 0.380379 0.105233 0.395869 0.104104 0.346386
0 0.109187 0.300774 0.144578 0.288081 0.157191 0.283993 0.152108 0.326592 0.118788 0.333262 0.10128 0.341867 0.102974 0.336059 0.108434 0.32315 0.108245 0.31562
0 0.157568 0.285714 0.193148 0.276893 0.213102 0.272375 0.211973 0.303571 0.20689 0.311532 0.15305 0.320998 0.154744 0.319062 0.156062 0.318201 0.155874 0.30099
0 0.312876 0.2429 0.364834 0.22074 0.368788 0.268503 0.337726 0.27926 0.311559 0.288941 0.314006 0.282057
0 0.336408 0.288511 0.393637 0.266997 0.399096 0.320783 0.340361 0.339716 0.339044 0.302926
0 0.385542 0.205465 0.420557 0.199225 0.447666 0.200732 0.44616 0.209337 0.448042 0.225258 0.448983 0.242255 0.394014 0.253012 0.384224 0.255809 0.384789 0.228485 0.384789 0.212995
0 0.529744 0.210628 0.590361 0.192341 0.597515 0.236231 0.53558 0.256024 0.532756 0.225043
0 0.590926 0.191695 0.654932 0.177711 0.663215 0.225043 0.598268 0.234725
0 0.655685 0.177711 0.675264 0.175344 0.686182 0.179862 0.698042 0.17685 0.717244 0.177711 0.722515 0.216007 0.727974 0.220955 0.663404 0.223322
0 0.571724 0.245697 0.607304 0.2358 0.635354 0.233864 0.637425 0.287651 0.574925 0.296472
0 0.635542 0.231497 0.637801 0.284208 0.655685 0.283348 0.674699 0.28012 0.6843 0.279475 0.703502 0.283563 0.705761 0.283563 0.704631 0.264845 0.703313 0.245697 0.703125 0.232358 0.660203 0.231067
0 0.856739 0.114673 0.917922 0.104561 0.934488 0.149742 0.873117 0.158133
0 0.950113 0.11037 0.999624 0.103701 1.0 0.152324 0.96762 0.155336
0 0.879518 0.17642 0.94503 0.170396 0.961785 0.218804 0.895896 0.223537
