2 0.203878 0.059165 0.203502 0.06562 0.235693 0.05938 0.235693 0.052926
2 0.201995 0.075516 0.201619 0.082186 0.23381 0.075732 0.23381 0.069492
2 0.199172 0.088425 0.198983 0.09488 0.230986 0.088425 0.231175 0.082186
2 0.19503 0.101334 0.194654 0.107788 0.227786 0.101979 0.22741 0.09531
2 0.191642 0.115964 0.191453 0.122418 0.224586 0.115103 0.224209 0.108649
2 0.1907 0.133391 0.190324 0.139845 0.223456 0.132745 0.223268 0.126076
2 0.186935 0.146945 0.186935 0.152754 0.220821 0.146084 0.220633 0.14006
2 0.1843 0.164157 0.184111 0.169966 0.218185 0.163296 0.217997 0.157272
2 0.180723 0.179217 0.180535 0.185026 0.214608 0.178571 0.21442 0.172547
2 0.176205 0.195783 0.176017 0.201592 0.211596 0.195138 0.211408 0.189329
2 0.173193 0.210843 0.173005 0.216652 0.207455 0.209983 0.207455 0.203959
2 0.169428 0.227194 0.169239 0.232788 0.20369 0.226119 0.20369 0.220095
2 0.164533 0.245912 0.164345 0.251721 0.198795 0.244836 0.198795 0.238812
1 0.22308 0.255594 0.222892 0.266997 0.244541 0.263124 0.243788 0.251291
1 0.22741 0.279475 0.226657 0.290878 0.248117 0.288081 0.248494 0.275387
1 0.295181 0.19062 0.335467 0.185241 0.335655 0.191695 0.294992 0.197504
1 0.302711 0.223537 0.342997 0.218158 0.343185 0.224613 0.302523 0.230207
1 0.30064 0.247849 0.340926 0.24247 0.341114 0.249139 0.300452 0.254733
1 0.412651 0.207186 0.454066 0.203528 0.454066 0.209768 0.412651 0.21364
1 0.411709 0.225688 0.452937 0.221601 0.452937 0.22827 0.411709 0.232143
1 0.412274 0.245052 0.453502 0.240964 0.453502 0.247633 0.412462 0.251506
1 0.419051 0.188898 0.459714 0.184811 0.46009 0.191265 0.419051 0.195353
1 0.418486 0.173623 0.457831 0.169535 0.45802 0.176205 0.418486 0.180293
1 0.421498 0.160284 0.460655 0.156196 0.460655 0.162651 0.421687 0.166523
1 0.429029 0.134897 0.466679 0.129518 0.467056 0.136403 0.429217 0.141136
1 0.437312 0.121127 0.474209 0.114028 0.474962 0.121127 0.437312 0.128012
2 0.568901 0.005594 0.602598 0.003873 0.602786 0.00796 0.568901 0.010112
2 0.567959 0.02173 0.604669 0.019148 0.605233 0.024742 0.568336 0.027539
2 0.567959 0.03636 0.605798 0.033348 0.605986 0.038941 0.568336 0.042169
2 0.57003 0.049699 0.607116 0.046902 0.607492 0.052711 0.570407 0.055293
2 0.570218 0.064974 0.608434 0.062608 0.60881 0.067771 0.570595 0.070353
2 0.570595 0.08111 0.60994 0.078528 0.610316 0.084122 0.570971 0.086704
2 0.57116 0.097892 0.609563 0.095525 0.609752 0.101334 0.571348 0.103485
2 0.571724 0.112952 0.610128 0.110585 0.610316 0.116394 0.571913 0.118546
2 0.575113 0.130809 0.614081 0.128442 0.614458 0.134036 0.575489 0.136403
2 0.574548 0.14673 0.614646 0.145224 0.614646 0.151033 0.574925 0.152539
2 0.574548 0.164157 0.614834 0.162435 0.615399 0.168675 0.574736 0.170181
2 0.573607 0.181583 0.614081 0.180077 0.614458 0.186102 0.573983 0.187823
2 0.576807 0.222031 0.617846 0.22031 0.618411 0.226764 0.577184 0.228916
2 0.576242 0.241179 0.61747 0.239458 0.617846 0.245912 0.576807 0.248064
2 0.578502 0.261403 0.621047 0.260112 0.621423 0.267212 0.578878 0.268287
2 0.657756 0.008821 0.69503 0.005809 0.695407 0.011188 0.658133 0.01463
2 0.658697 0.023881 0.696536 0.020009 0.697289 0.025818 0.65945 0.029475
2 0.661898 0.041738 0.69936 0.039157 0.700113 0.04475 0.662651 0.047332
2 0.664533 0.054002 0.70256 0.052281 0.703125 0.057659 0.665474 0.059596
2 0.670934 0.069277 0.708961 0.067986 0.709149 0.073365 0.671687 0.074656
2 0.671875 0.083907 0.71122 0.083262 0.711596 0.088855 0.672628 0.089501
2 0.675828 0.102194 0.71442 0.101119 0.714608 0.106928 0.676581 0.107788
2 0.67677 0.11833 0.716303 0.11747 0.717056 0.123709 0.677146 0.12457
2 0.6843 0.134466 0.724021 0.133391 0.724586 0.13963 0.684676 0.140491
2 0.682982 0.152754 0.72308 0.151248 0.723645 0.157487 0.683358 0.158993
2 0.682229 0.169105 0.72308 0.168244 0.723268 0.174484 0.682417 0.175344
2 0.677523 0.188898 0.718938 0.188253 0.719126 0.194277 0.677711 0.195138
2 0.67564 0.207616 0.717809 0.206971 0.717997 0.212995 0.67677 0.213855
2 0.6843 0.225904 0.727033 0.225043 0.727221 0.231067 0.684864 0.232788
2 0.802146 0.012694 0.836973 0.016566 0.836973 0.023021 0.802146 0.019363
2 0.804782 0.03636 0.841303 0.038941 0.841303 0.045611 0.805158 0.043029
2 0.808358 0.06691 0.842809 0.069277 0.842997 0.075732 0.808735 0.07358
2 0.816642 0.084983 0.851845 0.088855 0.85241 0.09531 0.81683 0.091652
2 0.824172 0.105422 0.854857 0.109725 0.855233 0.115964 0.82436 0.111661
2 0.859563 0.2571 0.891566 0.25753 0.892319 0.265921 0.859752 0.264845
2 0.857681 0.232788 0.889684 0.233219 0.890248 0.241609 0.857681 0.240318
2 0.915474 0.083046 0.951431 0.085628 0.951807 0.091437 0.916039 0.088855
2 0.92564 0.122203 0.961408 0.125 0.961973 0.130594 0.926017 0.128012
2 0.929593 0.163941 0.964985 0.167169 0.96555 0.172978 0.92997 0.16975
2 0.935429 0.186317 0.967056 0.187608 0.967432 0.194062 0.935806 0.192126
2 0.933923 0.203313 0.970256 0.20525 0.971009 0.212134 0.934488 0.210198
2 0.942771 0.22117 0.979292 0.223107 0.979857 0.229991 0.943524 0.228055
2 0.958584 0.256454 0.995105 0.258176 0.995294 0.265921 0.959149 0.264415
