1 0.013366 0.268718 0.01073 0.279905 0.03012 0.277539 0.031815 0.267427
1 0.331514 0.089286 0.330949 0.098537 0.35241 0.097461 0.353351 0.088425
1 0.411709 0.040663 0.409639 0.049914 0.430723 0.049699 0.431476 0.041308
1 0.502259 0.058735 0.502071 0.06691 0.523155 0.067771 0.522779 0.059165
1 0.512236 0.122418 0.512613 0.132315 0.53445 0.13253 0.534639 0.124355 0.533133 0.122418
2 0.564947 0.095955 0.565324 0.104991 0.618411 0.103701 0.618223 0.095955
1 0.587161 0.135757 0.588479 0.145654 0.611446 0.144363 0.609187 0.134251
1 0.66811 0.170826 0.671875 0.181153 0.693524 0.177281 0.690889 0.166738
2 0.868411 0.16889 0.869352 0.174914 0.890437 0.175129 0.890248 0.170396
2 0.878577 0.201162 0.879142 0.207831 0.899661 0.207616 0.899473 0.202238
2 0.874247 0.232358 0.875753 0.243546 0.910956 0.244836 0.911521 0.236015
2 0.962914 0.158348 0.965361 0.165448 0.985316 0.145654 0.982681 0.140491
2 0.966114 0.180723 0.967997 0.187392 0.992282 0.169105 0.990211 0.164157
2 0.97308 0.20525 0.974209 0.210843 0.999059 0.195353 0.997553 0.189329
1 0.169616 0.391136 0.168298 0.404475 0.1907 0.402969 0.191642 0.39006
1 0.193148 0.436317 0.190889 0.450086 0.212538 0.450732 0.214044 0.436747
1 0.228163 0.447289 0.227786 0.459768 0.251883 0.458692 0.250376 0.445998
1 0.228727 0.418244 0.228727 0.431153 0.248682 0.428787 0.247929 0.416093
1 0.279179 0.442771 0.277861 0.456971 0.299134 0.457401 0.302899 0.451807 0.302899 0.442341
1 0.276544 0.367685 0.277861 0.380594 0.302899 0.37457 0.30064 0.362522
1 0.283886 0.322289 0.28125 0.334768 0.303464 0.336919 0.305346 0.325732 0.304593 0.324226
1 0.324548 0.314759 0.324736 0.320353 0.325113 0.327883 0.349398 0.325947 0.350339 0.324656 0.349774 0.312823
1 0.326242 0.340792 0.325113 0.353485 0.349962 0.353485 0.350904 0.340577
1 0.327748 0.366394 0.325866 0.380164 0.351092 0.381454 0.352033 0.371773 0.351468 0.368115
1 0.321913 0.392427 0.320218 0.405336 0.345256 0.406842 0.345821 0.393287
4 0.369164 0.424053 0.368976 0.453098 0.406626 0.450086 0.405685 0.421472
4 0.435429 0.388124 0.434864 0.415232 0.473456 0.415663 0.473645 0.387694
4 0.433547 0.421472 0.43317 0.450086 0.472892 0.450086 0.472515 0.421256
1 0.472703 0.325301 0.472703 0.336919 0.498306 0.334337 0.497176 0.321644
4 0.533133 0.329174 0.534639 0.345095 0.563818 0.343589 0.562876 0.328098
4 0.536898 0.391351 0.537651 0.407702 0.567771 0.406411 0.566642 0.39006
1 0.586785 0.313468 0.589232 0.326592 0.614081 0.322074 0.612011 0.309596
1 0.602221 0.383821 0.605045 0.398021 0.627259 0.393503 0.629895 0.390275 0.627824 0.378658
2 0.579066 0.35241 0.579631 0.361016 0.611069 0.35994 0.611069 0.351764
1 0.59262 0.408348 0.593938 0.422332 0.620858 0.421256 0.619352 0.407917
1 0.648908 0.319707 0.649849 0.33154 0.669992 0.328313 0.667169 0.31648
1 0.652485 0.335198 0.651167 0.340361 0.651732 0.343374 0.650226 0.347246 0.674134 0.353485 0.67564 0.341652
1 0.663027 0.357358 0.663027 0.366609 0.68637 0.370697 0.687688 0.370052 0.688065 0.358434
3 0.701054 0.341222 0.700866 0.346601 0.723645 0.342513 0.72308 0.336919
1 0.695783 0.353485 0.693712 0.366609 0.71875 0.373064 0.721009 0.36037
1 0.702937 0.386403 0.705008 0.399096 0.729292 0.396084 0.726845 0.384466
1 0.703502 0.437823 0.706514 0.450516 0.716114 0.450301 0.724962 0.450086 0.722515 0.435886
1 0.768637 0.379088 0.770708 0.393503 0.794616 0.393072 0.794428 0.387048 0.794239 0.379303
1 0.768825 0.337349 0.771084 0.350043 0.790286 0.347246 0.787462 0.334768
1 0.830949 0.401248 0.835279 0.414157 0.85561 0.41179 0.856363 0.410069 0.852033 0.398666
1 0.871423 0.339071 0.874435 0.350473 0.894202 0.349182 0.891566 0.337134
1 0.883095 0.387909 0.88253 0.399527 0.904556 0.409639 0.904744 0.402108 0.900791 0.395224
1 0.922628 0.331971 0.925075 0.343804 0.947854 0.345955 0.948042 0.344664 0.946348 0.333262
2 0.6218 0.438898 0.621611 0.447719 0.654367 0.446644 0.654179 0.438253
1 0.05384 0.387478 0.053276 0.394363 0.07436 0.393503 0.074736 0.386618
2 0.198042 0.282917 0.197666 0.287651 0.216867 0.28636 0.216867 0.281626
