0 0.317788 0.113782 0.379327 0.130449 0.374519 0.170192 0.311779 0.153205
0 0.59976 0.162179 0.656971 0.175 0.661538 0.209295 0.604567 0.198718 0.600721 0.170192
1 0.303846 0.463462 0.325962 0.463141 0.328606 0.469872 0.328606 0.478205 0.303365 0.476923
1 0.386058 0.530128 0.412019 0.532051 0.411538 0.546795 0.385096 0.544872
1 0.482452 0.482051 0.505048 0.48141 0.506731 0.49359 0.483413 0.494551
1 0.476202 0.534615 0.497596 0.526282 0.499519 0.527244 0.503846 0.538141 0.481971 0.548077
1 0.554087 0.576603 0.580769 0.578526 0.580288 0.591667 0.580288 0.592308 0.554087 0.591667
1 0.526923 0.523718 0.552164 0.526282 0.552644 0.540705 0.527644 0.538462
1 0.539423 0.477885 0.563462 0.478846 0.563221 0.491987 0.539423 0.491667
1 0.623558 0.455769 0.646875 0.45609 0.648558 0.469551 0.62524 0.469231 0.623317 0.458333
1 0.605529 0.545833 0.630048 0.546154 0.631731 0.560897 0.607692 0.560256
1 0.716827 0.459936 0.740144 0.4625 0.741106 0.475641 0.717788 0.472756
1 0.729327 0.554167 0.754087 0.553846 0.750481 0.565064 0.747356 0.56891 0.732692 0.56891
1 0.877885 0.560897 0.901202 0.563462 0.904086 0.577244 0.882692 0.575321
3 0.895914 0.608333 0.937981 0.614103 0.951923 0.616667 0.953606 0.63109 0.901683 0.627564
1 0.105769 0.807372 0.139183 0.810577 0.13726 0.833654 0.100481 0.829167
1 0.26851 0.829808 0.291587 0.829487 0.291106 0.85 0.266827 0.849038
1 0.307692 0.836859 0.339663 0.843269 0.335096 0.866987 0.303365 0.859295
1 0.379087 0.830128 0.412981 0.830128 0.41274 0.851282 0.379567 0.852564
1 0.47476 0.792628 0.503846 0.792628 0.505288 0.8125 0.475481 0.81282
1 0.546875 0.775641 0.57524 0.774359 0.576442 0.793269 0.548798 0.795513
1 0.620192 0.773397 0.646635 0.773397 0.649279 0.790385 0.647115 0.792628 0.621394 0.791667
1 0.699519 0.666026 0.725481 0.670192 0.726683 0.688462 0.700962 0.683974
1 0.75024 0.778205 0.778365 0.776923 0.782933 0.797756 0.754567 0.799359
1 0.802885 0.796474 0.827404 0.794551 0.829808 0.798397 0.832692 0.810897 0.83125 0.813782 0.807452 0.814423 0.802885 0.798397
1 0.78149 0.683654 0.807452 0.685256 0.809615 0.702244 0.782692 0.700962
1 0.940625 0.747756 0.966827 0.749359 0.970914 0.767949 0.946154 0.767308
