0 0.0593 0.226334 0.034827 0.266136 0.091303 0.268503 0.112575 0.228916
0 0.392696 0.227194 0.39006 0.24204 0.38686 0.258391 0.38686 0.266136 0.427146 0.267642 0.450866 0.269148 0.453878 0.231497
0 0.325301 0.263984 0.31363 0.302496 0.379706 0.304862 0.387801 0.268718 0.369164 0.26463
0 0.389496 0.267212 0.380648 0.305077 0.413968 0.306799 0.449736 0.312823 0.455008 0.276248 0.451619 0.270009
0 0.497176 0.239888 0.491152 0.285929 0.566265 0.285714 0.567018 0.255809 0.566077 0.238812
0 0.56683 0.239673 0.567771 0.252151 0.568524 0.284854 0.64439 0.285069 0.643261 0.268933 0.641378 0.25667 0.636107 0.240103
0 0.63686 0.240318 0.662651 0.245267 0.675075 0.248279 0.700301 0.252582 0.706137 0.266997 0.713479 0.28636 0.714797 0.29432 0.686747 0.290232 0.64552 0.282917 0.644578 0.273451 0.641754 0.256024
0 0.190324 0.576377 0.183547 0.597031 0.162462 0.623924 0.146461 0.64716 0.19936 0.654905 0.236634 0.664802 0.244164 0.640921 0.255648 0.615749 0.269578 0.587349
0 0.410203 0.533993 0.403614 0.614243 0.499059 0.613167 0.497929 0.532917
1 0.540851 0.93309 0.545557 0.944923 0.56363 0.936102 0.558735 0.923408
