1 0.242093 0.720095 0.239646 0.740749 0.270331 0.742685 0.272402 0.722676
1 0.420746 0.663726 0.419051 0.681799 0.438441 0.68309 0.440136 0.664587
1 0.609563 0.664587 0.610128 0.688038 0.644578 0.689114 0.64439 0.665878 0.64119 0.665017 0.610316 0.663081
1 0.651732 0.72031 0.654179 0.742685 0.692771 0.739028 0.689571 0.716007 0.65305 0.719664
1 0.723456 0.745267 0.724962 0.769148 0.763931 0.769578 0.764307 0.767212 0.761672 0.745052 0.759789 0.744836
1 0.73814 0.671472 0.740964 0.692556 0.77692 0.690189 0.774096 0.66846 0.771084 0.66846 0.738893 0.670611
1 0.406815 0.451162 0.404556 0.467083 0.434676 0.468374 0.435994 0.451807
1 0.272779 0.424484 0.269767 0.438468 0.294616 0.437177 0.296687 0.422762
4 0.182417 0.240964 0.169239 0.278399 0.19936 0.27216 0.200866 0.273236 0.213102 0.236231 0.210467 0.23494
4 0.086596 0.282487 0.072101 0.31605 0.089044 0.314114 0.100715 0.281626
4 0.010354 0.304862 0.029932 0.303141 0.017884 0.334768 0.000188 0.336919 0.000753 0.329604
4 0.362575 0.220525 0.356363 0.260327 0.396273 0.258391 0.400979 0.22031
4 0.545557 0.192556 0.546122 0.233649 0.591679 0.228055 0.587914 0.188683
4 0.83302 0.199225 0.84488 0.239458 0.879895 0.242255 0.867093 0.202022
2 0.262236 0.66179 0.260542 0.676635 0.346009 0.682014 0.347703 0.668244
2 0.215926 0.700301 0.213102 0.716652 0.27692 0.722246 0.306099 0.724828 0.307605 0.710413
