1 0.665663 0.274096 0.666039 0.28636 0.690324 0.28722 0.68863 0.275602
4 0.401544 0.273021 0.400979 0.290232 0.422816 0.289802 0.422816 0.27259
2 0.608246 0.408993 0.645896 0.408563 0.646273 0.415663 0.60881 0.416308
2 0.612011 0.464071 0.649849 0.46364 0.650226 0.47074 0.612764 0.471386
2 0.617846 0.520009 0.65625 0.519793 0.656626 0.526893 0.618223 0.527539
2 0.559864 0.520439 0.598268 0.520224 0.598645 0.527539 0.560241 0.527969
4 0.169239 0.544966 0.167545 0.572289 0.188818 0.572719 0.191265 0.545181 0.169992 0.54475
4 0.196724 0.544966 0.192771 0.570783 0.193336 0.572074 0.214608 0.574656 0.21875 0.546687 0.198042 0.544535
4 0.220444 0.546472 0.220256 0.574226 0.241529 0.572719 0.24247 0.544966
4 0.256777 0.54432 0.254895 0.572935 0.279367 0.572289 0.279367 0.542814
4 0.287086 0.543029 0.285203 0.57315 0.310053 0.573365 0.311935 0.54389
4 0.316265 0.54432 0.314383 0.574441 0.339044 0.574441 0.340926 0.544966
4 0.343938 0.542384 0.343374 0.572935 0.368411 0.571859 0.368411 0.542599
4 0.226092 0.51463 0.224021 0.541738 0.246611 0.540878 0.248682 0.513769
1 0.405874 0.541738 0.405685 0.55809 0.432794 0.556583 0.432794 0.540232
4 0.43863 0.541954 0.437124 0.572074 0.461785 0.572719 0.462726 0.543244
4 0.465738 0.540663 0.465738 0.571213 0.490587 0.571429 0.490211 0.541523
4 0.49247 0.541738 0.493411 0.571859 0.518449 0.569492 0.516378 0.540017
4 0.527108 0.541308 0.526544 0.571429 0.551205 0.572074 0.551581 0.542384
4 0.521649 0.507315 0.521837 0.537005 0.546498 0.537005 0.546122 0.507315
2 0.968185 0.289587 0.9968 0.291523 0.997929 0.297978 0.96875 0.296687 0.967432 0.289587
2 0.956514 0.270009 0.985504 0.27216 0.986069 0.27883 0.956137 0.276678 0.955572 0.269793
2 0.950301 0.226334 0.979669 0.228916 0.979857 0.236015 0.950113 0.233003 0.949548 0.226119
2 0.939383 0.185886 0.968562 0.188468 0.96875 0.195568 0.939006 0.192771 0.938441 0.185886
2 0.945971 0.205895 0.975151 0.208477 0.975339 0.215577 0.945595 0.21278 0.94503 0.205895
2 0.957643 0.246127 0.986822 0.248709 0.987199 0.255809 0.957267 0.252797 0.95689 0.246127
