0 0.069654 0.322935 0.05064 0.359509 0.097327 0.363812 0.114834 0.325732 0.09055 0.32401 0.071348 0.322289 0.07003 0.322289
1 0.372364 0.520654 0.37067 0.532057 0.391943 0.535069 0.394955 0.52259
1 0.415286 0.525172 0.437876 0.524957 0.437876 0.53722 0.41378 0.537866 0.414157 0.525602
1 0.457643 0.533133 0.480422 0.529475 0.481928 0.541954 0.458208 0.546041 0.45689 0.533563
1 0.503577 0.52969 0.527108 0.530336 0.526732 0.54346 0.502636 0.542599 0.502636 0.52969
1 0.544804 0.524957 0.544428 0.537436 0.567959 0.538942 0.567959 0.526248
1 0.583396 0.535069 0.583584 0.549699 0.609752 0.55099 0.608434 0.538081
1 0.502447 0.477625 0.524096 0.47741 0.524473 0.489028 0.501506 0.489243 0.501506 0.478055
1 0.543298 0.47117 0.543863 0.482788 0.568524 0.483003 0.567206 0.470525
1 0.677146 0.484294 0.679029 0.496558 0.702937 0.496773 0.700113 0.484509
1 0.682417 0.53679 0.684676 0.550129 0.708773 0.548408 0.705949 0.535929
1 0.722515 0.541093 0.725904 0.554217 0.749435 0.553787 0.746235 0.540017
1 0.720444 0.483003 0.741529 0.484079 0.743788 0.494406 0.722139 0.494406 0.71988 0.483003
1 0.763931 0.539587 0.766943 0.552926 0.790663 0.552926 0.787086 0.539372 0.764496 0.538726
1 0.809676 0.550774 0.812876 0.562608 0.835279 0.560026 0.830572 0.547117 0.809488 0.548838
1 0.754895 0.490103 0.758095 0.501936 0.780685 0.501936 0.777485 0.490318
1 0.793298 0.498064 0.795934 0.509251 0.81683 0.509897 0.814006 0.498279 0.793298 0.497418
1 0.508471 0.731713 0.508848 0.748494 0.537274 0.749785 0.536709 0.732143 0.508848 0.729991
1 0.563253 0.669966 0.563065 0.685886 0.591491 0.687823 0.591114 0.671902 0.562124 0.66932
1 0.557041 0.744406 0.55817 0.761403 0.586785 0.760112 0.58509 0.743546
1 0.611634 0.675344 0.613517 0.69191 0.642131 0.689759 0.639496 0.674053
1 0.615776 0.745482 0.615023 0.762694 0.642884 0.766997 0.643449 0.74957
1 0.703313 0.67685 0.704631 0.693201 0.732116 0.692986 0.73061 0.67685
1 0.708584 0.748709 0.710655 0.765706 0.738705 0.76506 0.735693 0.746558 0.708773 0.747418
1 0.804217 0.700301 0.807041 0.716867 0.832455 0.715146 0.82869 0.69858
1 0.831137 0.646084 0.85561 0.6463 0.85881 0.660714 0.834149 0.661145
1 0.842997 0.701162 0.845633 0.718158 0.873494 0.717298 0.869352 0.701377
1 0.813065 0.760542 0.815889 0.778614 0.845444 0.77883 0.840738 0.760757
1 0.85128 0.75667 0.853539 0.773236 0.881024 0.773666 0.877447 0.757315
