0 0.045934 0.181799 0.111258 0.173193 0.102033 0.228485 0.03445 0.236015 0.044428 0.182874
0 0.342056 0.098107 0.360693 0.100043 0.418675 0.101979 0.412839 0.131885 0.407003 0.15512 0.362952 0.156411 0.328878 0.153184
0 0.660768 0.086919 0.698419 0.08154 0.741529 0.067986 0.741529 0.078528 0.748306 0.106497 0.757342 0.1321 0.701807 0.137478 0.678464 0.140706
4 0.118411 0.412866 0.136672 0.412005 0.132907 0.438683 0.11427 0.439329
4 0.112952 0.454819 0.132154 0.453313 0.126883 0.482358 0.107869 0.481713
2 0.150979 0.503657 0.15738 0.503227 0.15512 0.53636 0.150038 0.536145
2 0.149661 0.581971 0.15305 0.549914 0.158133 0.549914 0.154932 0.581756
2 0.139307 0.630164 0.141002 0.597031 0.147779 0.597031 0.144955 0.630594
4 0.310994 0.476764 0.334337 0.476764 0.332831 0.504948 0.308547 0.504088
4 0.334714 0.477194 0.347515 0.483649 0.346009 0.510327 0.333208 0.505379
4 0.300452 0.504303 0.324548 0.505594 0.322854 0.525602 0.298946 0.524096
4 0.316265 0.570353 0.344315 0.570138 0.344315 0.600473 0.314759 0.600043
4 0.301393 0.600258 0.327937 0.60241 0.326807 0.624139 0.300264 0.621558
4 0.381212 0.473322 0.405685 0.472031 0.406062 0.500861 0.381024 0.50043 0.380836 0.475688
4 0.405874 0.471601 0.416227 0.478055 0.415286 0.504948 0.406438 0.500861
1 0.412839 0.552065 0.419051 0.552065 0.420557 0.581325 0.414533 0.58154 0.413592 0.552281
2 0.424511 0.585413 0.440324 0.584552 0.441453 0.597461 0.42564 0.598752
2 0.470068 0.602625 0.49567 0.604346 0.49567 0.615103 0.470633 0.613812
