1 0.07756 0.814974 0.074925 0.841652 0.116529 0.841007 0.118035 0.826807 0.113893 0.813898
1 0.152673 0.72741 0.153803 0.751076 0.192395 0.744836 0.189759 0.72031
2 0.207267 0.708692 0.207831 0.726119 0.252824 0.709337 0.251318 0.696859
2 0.080572 0.726549 0.078313 0.747203 0.130459 0.744836 0.131024 0.733864 0.09262 0.734509 0.091491 0.727625
2 0.084337 0.648021 0.081702 0.667384 0.136483 0.662866 0.135919 0.653399 0.093938 0.655981 0.09488 0.648236
2 0.139307 0.644148 0.138178 0.660069 0.189759 0.656411 0.191077 0.643933
1 0.547628 0.182874 0.549134 0.195353 0.578502 0.195353 0.576807 0.182659
1 0.294428 0.729991 0.292357 0.754733 0.335843 0.754733 0.335843 0.731497 0.332455 0.729131 0.298193 0.729561
1 0.291416 0.809811 0.292733 0.835628 0.336596 0.830465 0.333208 0.802926
1 0.426205 0.782702 0.426393 0.80895 0.467244 0.805508 0.465361 0.781626
