0 0.360881 0.247849 0.359752 0.290663 0.426958 0.282057 0.423758 0.238812
0 0.12613 0.215577 0.122929 0.219019 0.107492 0.259251 0.100715 0.281411 0.151167 0.274312 0.163215 0.231067 0.171875 0.208477 0.152485 0.209337
0 0.625565 0.20525 0.629518 0.220525 0.628953 0.221601 0.634036 0.256454 0.688253 0.262478 0.682794 0.230637 0.678464 0.211704
1 0.169616 0.619621 0.16811 0.634682 0.189947 0.635757 0.19183 0.620267
1 0.214608 0.627582 0.210843 0.656411 0.222515 0.656842 0.22628 0.628227
1 0.759977 0.729346 0.772214 0.730422 0.785956 0.729346 0.784639 0.724398 0.783509 0.711058 0.759224 0.710413 0.757342 0.710843 0.75753 0.722461 0.759224 0.725688
1 0.811747 0.671902 0.811182 0.686532 0.83622 0.69062 0.83622 0.675774
1 0.701996 0.687608 0.704254 0.703959 0.729104 0.702453 0.727974 0.688038 0.726657 0.686532
1 0.629706 0.694492 0.631212 0.709552 0.658509 0.708477 0.657944 0.693201 0.629706 0.694062
1 0.528991 0.708692 0.528803 0.724828 0.557041 0.724828 0.557417 0.709122
1 0.395896 0.715361 0.396837 0.730852 0.423004 0.72784 0.42244 0.71321 0.420369 0.712134
1 0.31683 0.690404 0.3157 0.706325 0.348645 0.708477 0.350339 0.689974 0.320407 0.689114
1 0.20369 0.506885 0.203313 0.518933 0.224021 0.515921 0.224774 0.503657
1 0.21122 0.466222 0.207831 0.47784 0.227974 0.479561 0.230986 0.468804
1 0.249812 0.465361 0.246235 0.47784 0.267508 0.479561 0.270708 0.467728
1 0.323983 0.455895 0.321536 0.466652 0.34375 0.468589 0.345821 0.459122 0.344503 0.456325
1 0.359187 0.471601 0.358057 0.483649 0.380648 0.48537 0.382154 0.472676
1 0.390625 0.473967 0.390625 0.485585 0.413968 0.484294 0.413968 0.473107 0.407944 0.472892
1 0.419616 0.482788 0.419428 0.495267 0.44823 0.495267 0.44823 0.482788
1 0.450301 0.475688 0.450489 0.487306 0.480798 0.486231 0.479857 0.473967 0.450489 0.475473
1 0.456702 0.515275 0.456325 0.527754 0.479669 0.528399 0.48061 0.515275 0.45802 0.51463
1 0.497364 0.50753 0.497176 0.520224 0.520896 0.520009 0.52052 0.5071
1 0.545181 0.517642 0.543486 0.528614 0.547063 0.53012 0.567206 0.534208 0.568712 0.520224
1 0.586596 0.526463 0.587538 0.539587 0.611634 0.539157 0.612199 0.535499 0.611258 0.525172 0.587161 0.525602
1 0.628577 0.526033 0.628012 0.533563 0.628577 0.539587 0.65305 0.540448 0.653803 0.539372 0.65305 0.526893 0.651544 0.526463
1 0.662651 0.519363 0.664157 0.533133 0.688818 0.532272 0.686935 0.518718
1 0.743223 0.518503 0.743411 0.532702 0.768449 0.532487 0.767131 0.519578
1 0.79631 0.517642 0.798569 0.531196 0.820407 0.53012 0.817206 0.516997
1 0.789533 0.46321 0.791416 0.475258 0.8125 0.475904 0.810429 0.463425
1 0.738517 0.468804 0.741529 0.480637 0.759036 0.479131 0.755648 0.467513
1 0.656626 0.476334 0.65738 0.488597 0.682417 0.488597 0.681099 0.475473
1 0.643637 0.43438 0.645331 0.447504 0.671687 0.446429 0.677146 0.446859 0.67564 0.43352 0.649849 0.43352
1 0.676958 0.420181 0.680158 0.449226 0.683735 0.449441 0.683923 0.451377 0.694089 0.450947 0.689006 0.41846 0.677711 0.41932
1 0.622176 0.450301 0.623117 0.46278 0.646649 0.462565 0.646273 0.450301
1 0.536145 0.467513 0.535392 0.480207 0.5593 0.481282 0.560053 0.468158
1 0.577937 0.467083 0.577372 0.479346 0.597892 0.481067 0.602033 0.47784 0.602033 0.468374
1 0.423193 0.439114 0.423193 0.451592 0.445595 0.451377 0.445971 0.438683
1 0.392696 0.437392 0.391943 0.44858 0.415098 0.448365 0.416039 0.436747
3 0.35128 0.436102 0.349774 0.445138 0.385166 0.445568 0.386295 0.436317
1 0.285768 0.468374 0.284074 0.479776 0.304782 0.480207 0.306099 0.468589
1 0.240211 0.507745 0.237199 0.518933 0.258283 0.520439 0.26073 0.509251 0.259601 0.50753
1 0.274096 0.518933 0.271837 0.531842 0.294051 0.531626 0.295746 0.520224 0.293486 0.518287
1 0.312124 0.537651 0.31137 0.545826 0.334714 0.546041 0.334902 0.537651
1 0.353539 0.505164 0.352221 0.517427 0.375 0.518718 0.376318 0.505809 0.35561 0.504303
3 0.379706 0.517212 0.377824 0.532487 0.411145 0.533133 0.411333 0.517857
1 0.414533 0.543675 0.414345 0.557444 0.439383 0.555508 0.438818 0.541523
1 0.034639 0.443632 0.03238 0.454819 0.047816 0.453744 0.05177 0.444923 0.051205 0.442556
1 0.923758 0.711489 0.928276 0.727625 0.945783 0.724613 0.942395 0.709337
1 0.972327 0.652324 0.973268 0.666308 0.993788 0.669105 0.992282 0.654905 0.97308 0.651893
