1 0.312124 0.399096 0.310241 0.409208 0.331514 0.410284 0.332643 0.409423 0.333208 0.399096 0.314194 0.398451
1 0.463291 0.402108 0.463102 0.413726 0.48381 0.414802 0.485128 0.413511 0.485128 0.404045 0.483998 0.401893 0.46442 0.401463
1 0.8093 0.606067 0.814006 0.619621 0.833584 0.615749 0.830008 0.6037 0.828502 0.603055 0.813441 0.604991 0.810429 0.605422
1 0.769767 0.499785 0.772967 0.522375 0.782003 0.523666 0.783697 0.52216 0.780309 0.50043 0.770708 0.499355
1 0.872364 0.415232 0.875 0.423623 0.891943 0.424699 0.890813 0.419105 0.888366 0.415017 0.874059 0.414372 0.872364 0.414372
1 0.84488 0.344449 0.847892 0.352625 0.862199 0.35284 0.862764 0.350904 0.861069 0.347676 0.860881 0.346816 0.859187 0.344664 0.845633 0.343589
1 0.973833 0.377582 0.978539 0.385757 0.991529 0.385757 0.991529 0.384466 0.987952 0.377367 0.975151 0.377151
1 0.147402 0.403399 0.145896 0.414157 0.166039 0.413941 0.167545 0.406196 0.167169 0.402754
1 0.093373 0.325301 0.08942 0.333692 0.106928 0.335413 0.110128 0.326162
3 0.096009 0.634466 0.089985 0.648881 0.127636 0.653184 0.129895 0.637478 0.096762 0.633391
2 0.219503 0.576377 0.218185 0.585628 0.249059 0.58821 0.251318 0.575947
