0 0.113893 0.294105 0.091867 0.334768 0.155685 0.341222 0.175075 0.295611
1 0.05064 0.431799 0.044239 0.443632 0.064006 0.44901 0.070595 0.436532
1 0.100904 0.442556 0.09695 0.45568 0.113328 0.45654 0.116529 0.453528 0.118223 0.44901 0.118788 0.443417 0.101468 0.44191
1 0.171498 0.459337 0.167169 0.472676 0.192583 0.474398 0.193524 0.474613 0.196348 0.460413
1 0.236069 0.437608 0.231551 0.449226 0.256024 0.452883 0.259977 0.439329 0.236258 0.437177
2 0.909262 0.495482 0.916604 0.522806 0.92884 0.52259 0.921687 0.495697 0.90945 0.494406
1 0.946724 0.496988 0.950113 0.510542 0.970068 0.514845 0.970821 0.514845 0.967997 0.502582 0.947477 0.496558
1 0.951242 0.532487 0.954631 0.545396 0.975715 0.546902 0.971197 0.533778 0.951996 0.531842
1 0.895896 0.523451 0.900414 0.538081 0.920181 0.538726 0.91491 0.524957
1 0.963479 0.621773 0.972139 0.636618 0.990776 0.626506 0.982304 0.612306 0.963291 0.620697
1 0.843938 0.643072 0.847703 0.658348 0.854292 0.659854 0.875753 0.656842 0.871235 0.639415
1 0.784827 0.655981 0.785956 0.673623 0.814947 0.678787 0.813818 0.661575
1 0.706137 0.649527 0.708584 0.667169 0.737387 0.666093 0.734563 0.648451 0.707455 0.648021
1 0.645143 0.662651 0.648908 0.680938 0.679405 0.674484 0.675452 0.656196
1 0.549699 0.673838 0.550828 0.69191 0.583396 0.69062 0.581325 0.672117
1 0.545369 0.594664 0.545369 0.611231 0.575489 0.614243 0.574736 0.596386 0.545934 0.594234
1 0.490399 0.640921 0.490399 0.659423 0.520896 0.660284 0.521649 0.642427 0.491717 0.640491
1 0.439759 0.65426 0.438253 0.672762 0.467809 0.675344 0.471197 0.670611 0.471386 0.655766
1 0.382154 0.635327 0.380271 0.652108 0.381777 0.65383 0.411333 0.65426 0.412086 0.653184 0.413215 0.636403 0.411898 0.635327
1 0.320218 0.634897 0.319654 0.651248 0.320783 0.652969 0.350715 0.648666 0.350151 0.631024
1 0.263742 0.659854 0.263366 0.678141 0.293863 0.674484 0.294428 0.657057 0.29311 0.656411
1 0.197666 0.61747 0.192018 0.634466 0.220068 0.640706 0.225339 0.623279
1 0.150038 0.625645 0.145331 0.643072 0.173946 0.644363 0.177334 0.629948 0.17564 0.626721
1 0.128389 0.58778 0.124623 0.602194 0.148908 0.604776 0.152108 0.589716
1 0.02052 0.592298 0.015625 0.606497 0.038404 0.611661 0.042922 0.595955 0.020896 0.591437
1 0.053652 0.613382 0.045934 0.628442 0.069277 0.636403 0.074925 0.625 0.074172 0.619191 0.05497 0.612737
