2 0.097703 0.097031 0.097139 0.102625 0.125753 0.09574 0.125188 0.089716 0.097327 0.095955
2 0.090926 0.112091 0.091114 0.115964 0.119541 0.109079 0.119164 0.103055 0.090738 0.110155
2 0.088667 0.126721 0.088855 0.130594 0.118035 0.123709 0.117658 0.1179 0.088479 0.124785
2 0.085279 0.141136 0.085279 0.144793 0.114458 0.138124 0.11427 0.1321 0.08509 0.138985
2 0.083208 0.158133 0.083396 0.162005 0.112575 0.15512 0.112199 0.149312 0.08302 0.156196
2 0.076995 0.189114 0.076995 0.192771 0.107304 0.186102 0.107116 0.180077 0.076995 0.187392
2 0.072666 0.206756 0.072666 0.210413 0.101845 0.203528 0.102033 0.197935 0.072666 0.205034
2 0.065136 0.222246 0.065136 0.226119 0.094315 0.222031 0.094503 0.215577 0.065136 0.22074
2 0.056664 0.241824 0.056852 0.245697 0.086973 0.240749 0.086596 0.234509 0.056852 0.240103
1 0.044804 0.292814 0.07436 0.28722 0.074172 0.294105 0.044616 0.299053
2 0.194277 0.046902 0.193524 0.054647 0.229104 0.050344 0.229104 0.042599
2 0.196536 0.068417 0.195971 0.076162 0.231363 0.071859 0.231363 0.064329
2 0.192395 0.082831 0.192018 0.089071 0.22628 0.084337 0.22628 0.077883
2 0.185806 0.101549 0.185429 0.107573 0.219691 0.103055 0.219691 0.096386
2 0.188441 0.11747 0.188065 0.123709 0.224398 0.121343 0.224398 0.114243
2 0.185994 0.136833 0.185617 0.142857 0.221762 0.140491 0.221762 0.134466
2 0.186559 0.174699 0.186182 0.180938 0.222327 0.178571 0.222327 0.172547
2 0.183547 0.189329 0.183547 0.195568 0.221762 0.193847 0.221574 0.187177
2 0.181099 0.208692 0.181288 0.214931 0.216491 0.21278 0.216491 0.206325
2 0.172628 0.228485 0.172628 0.234725 0.208773 0.231713 0.208584 0.225043
2 0.169428 0.245052 0.169428 0.251291 0.205949 0.247203 0.205761 0.240964
2 0.16698 0.261833 0.16698 0.267857 0.205949 0.263984 0.205572 0.257745
2 0.167169 0.284854 0.167169 0.291093 0.206137 0.287005 0.205761 0.280766
2 0.324548 0.068847 0.364834 0.064759 0.365211 0.070568 0.324548 0.075301
2 0.280309 0.094664 0.318712 0.089931 0.319089 0.096601 0.280309 0.101119
2 0.281062 0.116394 0.319465 0.111446 0.319654 0.118115 0.280874 0.122849
2 0.279556 0.133821 0.317959 0.129088 0.318336 0.135757 0.279556 0.140275
2 0.280685 0.152969 0.319089 0.148236 0.319465 0.154905 0.280685 0.159423
2 0.278991 0.17599 0.318148 0.172762 0.318336 0.179432 0.278991 0.182444
2 0.279556 0.197935 0.318336 0.193417 0.318524 0.200516 0.279367 0.204389
2 0.274849 0.215146 0.313253 0.212565 0.313253 0.219234 0.275038 0.222246
2 0.274096 0.233649 0.3125 0.231067 0.3125 0.237737 0.274285 0.240749
2 0.273155 0.253012 0.312312 0.249139 0.312876 0.255594 0.273343 0.259897
2 0.268449 0.269363 0.310994 0.266781 0.310994 0.274096 0.268825 0.276463
2 0.382342 0.072935 0.421687 0.069707 0.421687 0.075086 0.382342 0.078528
2 0.390625 0.092728 0.432417 0.091007 0.432229 0.097246 0.390813 0.098967
2 0.387048 0.112091 0.428087 0.109725 0.428276 0.116179 0.38686 0.118546
2 0.389684 0.129733 0.430723 0.126936 0.430911 0.133821 0.389496 0.136188
2 0.377447 0.172117 0.419239 0.167599 0.419616 0.174699 0.377259 0.178571
2 0.374624 0.203959 0.416416 0.199441 0.416792 0.20654 0.374435 0.210198
2 0.381212 0.264845 0.424511 0.260972 0.424887 0.268287 0.381777 0.272806
2 0.513178 0.140921 0.557417 0.137909 0.55817 0.144793 0.513742 0.148451
2 0.495294 0.192771 0.539533 0.189759 0.540286 0.196429 0.495858 0.200086
2 0.491717 0.258391 0.535956 0.255379 0.536145 0.262478 0.492093 0.265706
2 0.616529 0.17685 0.660392 0.175344 0.66058 0.182444 0.617093 0.18438
2 0.615964 0.197289 0.659827 0.195568 0.660203 0.202883 0.616529 0.204604
2 0.612011 0.220525 0.65738 0.218589 0.657944 0.226119 0.612575 0.228055
2 0.691265 0.055938 0.731363 0.053356 0.732304 0.060241 0.692395 0.062392
2 0.699172 0.092728 0.738328 0.092083 0.73927 0.097031 0.699925 0.098107
2 0.704066 0.104991 0.742658 0.104131 0.743599 0.109725 0.704819 0.11037
2 0.707831 0.118976 0.746235 0.1179 0.747176 0.123494 0.708396 0.124139
2 0.713855 0.128227 0.753389 0.127797 0.75433 0.133821 0.714797 0.134897
2 0.719315 0.143287 0.760542 0.142427 0.761483 0.148881 0.720256 0.150172
2 0.721197 0.162005 0.762425 0.161145 0.763366 0.167384 0.72195 0.168675
2 0.728916 0.177496 0.771273 0.177926 0.771649 0.18395 0.729669 0.184165
2 0.726845 0.200086 0.76939 0.199441 0.770143 0.205465 0.727598 0.206756
2 0.724962 0.242255 0.769014 0.240534 0.769578 0.247849 0.725715 0.248924
2 0.829819 0.093804 0.868411 0.095955 0.869352 0.103055 0.830761 0.101549
2 0.839797 0.128873 0.878389 0.131885 0.87933 0.138769 0.840738 0.136618
2 0.845068 0.146084 0.88366 0.148666 0.884601 0.155551 0.845633 0.153184
2 0.837538 0.174699 0.8782 0.175559 0.878953 0.182444 0.838102 0.181799
2 0.842244 0.192986 0.882907 0.193847 0.88366 0.200732 0.842809 0.200086
2 0.845444 0.212349 0.885919 0.212349 0.886672 0.219234 0.846009 0.219449
2 0.861446 0.222461 0.898532 0.223322 0.899473 0.230637 0.862011 0.229561
2 0.866529 0.245267 0.903803 0.245052 0.904556 0.252582 0.867282 0.253012
2 0.926017 0.087995 0.96122 0.090577 0.961596 0.096816 0.926581 0.094664
2 0.939194 0.116824 0.976092 0.119191 0.976468 0.125645 0.939571 0.123494
2 0.943524 0.132745 0.980422 0.135327 0.980798 0.141781 0.944089 0.13963
2 0.949736 0.150818 0.986634 0.153399 0.986822 0.159639 0.950301 0.157487
2 0.957831 0.188038 0.996611 0.188468 0.997741 0.195138 0.958584 0.194707
1 0.42131 0.144148 0.422252 0.15383 0.44823 0.148236 0.446536 0.138554
1 0.422252 0.196429 0.420557 0.208692 0.443524 0.208262 0.444842 0.20654 0.445407 0.196213
1 0.388742 0.216652 0.387989 0.228055 0.410392 0.227625 0.412274 0.226119 0.412462 0.215792
1 0.411333 0.235155 0.411521 0.248064 0.435429 0.245697 0.436559 0.2429 0.435806 0.232788
1 0.539345 0.121773 0.540474 0.133821 0.563253 0.130594 0.565324 0.128012 0.563818 0.118115
1 0.525226 0.173838 0.525602 0.184596 0.550452 0.182659 0.549699 0.171256 0.525414 0.172978
1 0.53558 0.197719 0.537086 0.20611 0.562124 0.202453 0.560053 0.190189 0.540851 0.193847 0.541039 0.197074 0.53558 0.197074
1 0.530685 0.214716 0.533133 0.225043 0.557794 0.219234 0.555158 0.209337 0.531626 0.214071
1 0.533886 0.23494 0.53445 0.246988 0.559488 0.244621 0.558547 0.232143 0.534262 0.234509
1 0.901732 0.24247 0.925075 0.243546 0.928087 0.253657 0.92677 0.255594 0.905309 0.254088 0.904179 0.244191 0.90192 0.244406
1 0.899473 0.225043 0.900414 0.231282 0.89872 0.231713 0.899849 0.237952 0.924511 0.239243 0.921687 0.227194
1 0.978539 0.171472 0.981739 0.182444 0.999624 0.18309 0.999812 0.181583 0.997176 0.171687 0.979292 0.170826
