1 0.215173 0.195783 0.210279 0.205034 0.230422 0.202453 0.234375 0.192986
1 0.285956 0.187608 0.281438 0.197935 0.30497 0.194923 0.30817 0.185456
1 0.181099 0.266351 0.176581 0.278184 0.199736 0.273236 0.203313 0.262478
1 0.2468 0.264845 0.243223 0.275818 0.264496 0.271515 0.269202 0.269793 0.271837 0.262694 0.271461 0.260542
1 0.324925 0.238382 0.317959 0.260327 0.332267 0.258391 0.337538 0.237306
1 0.396837 0.267857 0.395143 0.279905 0.42564 0.275602 0.426581 0.266997 0.424887 0.2642
1 0.456325 0.189974 0.460655 0.20654 0.474398 0.203098 0.469503 0.186317
1 0.452372 0.212565 0.457831 0.231067 0.472515 0.226119 0.466491 0.207831
1 0.444277 0.268287 0.445595 0.27969 0.476845 0.274957 0.475339 0.263339
1 0.496611 0.226334 0.5 0.236231 0.522402 0.232788 0.523155 0.222892
1 0.507342 0.23537 0.522026 0.233434 0.524661 0.244621 0.521273 0.251506 0.509601 0.249785
1 0.503765 0.2571 0.505648 0.267427 0.509789 0.269148 0.517696 0.268287 0.538027 0.264415 0.534827 0.252151
1 0.682417 0.225258 0.685806 0.236876 0.715738 0.235585 0.714985 0.229776 0.711973 0.223537
1 0.687688 0.26506 0.687312 0.278399 0.720633 0.27883 0.721009 0.266136
1 0.77805 0.233219 0.78558 0.257745 0.800075 0.25796 0.801958 0.255809 0.794239 0.231282
1 0.891378 0.265491 0.890813 0.269148 0.89872 0.280981 0.914345 0.277539 0.92677 0.275818 0.927899 0.273451 0.924511 0.267212 0.924322 0.2642 0.921875 0.260112
1 0.527861 0.218804 0.526732 0.228701 0.551393 0.233219 0.553087 0.221816
1 0.528803 0.24333 0.531626 0.239673 0.549887 0.236876 0.557041 0.237091 0.557605 0.248494 0.551581 0.248279 0.537651 0.250215 0.53238 0.251506
1 0.536145 0.265275 0.53878 0.277324 0.56363 0.274742 0.565512 0.272375 0.563253 0.260542 0.56137 0.261833
1 0.57003 0.25043 0.567395 0.262478 0.592432 0.267642 0.596386 0.262909 0.598268 0.255594
1 0.573795 0.211919 0.570971 0.223107 0.595821 0.226764 0.597703 0.223752 0.59808 0.214716
1 0.599209 0.252797 0.597703 0.259682 0.596574 0.265275 0.625188 0.265921 0.625188 0.252582
1 0.628012 0.246558 0.625753 0.258606 0.6282 0.260972 0.65512 0.266136 0.656815 0.252797
1 0.658509 0.242685 0.660015 0.25796 0.660015 0.266997 0.676205 0.266781 0.67884 0.260757 0.675264 0.241824
1 0.868411 0.219019 0.867658 0.222461 0.872741 0.230207 0.900791 0.229346 0.897214 0.219664
1 0.084902 0.441265 0.077372 0.458692 0.105798 0.458262 0.111446 0.44148
1 0.163968 0.421256 0.156438 0.438253 0.183923 0.438038 0.187876 0.431153 0.192018 0.421687
1 0.233434 0.429002 0.227598 0.446213 0.260354 0.447074 0.265437 0.432444 0.264307 0.429217
3 0.334337 0.423408 0.330196 0.437608 0.40738 0.436747 0.411145 0.416523
3 0.470444 0.455895 0.468374 0.49204 0.533321 0.489673 0.533321 0.453744
1 0.004895 0.699656 0.0 0.710628 0.0 0.726334 0.024473 0.736446 0.034074 0.711274
1 0.029556 0.740964 0.018072 0.766781 0.05064 0.778614 0.058358 0.755809 0.057794 0.749785
2 0.084149 0.414372 0.079443 0.42642 0.118411 0.427711 0.121423 0.416523
2 0.232492 0.415878 0.22948 0.427926 0.276544 0.428571 0.28012 0.417599
