3 0.78991 0.102625 0.783886 0.119406 0.834714 0.126291 0.835279 0.114028 0.796122 0.10327
1 0.570218 0.319923 0.568901 0.336059 0.596386 0.336274 0.596574 0.319707
1 0.603916 0.270224 0.60241 0.282917 0.605233 0.288511 0.629706 0.290878 0.630459 0.290232 0.632154 0.273666 0.629895 0.272806
1 0.634601 0.315404 0.632342 0.330465 0.65945 0.331971 0.660392 0.324226 0.659074 0.31562
1 0.665286 0.318201 0.663404 0.333477 0.6907 0.334983 0.692206 0.318847
1 0.700866 0.317126 0.699548 0.333262 0.725151 0.334983 0.727033 0.318632
1 0.689194 0.287651 0.6875 0.302926 0.712726 0.305293 0.713667 0.289587
1 0.733246 0.303787 0.731175 0.317986 0.751883 0.320998 0.753012 0.307014
1 0.756212 0.346386 0.752636 0.361876 0.774285 0.363597 0.776544 0.348107
3 0.374059 0.285929 0.375376 0.302926 0.440512 0.30185 0.439194 0.282917
4 0.734752 0.320353 0.730986 0.353485 0.750565 0.355637 0.751883 0.322289
4 0.763931 0.313253 0.759413 0.34531 0.77372 0.345095 0.779744 0.313683
