1 0.25866 0.761188 0.27805 0.759897 0.273155 0.808305 0.2532 0.810026 0.258095 0.761618
1 0.264119 0.814759 0.257907 0.839501 0.295181 0.846816 0.300075 0.830465 0.297252 0.820998
1 0.193148 0.822935 0.184676 0.835413 0.205572 0.855207 0.213479 0.862306 0.220068 0.855207 0.216679 0.851764 0.219691 0.848967 0.220633 0.847461 0.19616 0.821213 0.194089 0.822719 0.192018 0.822935
1 0.557229 0.709983 0.557794 0.730207 0.589608 0.732143 0.588667 0.711704
1 0.55817 0.788726 0.557794 0.810241 0.592056 0.814114 0.592056 0.791523
1 0.552711 0.844664 0.55384 0.867685 0.590173 0.867255 0.589797 0.844664
1 0.609375 0.844664 0.610504 0.869191 0.644767 0.866824 0.642319 0.843158 0.608998 0.844019
1 0.601092 0.801635 0.60241 0.82315 0.634977 0.822504 0.633095 0.800774
1 0.824925 0.694062 0.830384 0.726764 0.84262 0.727625 0.836408 0.69191 0.828125 0.69191 0.825301 0.692771
1 0.560241 0.638984 0.561559 0.657917 0.593185 0.658563 0.590738 0.6392
2 0.70802 0.642642 0.705949 0.651678 0.711408 0.651893 0.701431 0.666523 0.731175 0.668675 0.736634 0.663081 0.744352 0.657057 0.753577 0.658778 0.75866 0.651678 0.733622 0.643933 0.709337 0.642427
