4 0.054405 0.509036 0.049511 0.527539 0.073042 0.52926 0.077937 0.510972
4 0.050075 0.52883 0.045181 0.547117 0.068524 0.548838 0.073607 0.530766
4 0.079443 0.511403 0.075301 0.529475 0.099021 0.52883 0.103163 0.509036
4 0.074172 0.532057 0.070407 0.548408 0.095068 0.547547 0.098645 0.531411
4 0.137048 0.515921 0.132718 0.533778 0.159262 0.534423 0.162462 0.515275
4 0.131401 0.541523 0.125565 0.561532 0.151544 0.563683 0.157568 0.542384
4 0.120294 0.56691 0.115776 0.583907 0.141755 0.586058 0.145331 0.568632
4 0.152108 0.56605 0.148343 0.586274 0.174511 0.587349 0.176958 0.567771
4 0.147779 0.599182 0.144014 0.619406 0.170369 0.620697 0.173569 0.600043
4 0.224774 0.604131 0.221009 0.624355 0.249624 0.624785 0.252447 0.604561
4 0.23061 0.57315 0.226657 0.592513 0.255648 0.592083 0.258283 0.57358
4 0.237011 0.545611 0.232869 0.564974 0.262048 0.564329 0.264496 0.545826
4 0.199172 0.54432 0.197289 0.564544 0.22628 0.562392 0.22741 0.542169
4 0.205196 0.518072 0.203502 0.535714 0.231551 0.533133 0.233434 0.516136
4 0.208773 0.5 0.20689 0.517642 0.235128 0.51506 0.237011 0.498064
4 0.161709 0.538081 0.15738 0.556153 0.183735 0.556368 0.187124 0.537436
4 0.169616 0.508176 0.165851 0.525602 0.192018 0.525818 0.196348 0.508391
4 0.086596 0.592728 0.079066 0.623494 0.10241 0.625215 0.108057 0.590792 0.087726 0.589931
4 0.093185 0.552281 0.083208 0.58025 0.109563 0.584983 0.11427 0.567771 0.105045 0.56562 0.108622 0.55142 0.096009 0.549484
4 0.275226 0.509036 0.274096 0.527754 0.30384 0.526893 0.304593 0.507745
4 0.269578 0.539157 0.268261 0.557874 0.298004 0.557229 0.298946 0.537866
4 0.307041 0.569923 0.304782 0.589716 0.33509 0.591437 0.336408 0.570138
4 0.306476 0.601979 0.304405 0.62543 0.334526 0.625861 0.335843 0.60241
4 0.351092 0.600904 0.349586 0.622848 0.381589 0.622418 0.382907 0.598967
4 0.353916 0.567341 0.353351 0.587134 0.384413 0.585413 0.385166 0.564329
4 0.448042 0.507315 0.447477 0.527108 0.477598 0.527324 0.478539 0.506885
4 0.44823 0.535929 0.447289 0.556153 0.477786 0.556583 0.478539 0.535499
4 0.493788 0.478055 0.492282 0.495267 0.520896 0.499355 0.52259 0.480207
4 0.490399 0.508391 0.488328 0.529475 0.517696 0.532702 0.519767 0.511188
4 0.48927 0.538942 0.48814 0.559811 0.518261 0.562608 0.519202 0.541523
4 0.529179 0.534639 0.52805 0.555508 0.557982 0.558305 0.559111 0.53722
4 0.530309 0.503227 0.529744 0.523236 0.559488 0.526033 0.560241 0.505809
4 0.533321 0.475473 0.533321 0.494406 0.560994 0.494621 0.560994 0.476764
4 0.569465 0.482358 0.569465 0.501291 0.598645 0.503012 0.59808 0.484294
4 0.571348 0.501936 0.571348 0.520869 0.601468 0.52259 0.601092 0.503657
4 0.57323 0.532057 0.57323 0.552065 0.603351 0.553356 0.603163 0.533778
4 0.653803 0.509036 0.65512 0.529475 0.682229 0.530551 0.681099 0.510972
4 0.658509 0.538296 0.659827 0.55852 0.686935 0.559811 0.685806 0.540017
4 0.663027 0.567341 0.664345 0.587564 0.693336 0.58821 0.691453 0.569062
4 0.665098 0.599182 0.667169 0.621773 0.697101 0.621773 0.694842 0.599828
4 0.617846 0.596386 0.618411 0.620052 0.650979 0.622418 0.650038 0.598322
4 0.619164 0.566695 0.619541 0.581756 0.648532 0.586489 0.648343 0.569923
4 0.619352 0.532057 0.618976 0.551205 0.648908 0.557444 0.649661 0.539587
4 0.689194 0.506239 0.690512 0.526678 0.71762 0.527754 0.716491 0.508176
4 0.780874 0.528614 0.783321 0.548838 0.811935 0.549268 0.809864 0.528614
4 0.78445 0.561532 0.786898 0.581971 0.815324 0.582401 0.813441 0.561532
4 0.792922 0.592728 0.795557 0.612952 0.823983 0.613382 0.821913 0.592728
4 0.005271 0.695138 0.000188 0.715361 0.022779 0.718804 0.031062 0.697289 0.006024 0.69191
4 0.048005 0.755809 0.045369 0.772375 0.044992 0.774096 0.065136 0.776248 0.06683 0.75753
4 0.044428 0.776033 0.04198 0.792599 0.044239 0.792599 0.062123 0.795181 0.064571 0.77883
4 0.040474 0.792814 0.037651 0.810886 0.040474 0.810886 0.057417 0.813468 0.060429 0.795611
4 0.035392 0.812177 0.03238 0.83154 0.035956 0.831756 0.052711 0.834983 0.055346 0.814974
4 0.074736 0.759466 0.07003 0.782702 0.099586 0.785284 0.103727 0.760542 0.075113 0.75796
4 0.066642 0.799699 0.061935 0.822719 0.091491 0.825516 0.095633 0.800559 0.067206 0.797978
4 0.115399 0.72784 0.110693 0.750861 0.140248 0.753657 0.14439 0.7287 0.115964 0.726119
4 0.106551 0.765706 0.101845 0.788726 0.131401 0.791523 0.135542 0.766566 0.107116 0.7642
4 0.100339 0.804217 0.095633 0.827453 0.126883 0.833046 0.131777 0.805293 0.100715 0.802711
4 0.158697 0.755379 0.153991 0.773881 0.175452 0.777539 0.17884 0.759036
4 0.148343 0.779475 0.145143 0.800774 0.171122 0.803571 0.172628 0.782487
4 0.136295 0.805293 0.131965 0.831971 0.162839 0.835628 0.166604 0.809165
4 0.190889 0.740964 0.187124 0.766997 0.218938 0.768503 0.222515 0.743115
4 0.184676 0.767642 0.180911 0.793675 0.212726 0.795181 0.216303 0.770009
4 0.180723 0.79475 0.176958 0.820783 0.208773 0.822289 0.212538 0.797117
4 0.174887 0.82315 0.170934 0.849182 0.202748 0.850688 0.206514 0.825516
4 0.227221 0.744406 0.223268 0.770224 0.256212 0.77259 0.258848 0.746558
4 0.222703 0.7713 0.217997 0.796902 0.250753 0.798838 0.25433 0.773666
4 0.21875 0.797762 0.214985 0.82358 0.2468 0.825301 0.250565 0.799914
4 0.214797 0.824656 0.211032 0.850688 0.246235 0.85284 0.248306 0.826162
4 0.274473 0.737952 0.274096 0.756885 0.300452 0.759036 0.301017 0.738812
4 0.259413 0.763769 0.257342 0.784854 0.284262 0.786575 0.285015 0.764845
4 0.255836 0.786145 0.255271 0.807659 0.282191 0.809165 0.282756 0.787436
4 0.254518 0.808305 0.253953 0.829819 0.280874 0.83154 0.281626 0.809596
4 0.253389 0.83025 0.250753 0.85284 0.279744 0.85327 0.280309 0.83154
4 0.286898 0.810241 0.286145 0.831756 0.316077 0.832616 0.316265 0.810671
4 0.285956 0.833262 0.285203 0.854776 0.315136 0.855637 0.315324 0.833477
4 0.326242 0.747418 0.325113 0.773666 0.359752 0.775172 0.361446 0.748924
4 0.326431 0.775172 0.325489 0.801205 0.35994 0.802926 0.361822 0.776463
4 0.32436 0.802065 0.32323 0.828313 0.358246 0.829604 0.359563 0.803571
4 0.32323 0.829174 0.322101 0.855422 0.357116 0.856713 0.358434 0.83068
4 0.367846 0.801635 0.366717 0.827668 0.402673 0.828098 0.403991 0.80142
4 0.368976 0.829819 0.367846 0.855852 0.403803 0.856282 0.404932 0.829604
4 0.412651 0.747633 0.413027 0.777108 0.450113 0.775172 0.449925 0.745697
4 0.413215 0.777539 0.413404 0.804862 0.450489 0.802281 0.450489 0.775602
4 0.411898 0.806153 0.411709 0.83154 0.448983 0.830034 0.449172 0.804217
4 0.412462 0.832831 0.412274 0.858219 0.44936 0.856713 0.449736 0.830895
4 0.453878 0.762478 0.45369 0.803787 0.49134 0.805508 0.491529 0.763554
4 0.462914 0.707616 0.463479 0.733219 0.501318 0.734294 0.500753 0.709552
4 0.613328 0.773881 0.614081 0.79475 0.642696 0.796256 0.640813 0.773666 0.613328 0.771945
4 0.615587 0.798623 0.616152 0.817986 0.644202 0.819277 0.643261 0.798623 0.615587 0.796902
4 0.616152 0.823365 0.616529 0.842298 0.644955 0.843374 0.643825 0.82315 0.616152 0.821429
4 0.652861 0.770224 0.652673 0.794535 0.685617 0.796256 0.685429 0.770439 0.652861 0.768287
4 0.653991 0.810886 0.653803 0.835198 0.688065 0.837995 0.688065 0.811747 0.653991 0.80895
4 0.71009 0.711489 0.713667 0.7358 0.745858 0.732143 0.741152 0.706756 0.71009 0.709768
4 0.851845 0.735585 0.860881 0.777324 0.893449 0.773666 0.885354 0.731282
4 0.821536 0.740318 0.826054 0.768933 0.857681 0.766997 0.850715 0.737952
0 0.036333 0.165663 0.021649 0.186317 0.012613 0.200301 0.065324 0.193417 0.08622 0.157272
0 0.220256 0.136188 0.205572 0.172762 0.218938 0.173408 0.232304 0.172978 0.243223 0.169105 0.272214 0.167384 0.284262 0.129088
0 0.177523 0.250861 0.159827 0.306583 0.168486 0.304002 0.200866 0.304647 0.221197 0.303141 0.240776 0.301635 0.256024 0.244836 0.183923 0.250861
0 0.358998 0.125215 0.353916 0.156626 0.362199 0.159423 0.371988 0.158778 0.384413 0.156196 0.393825 0.154045 0.403426 0.15512 0.424699 0.154475 0.42677 0.1179 0.393637 0.120912 0.387801 0.119191 0.380271 0.122633 0.361634 0.12457
0 0.341114 0.23494 0.329254 0.288296 0.417357 0.287651 0.42131 0.232573
0 0.493976 0.130809 0.496988 0.167814 0.569089 0.169966 0.561935 0.131885
0 0.495105 0.231713 0.496235 0.26463 0.493788 0.29475 0.555158 0.292169 0.569654 0.290878 0.582078 0.291308 0.574925 0.238167 0.526167 0.238167 0.511672 0.237091
0 0.630648 0.112306 0.635166 0.151248 0.705949 0.157487 0.69616 0.113812 0.665663 0.11747 0.647779 0.114673 0.635919 0.110155 0.630459 0.11037
0 0.663592 0.243976 0.676017 0.295611 0.761483 0.296256 0.740399 0.244191
0 0.834902 0.131885 0.888366 0.141136 0.910768 0.177281 0.857492 0.171472 0.832643 0.13167
0 0.892131 0.231713 0.953125 0.240749 0.976468 0.291093 0.912651 0.282487
2 0.080008 0.199656 0.07116 0.216437 0.094691 0.215146 0.097327 0.209768 0.138366 0.207616 0.141378 0.194492
2 0.181288 0.22074 0.180158 0.229131 0.243035 0.225043 0.244164 0.214716
2 0.337161 0.19858 0.404367 0.196213 0.403991 0.206325 0.336032 0.208692
2 0.492093 0.205034 0.558735 0.20568 0.559676 0.215577 0.491529 0.213855
2 0.228539 0.107358 0.279932 0.103916 0.279367 0.111015 0.22741 0.115534 0.226468 0.115318 0.227221 0.107358
2 0.361069 0.093373 0.414345 0.089071 0.414533 0.095955 0.35994 0.100043
2 0.491905 0.098537 0.547063 0.101119 0.547252 0.107358 0.49134 0.105207
2 0.625753 0.09617 0.67884 0.099613 0.679217 0.106067 0.625941 0.102194
2 0.650979 0.207616 0.716491 0.208477 0.717997 0.217513 0.652673 0.216867
3 0.893449 0.54389 0.915286 0.542384 0.91698 0.551635 0.894955 0.552926
3 0.896461 0.553356 0.918298 0.55185 0.919992 0.561102 0.897967 0.562392
3 0.92131 0.540878 0.943148 0.539157 0.944842 0.548408 0.922816 0.549699
3 0.900414 0.563038 0.921687 0.561532 0.923193 0.569277 0.901544 0.571213
3 0.887048 0.526463 0.897779 0.573795 0.926205 0.571213 0.922816 0.55142 0.947289 0.549914 0.941642 0.52216 0.887236 0.524312
3 0.859752 0.441265 0.870294 0.484509 0.898343 0.484079 0.892508 0.455895 0.915286 0.455465 0.912839 0.439759
