1 0.146837 0.317986 0.143637 0.334983 0.17564 0.333477 0.180535 0.31648
1 0.203878 0.351334 0.203502 0.368761 0.243411 0.364458 0.244164 0.346816
1 0.212914 0.285714 0.210655 0.30099 0.246611 0.297547 0.247364 0.282487 0.213479 0.285499
1 0.264119 0.35241 0.261107 0.370267 0.302711 0.368115 0.303087 0.348967
1 0.418863 0.405981 0.418298 0.428571 0.462538 0.430508 0.463102 0.406411
1 0.478916 0.356067 0.476657 0.375215 0.516754 0.3821 0.519014 0.362306
4 0.10994 0.352625 0.108622 0.358219 0.099398 0.394148 0.156815 0.393933 0.167357 0.351549
4 0.172252 0.357358 0.158886 0.402754 0.22948 0.402754 0.239081 0.366394 0.202184 0.371558 0.202748 0.357573
2 0.326242 0.34574 0.324925 0.359725 0.380836 0.362522 0.381212 0.351119 0.349774 0.349828 0.349586 0.345955 0.327184 0.344664
1 0.539721 0.144363 0.540286 0.156196 0.571913 0.156196 0.570595 0.144363
1 0.534639 0.157917 0.535768 0.170181 0.568712 0.170826 0.567771 0.158133
1 0.641378 0.149096 0.64119 0.160714 0.673381 0.163941 0.673004 0.152108
1 0.59375 0.125 0.594691 0.134682 0.624812 0.135972 0.622176 0.126291
1 0.448607 0.134682 0.479857 0.136188 0.478916 0.14759 0.447477 0.14673
1 0.450678 0.169105 0.48061 0.16975 0.479292 0.18309 0.446724 0.180723 0.447854 0.16889 0.449736 0.169105
1 0.396837 0.151248 0.389684 0.175129 0.405874 0.177065 0.412274 0.154045
1 0.438441 0.103055 0.438818 0.112952 0.46762 0.111661 0.468938 0.101979 0.438818 0.10241
1 0.286521 0.162866 0.301958 0.164372 0.297063 0.189759 0.28012 0.189544
1 0.518261 0.075516 0.519014 0.084983 0.547628 0.084337 0.54631 0.074871
1 0.535392 0.064544 0.53558 0.07358 0.563065 0.07401 0.561935 0.064759
1 0.722139 0.159423 0.752447 0.159208 0.755459 0.171687 0.724774 0.171687
4 0.482492 0.380164 0.482304 0.417169 0.559676 0.421256 0.557041 0.375215 0.520331 0.371988 0.517884 0.383821 0.482116 0.377151
1 0.918863 0.425129 0.926017 0.446644 0.96009 0.444923 0.953313 0.424484
1 0.966303 0.431799 0.972515 0.452022 0.999812 0.450516 0.999812 0.442341 0.99247 0.430723 0.967244 0.431799
