0 0.162839 0.289802 0.163027 0.30099 0.160768 0.309596 0.159639 0.320353 0.159074 0.328744 0.175828 0.329389 0.192206 0.328959 0.210655 0.328313 0.211785 0.306368 0.212914 0.296041 0.215926 0.285714 0.18863 0.287005 0.171875 0.288296
0 0.158321 0.33111 0.154932 0.340577 0.153426 0.350688 0.150791 0.364243 0.147967 0.374139 0.162462 0.37457 0.17677 0.374139 0.19183 0.373924 0.200301 0.375645 0.203878 0.363812 0.207267 0.346816 0.209714 0.331971 0.186559 0.33068 0.170181 0.33025
0 0.433735 0.299484 0.430158 0.304217 0.427899 0.321859 0.425075 0.346386 0.478163 0.352625 0.483998 0.313253 0.456702 0.305938
0 0.649849 0.304217 0.654932 0.324226 0.658509 0.342943 0.682229 0.342513 0.70689 0.341652 0.704066 0.330895 0.702372 0.322074 0.699548 0.310026 0.696913 0.304217 0.679593 0.303787 0.663968 0.303141
0 0.849021 0.306799 0.861634 0.345525 0.905309 0.342943 0.891943 0.304217 0.877636 0.304217 0.872553 0.303141 0.865399 0.304217 0.857492 0.305293
0 0.894014 0.303787 0.900979 0.327453 0.906438 0.342513 0.915098 0.342298 0.920181 0.342083 0.924511 0.340577 0.929782 0.341867 0.9343 0.342513 0.945783 0.342298 0.9343 0.305077 0.924887 0.303571 0.913404 0.304002 0.90305 0.304002
1 0.78125 0.471386 0.785956 0.491179 0.794428 0.490103 0.791792 0.478701 0.789721 0.47031
1 0.587726 0.540448 0.588102 0.55142 0.588855 0.562392 0.59375 0.562608 0.599021 0.562177 0.598268 0.549484 0.597703 0.540232
1 0.169992 0.461274 0.167545 0.469449 0.167357 0.47117 0.173193 0.472892 0.178652 0.472892 0.184111 0.473537 0.185053 0.473322 0.1875 0.462995 0.179593 0.462134 0.173758 0.461274
1 0.190136 0.511618 0.189194 0.515491 0.189006 0.517857 0.189006 0.519578 0.189006 0.520654 0.188441 0.52216 0.193901 0.521945 0.201242 0.521515 0.206702 0.520869 0.208584 0.510112 0.202748 0.510542 0.196348 0.511188
1 0.880271 0.424268 0.883095 0.432659 0.89759 0.432874 0.894767 0.424053 0.888554 0.423838 0.883848 0.423838
1 0.873306 0.492685 0.876694 0.501076 0.881965 0.5 0.885354 0.498924 0.890625 0.496558 0.887048 0.487306 0.881965 0.489243 0.876883 0.490749
2 0.721197 0.209337 0.723645 0.217513 0.741529 0.211274 0.752259 0.209983 0.767508 0.209768 0.772026 0.209337 0.772026 0.201592 0.756589 0.201592 0.742658 0.203098 0.730422 0.206325
