2 0.786898 0.653184 0.79198 0.664587 0.804593 0.663081 0.80384 0.660929 0.841867 0.658778 0.839608 0.651893 0.800452 0.653399 0.798193 0.651893 0.787086 0.652324
1 0.90512 0.753873 0.907191 0.774742 0.939571 0.774312 0.938441 0.758391 0.935806 0.755379
1 0.914721 0.776033 0.919992 0.796687 0.952372 0.79475 0.942959 0.776033
1 0.927334 0.816265 0.954819 0.816695 0.959714 0.83864 0.930723 0.83864 0.926017 0.816265
1 0.836032 0.813683 0.869917 0.814759 0.872176 0.835198 0.838479 0.834983 0.835279 0.814329
1 0.763931 0.814114 0.792169 0.812177 0.794992 0.813253 0.798381 0.817556 0.799887 0.834122 0.765813 0.836919 0.762236 0.814329
1 0.816642 0.749785 0.819654 0.769363 0.854104 0.768933 0.850904 0.750645 0.849021 0.749785 0.817018 0.749355
1 0.90192 0.719664 0.905497 0.739458 0.939759 0.74204 0.935806 0.722676 0.934676 0.721816 0.902861 0.719019
2 0.40305 0.597676 0.402861 0.604561 0.410203 0.604346 0.410392 0.60284 0.427334 0.601979 0.427146 0.597246 0.411521 0.597892 0.410015 0.597031
1 0.390248 0.743115 0.386295 0.762263 0.417922 0.767857 0.422063 0.749785
1 0.395331 0.781411 0.393072 0.802281 0.425264 0.805293 0.427711 0.785069
1 0.389496 0.811317 0.385542 0.831971 0.386295 0.833262 0.418486 0.83821 0.420557 0.82315 0.417169 0.817126
1 0.430535 0.820998 0.430158 0.831756 0.431288 0.834337 0.430723 0.843589 0.464985 0.842298 0.465361 0.825301 0.463479 0.820138 0.431288 0.819707
1 0.518449 0.818632 0.519955 0.83864 0.553087 0.837134 0.551017 0.816265 0.518449 0.817126
1 0.567206 0.807229 0.565889 0.809165 0.567395 0.828098 0.600904 0.83025 0.600339 0.810241 0.599209 0.809596
1 0.582831 0.780766 0.583773 0.800344 0.613705 0.799699 0.615211 0.797978 0.61427 0.780551 0.61314 0.779475 0.583584 0.78012
1 0.579254 0.740964 0.579631 0.760542 0.60994 0.761833 0.611446 0.759251 0.610881 0.743115 0.609187 0.74204 0.580572 0.740318
1 0.624059 0.743976 0.622553 0.746127 0.625565 0.783348 0.62613 0.783993 0.641002 0.783348 0.641943 0.782272 0.638931 0.744836 0.637236 0.743761
1 0.581325 0.680293 0.583584 0.70654 0.596386 0.706325 0.594315 0.679217
