1 0.026732 0.486876 0.023155 0.497418 0.040851 0.498064 0.043486 0.487522
1 0.009789 0.526463 0.005459 0.537436 0.023155 0.539157 0.027297 0.527108
1 0.044428 0.530336 0.040474 0.540878 0.059111 0.54346 0.060617 0.535714 0.055723 0.531626
1 0.060429 0.487952 0.056099 0.49957 0.073419 0.501291 0.077184 0.4929 0.076431 0.490103
1 0.096574 0.490964 0.092432 0.502152 0.10994 0.503442 0.113705 0.495267 0.113328 0.49204
1 0.086596 0.513339 0.081702 0.523881 0.099774 0.526678 0.103163 0.517427 0.102974 0.514845
1 0.11634 0.534208 0.110316 0.546902 0.128765 0.549053 0.13366 0.537436
1 0.139307 0.470095 0.13573 0.481497 0.154367 0.481497 0.157003 0.475043 0.156626 0.46988
1 0.151167 0.53722 0.14872 0.543675 0.148532 0.549914 0.16811 0.552926 0.169992 0.54475 0.169992 0.540017
1 0.217432 0.543244 0.214232 0.556368 0.236446 0.558305 0.239458 0.545181
1 0.22741 0.494836 0.222703 0.506024 0.243788 0.508606 0.247176 0.496558
1 0.274473 0.473322 0.271273 0.48494 0.291039 0.486446 0.29311 0.484509 0.294992 0.474828
1 0.271649 0.51506 0.267696 0.527108 0.288968 0.531411 0.292545 0.518933
1 0.312312 0.468158 0.3093 0.479776 0.330008 0.482358 0.332455 0.474828 0.332267 0.471601
1 0.307229 0.550559 0.302899 0.562608 0.326054 0.564544 0.327184 0.558305 0.329254 0.552711
1 0.340738 0.523021 0.338102 0.535284 0.34262 0.536575 0.360316 0.537005 0.360693 0.535714 0.362199 0.524312
1 0.366905 0.52259 0.36427 0.535714 0.387236 0.538296 0.388554 0.525172
1 0.388931 0.527754 0.408133 0.517857 0.412462 0.521084 0.41491 0.528399 0.39119 0.539157 0.388178 0.530551
1 0.412086 0.530981 0.410768 0.543675 0.434864 0.54346 0.435053 0.530551
1 0.480422 0.556368 0.480422 0.570998 0.504518 0.570568 0.505459 0.556799
1 0.64119 0.528184 0.642696 0.541093 0.666039 0.541738 0.664157 0.52926
1 0.645708 0.56605 0.646837 0.579389 0.670369 0.58025 0.669428 0.567341
1 0.717809 0.569492 0.718938 0.582401 0.743976 0.584337 0.742658 0.570568
1 0.189194 0.593374 0.184864 0.607573 0.20689 0.610585 0.210655 0.597461
1 0.210467 0.640921 0.208208 0.656196 0.23061 0.656411 0.232116 0.654905 0.235505 0.641351
1 0.330384 0.601764 0.326807 0.630594 0.329443 0.63167 0.340361 0.63167 0.34375 0.60241
1 0.30817 0.660714 0.306099 0.67642 0.331325 0.677926 0.333396 0.662651
1 0.345444 0.652324 0.342432 0.668029 0.368599 0.671472 0.371047 0.654905
1 0.376506 0.63963 0.375565 0.656196 0.40192 0.655551 0.402673 0.640706
1 0.550075 0.627797 0.551205 0.643287 0.576996 0.644363 0.576431 0.629088
1 0.534262 0.628657 0.532756 0.659854 0.543863 0.660714 0.545934 0.629303
1 0.636672 0.672117 0.638366 0.703959 0.653426 0.704174 0.651355 0.670611 0.643825 0.670396
1 0.769578 0.6392 0.772779 0.669966 0.786145 0.670826 0.781438 0.6392
1 0.778614 0.679432 0.782944 0.675129 0.790663 0.675129 0.792357 0.677496 0.796875 0.708046 0.783133 0.708262 0.779367 0.694707
1 0.119541 0.665878 0.117282 0.67642 0.138554 0.678571 0.141943 0.668244
0 0.858057 0.388339 0.872176 0.434811 0.930911 0.439114 0.914157 0.393287
