4 0.217056 0.193201 0.218938 0.221816 0.260166 0.218589 0.257718 0.189329
1 0.828125 0.165448 0.853351 0.173193 0.847327 0.191695 0.822289 0.18395 0.826807 0.165232
1 0.77052 0.20568 0.767884 0.228485 0.804782 0.235155 0.806664 0.21278
1 0.720821 0.186102 0.719503 0.206971 0.755083 0.210413 0.756965 0.188683
1 0.868411 0.14716 0.901355 0.137048 0.906626 0.158133 0.872553 0.168675 0.867093 0.148451
1 0.629518 0.150818 0.627071 0.171256 0.600339 0.16932 0.602033 0.148881 0.628765 0.150387
1 0.64006 0.155766 0.638366 0.175129 0.66698 0.176635 0.667922 0.157487
1 0.634224 0.09488 0.633848 0.113812 0.605045 0.114458 0.606928 0.093589 0.634036 0.094019 0.63366 0.095525
3 0.570783 0.157057 0.594126 0.157057 0.594126 0.163726 0.570783 0.164157
1 0.503389 0.166954 0.502447 0.211274 0.521649 0.21278 0.52372 0.166738 0.503577 0.166093
1 0.282003 0.18395 0.28238 0.203744 0.318148 0.204604 0.317395 0.18395 0.28238 0.182659
1 0.226468 0.170611 0.228916 0.188253 0.235505 0.190189 0.264496 0.186317 0.262048 0.164802 0.226845 0.16975
4 0.717244 0.16136 0.716867 0.185026 0.747929 0.186532 0.748494 0.186532 0.748494 0.163726
4 0.716491 0.207831 0.714985 0.231497 0.753389 0.234509 0.754706 0.211059
2 0.061935 0.336489 0.112575 0.335628 0.113328 0.348107 0.0625 0.349613
1 0.116717 0.347031 0.142131 0.347892 0.143261 0.366824 0.113893 0.366824 0.113328 0.349613 0.113893 0.346601 0.117093 0.346601
1 0.153614 0.402108 0.180723 0.403614 0.181664 0.422978 0.15305 0.421472 0.15192 0.405981
2 0.21875 0.332616 0.271837 0.33025 0.272402 0.342298 0.220068 0.345095
1 0.278426 0.326592 0.279556 0.348537 0.315889 0.349828 0.314947 0.329389 0.313253 0.328313
1 0.282191 0.393287 0.283697 0.413511 0.318524 0.415663 0.317206 0.394363 0.283133 0.393072
1 0.359752 0.415663 0.361446 0.43395 0.335467 0.436962 0.333961 0.41889
1 0.417169 0.421041 0.419239 0.443847 0.381024 0.444707 0.381024 0.432444 0.391378 0.420826
1 0.474021 0.393718 0.47628 0.414587 0.513931 0.410929 0.510919 0.388984 0.474398 0.392642
1 0.464985 0.30938 0.467056 0.333262 0.505459 0.33025 0.5032 0.307229
1 0.532191 0.33111 0.567395 0.319277 0.572477 0.340361 0.535956 0.351549 0.531062 0.331756
1 0.527297 0.36704 0.52692 0.387048 0.562312 0.387909 0.562312 0.366179 0.527861 0.365534
1 0.521649 0.398666 0.523532 0.419105 0.560806 0.415663 0.559864 0.394363 0.522214 0.39759
1 0.584526 0.320353 0.584714 0.33864 0.612199 0.33821 0.611069 0.319923
1 0.581514 0.407057 0.580572 0.427496 0.616717 0.428571 0.617658 0.406842
1 0.6218 0.362522 0.620482 0.3821 0.648155 0.384251 0.649849 0.364888
1 0.616152 0.435456 0.61427 0.454819 0.640248 0.457831 0.642508 0.439974
1 0.66811 0.306368 0.664721 0.328098 0.701431 0.332616 0.704254 0.315189 0.701996 0.309596 0.669239 0.305293
1 0.66058 0.398881 0.661521 0.41975 0.697477 0.416738 0.696536 0.395869 0.695407 0.394793 0.661709 0.397806
1 0.740964 0.44148 0.739458 0.461274 0.76619 0.461059 0.766566 0.443201 0.741717 0.442341 0.740964 0.440404
1 0.825489 0.317986 0.825866 0.339501 0.861822 0.337134 0.861069 0.315835
1 0.820783 0.345095 0.82116 0.366824 0.856928 0.364458 0.857116 0.343374
1 0.819089 0.371773 0.819089 0.393933 0.854857 0.391566 0.855045 0.370482
1 0.828313 0.397375 0.826054 0.417599 0.861446 0.419105 0.862764 0.399312
1 0.821536 0.425344 0.819842 0.446429 0.853539 0.447074 0.85561 0.425344
1 0.818148 0.450947 0.816077 0.471386 0.849586 0.473322 0.851468 0.452883
1 0.874812 0.345525 0.874247 0.366394 0.907944 0.366179 0.908321 0.344664
1 0.9375 0.37543 0.936935 0.396299 0.968562 0.398451 0.969315 0.378873
1 0.866529 0.423193 0.86427 0.443847 0.895896 0.445783 0.896837 0.42642
1 0.898532 0.443417 0.896273 0.464071 0.927899 0.466222 0.928652 0.446644
1 0.937124 0.431153 0.958773 0.436102 0.95689 0.453528 0.930535 0.448795 0.933735 0.431368
