4 0.008413 0.317308 0.041346 0.325 0.021635 0.366987 0.00024 0.361538 0.000481 0.334615
4 0.05 0.305769 0.084135 0.313782 0.06875 0.353846 0.033173 0.346154
4 0.098077 0.296474 0.130529 0.305449 0.117067 0.344551 0.083654 0.337179
4 0.176442 0.322115 0.207933 0.328205 0.205529 0.368269 0.171875 0.36282 0.176442 0.323077
4 0.214904 0.312179 0.246635 0.318269 0.244231 0.358333 0.210577 0.352885 0.215144 0.313141
4 0.252404 0.329808 0.280529 0.335897 0.28149 0.376282 0.25024 0.371154 0.251202 0.33141
4 0.294471 0.342949 0.319952 0.347115 0.322356 0.38718 0.292308 0.381731 0.290865 0.344231
4 0.345192 0.386218 0.370673 0.390385 0.371154 0.428526 0.343029 0.425 0.341587 0.3875
4 0.388702 0.365705 0.414183 0.369872 0.414663 0.408013 0.386538 0.404487 0.385337 0.366987
4 0.422596 0.367628 0.446154 0.367949 0.45024 0.405449 0.421875 0.405769 0.41851 0.36891
4 0.455288 0.365385 0.476923 0.366346 0.482933 0.403205 0.45625 0.403846 0.451202 0.366346
4 0.492788 0.379167 0.514423 0.382692 0.519952 0.418269 0.494231 0.415705 0.488942 0.380128
4 0.521154 0.390064 0.541586 0.392949 0.548077 0.429487 0.522356 0.426923 0.517308 0.391346
4 0.553125 0.369872 0.573317 0.372756 0.580048 0.408974 0.554327 0.40641 0.549038 0.370833
4 0.589423 0.363462 0.609615 0.365385 0.617308 0.401603 0.593029 0.400641 0.585577 0.364744
4 0.619471 0.388141 0.636538 0.391346 0.646394 0.425641 0.624038 0.42532 0.615385 0.389423
4 0.661058 0.385256 0.674038 0.38718 0.685336 0.421154 0.664183 0.420192 0.652885 0.384295
4 0.690385 0.384936 0.703365 0.386859 0.714904 0.420833 0.69351 0.419872 0.682212 0.383974
4 0.719231 0.388782 0.730288 0.388782 0.74351 0.42468 0.722115 0.423718 0.708654 0.389423
4 0.74399 0.39391 0.754567 0.396154 0.767548 0.429487 0.746875 0.428846 0.733654 0.393269
4 0.773317 0.389103 0.782212 0.390385 0.797115 0.42468 0.777163 0.423397 0.761779 0.389103
0 0.054087 0.001282 0.108654 0.001923 0.133894 0.004167 0.12476 0.049679 0.047115 0.025641
0 0.366106 0.060256 0.423798 0.079808 0.425962 0.100321 0.426683 0.115385 0.365144 0.097436 0.365625 0.060577
0 0.628606 0.122115 0.669952 0.135256 0.679567 0.137821 0.682692 0.157051 0.688462 0.176282 0.636298 0.157692
