1 0.337981 0.610256 0.364423 0.625641 0.358173 0.645833 0.329327 0.630769 0.326442 0.628526 0.33726 0.610256
1 0.561298 0.586538 0.592548 0.590385 0.591106 0.610577 0.559856 0.603205
2 0.548077 0.570513 0.598558 0.572756 0.600481 0.585256 0.549038 0.584615
1 0.646875 0.613141 0.67476 0.610256 0.677885 0.627885 0.649279 0.628526
2 0.621875 0.591346 0.670192 0.592628 0.671875 0.602564 0.623558 0.602564
1 0.683173 0.625641 0.711779 0.629167 0.713462 0.649038 0.685096 0.646474 0.681971 0.626603
1 0.765385 0.629167 0.797356 0.636538 0.797115 0.654808 0.766827 0.647756
1 0.742788 0.566026 0.772356 0.570513 0.773798 0.586538 0.743269 0.583974
1 0.731971 0.520192 0.760336 0.520833 0.76226 0.538462 0.734135 0.538462
4 0.809375 0.526603 0.838702 0.525 0.847596 0.55 0.817067 0.551923 0.809135 0.527885
1 0.812981 0.619551 0.840865 0.625962 0.844471 0.644551 0.814183 0.63718
1 0.854808 0.64391 0.884135 0.641026 0.887981 0.658333 0.858894 0.660577
