1 0.423193 0.302711 0.419616 0.323795 0.444465 0.325301 0.446724 0.303787
2 0.123494 0.512909 0.119917 0.525172 0.152485 0.525602 0.154744 0.515491
1 0.138742 0.52969 0.133283 0.542599 0.156062 0.545611 0.160392 0.532487
1 0.279179 0.438253 0.275038 0.450301 0.297063 0.453528 0.300452 0.44148
1 0.326431 0.451592 0.324172 0.464286 0.349021 0.464716 0.350715 0.453098 0.349962 0.451807
2 0.364646 0.430938 0.36314 0.44105 0.394014 0.44062 0.394767 0.432229
1 0.395143 0.432014 0.394202 0.443847 0.41698 0.443847 0.418675 0.432659
2 0.348833 0.537005 0.347139 0.546687 0.376506 0.547547 0.377447 0.539157
1 0.383848 0.537005 0.381965 0.55185 0.408133 0.554862 0.409827 0.539802
1 0.435617 0.545181 0.433358 0.560456 0.460279 0.563898 0.461032 0.561532 0.462349 0.551205 0.46122 0.548838
1 0.505836 0.514845 0.505648 0.528184 0.531438 0.52969 0.532191 0.516781
1 0.509789 0.444277 0.509224 0.45654 0.534074 0.459552 0.534827 0.446859
4 0.544616 0.440404 0.543675 0.457186 0.570971 0.459768 0.571348 0.442771
1 0.544804 0.464501 0.543675 0.47784 0.569089 0.480637 0.569842 0.469234 0.568901 0.467083
1 0.543675 0.492255 0.545181 0.506454 0.571348 0.503227 0.570407 0.49204 0.568524 0.489458
1 0.565324 0.53012 0.565512 0.544966 0.593185 0.544966 0.592997 0.530551
2 0.593562 0.476979 0.594126 0.486231 0.621047 0.486661 0.620858 0.479131
1 0.632718 0.481067 0.632907 0.493976 0.656815 0.498709 0.65625 0.48494
1 0.706514 0.532487 0.705384 0.537005 0.705761 0.546256 0.731551 0.549699 0.729104 0.536575
1 0.690889 0.460628 0.690324 0.472676 0.716114 0.475904 0.716114 0.463425
1 0.222139 0.510972 0.215173 0.523236 0.235505 0.532272 0.237011 0.518503
1 0.31683 0.502367 0.315512 0.51506 0.340173 0.515491 0.340361 0.502582
2 0.20256 0.438468 0.200489 0.447289 0.224398 0.44815 0.22628 0.440404
1 0.17884 0.446429 0.174511 0.458046 0.192771 0.461919 0.196724 0.449871
1 0.238328 0.429217 0.23494 0.440404 0.255083 0.441695 0.259036 0.430938
