1 0.127404 0.339103 0.123798 0.351603 0.15 0.353526 0.154327 0.341346
1 0.112019 0.411538 0.108654 0.425 0.136538 0.423718 0.139183 0.409936
2 0.183173 0.338141 0.181971 0.347756 0.215625 0.348718 0.217548 0.341346
1 0.188702 0.407051 0.185337 0.420192 0.209135 0.419872 0.213462 0.416987 0.215865 0.406731
1 0.308654 0.464423 0.305529 0.477244 0.33101 0.48109 0.334135 0.477885 0.335577 0.466346
1 0.070192 0.738141 0.064183 0.760577 0.101442 0.761538 0.10625 0.742949 0.102885 0.739423
2 0.012019 0.737179 0.005769 0.753526 0.056971 0.757051 0.058654 0.741987
1 0.24976 0.778205 0.245433 0.800962 0.28101 0.805128 0.282692 0.801923 0.285817 0.781731
1 0.344231 0.69968 0.342548 0.720192 0.377404 0.721154 0.377885 0.700962
1 0.318269 0.799679 0.316587 0.823397 0.352644 0.825962 0.355048 0.802564
1 0.411298 0.559936 0.410817 0.570192 0.413702 0.576923 0.440625 0.577564 0.441587 0.561218
1 0.412019 0.634615 0.409375 0.652564 0.442067 0.657051 0.44351 0.638462
1 0.403846 0.699359 0.402885 0.71859 0.436779 0.719231 0.4375 0.69968 0.404327 0.699038
1 0.402885 0.775962 0.402163 0.798397 0.437981 0.799359 0.438221 0.777244
1 0.469471 0.811538 0.46851 0.824359 0.490625 0.82468 0.490144 0.81218
1 0.523558 0.685577 0.523558 0.704808 0.555048 0.711538 0.554567 0.698397 0.551202 0.691987
2 0.545433 0.815064 0.545913 0.836218 0.55625 0.836538 0.556971 0.825321 0.585096 0.826282 0.584375 0.815705
1 0.665865 0.632372 0.670433 0.64968 0.69976 0.644231 0.701442 0.640705 0.696875 0.625962
1 0.674038 0.673718 0.676683 0.691987 0.709615 0.690705 0.705288 0.671474
1 0.708173 0.776603 0.709135 0.799038 0.741106 0.801923 0.744471 0.8 0.742548 0.780449
1 0.705048 0.605769 0.707692 0.623077 0.737019 0.622436 0.738462 0.620833 0.735817 0.605128
1 0.71875 0.670513 0.722356 0.690064 0.755048 0.688141 0.750721 0.66891
1 0.763221 0.710256 0.766346 0.73109 0.796394 0.727885 0.789183 0.707692
1 0.801442 0.714744 0.804808 0.734615 0.837019 0.734615 0.833894 0.715385
1 0.840385 0.709936 0.84351 0.729487 0.875481 0.728846 0.872356 0.708974
1 0.88125 0.790064 0.886779 0.811859 0.91851 0.810256 0.913942 0.793269 0.909856 0.789103
1 0.970914 0.598077 0.976923 0.615064 0.99351 0.614744 0.98726 0.599359
2 0.327404 0.747756 0.326923 0.757051 0.356731 0.756731 0.357933 0.748397
