4 0.728163 0.246343 0.734187 0.296256 0.76073 0.298193 0.75113 0.246558
4 0.687124 0.232788 0.698042 0.286575 0.723833 0.285499 0.713667 0.231928
4 0.64759 0.236231 0.650414 0.288941 0.680158 0.290232 0.673004 0.238812
4 0.836408 0.252797 0.849774 0.303356 0.873682 0.303356 0.859187 0.254948
4 0.908321 0.260542 0.917169 0.30938 0.943336 0.312608 0.930723 0.263124
4 0.938253 0.273881 0.952748 0.320568 0.975339 0.322935 0.958773 0.275387
4 0.969315 0.291738 0.982492 0.331325 0.999059 0.334122 0.998682 0.319923 0.988328 0.293029
4 0.604292 0.228055 0.606739 0.280551 0.637236 0.280551 0.631589 0.229991
4 0.564194 0.224828 0.564759 0.27926 0.596197 0.281196 0.591114 0.226764
4 0.52372 0.231497 0.519578 0.282272 0.549699 0.28679 0.550264 0.232358
4 0.485316 0.226764 0.475339 0.279905 0.507718 0.281842 0.51186 0.229346
4 0.433735 0.225904 0.427146 0.276033 0.456514 0.278399 0.460655 0.22741
4 0.394767 0.225258 0.380836 0.276033 0.409262 0.280551 0.419616 0.230207
3 0.775979 0.294105 0.78238 0.335628 0.80817 0.335413 0.80177 0.29432
