1 0.325301 0.236446 0.324548 0.243546 0.341303 0.24204 0.341303 0.234509
1 0.320783 0.255809 0.320595 0.262694 0.338479 0.259897 0.338479 0.252582
1 0.307229 0.295396 0.325113 0.290878 0.325678 0.299053 0.306664 0.302926 0.306288 0.295611
1 0.294051 0.335413 0.292733 0.34531 0.3125 0.342943 0.312876 0.333477
1 0.36634 0.18352 0.36634 0.190189 0.379518 0.188898 0.379895 0.181368 0.366717 0.182874
1 0.374812 0.222246 0.374624 0.229346 0.389684 0.226979 0.389684 0.219664 0.374812 0.221601
1 0.397026 0.178141 0.396461 0.185241 0.414533 0.182444 0.414533 0.175344
1 0.450489 0.170611 0.450489 0.178141 0.469315 0.174914 0.46875 0.167384
1 0.447101 0.208907 0.44616 0.216652 0.466303 0.216652 0.467056 0.208692
2 0.441265 0.225043 0.439947 0.251291 0.487575 0.245697 0.48927 0.262263 0.412462 0.270009 0.414533 0.228701
2 0.556664 0.23537 0.610316 0.228055 0.612011 0.240749 0.557794 0.247418
1 0.55384 0.184165 0.554405 0.192341 0.575866 0.19062 0.575113 0.18352
1 0.638931 0.195353 0.64006 0.203959 0.661709 0.200732 0.660015 0.192556
1 0.76506 0.181799 0.781062 0.179862 0.782944 0.186962 0.767131 0.189759
1 0.721386 0.277754 0.721197 0.285929 0.746047 0.28679 0.747176 0.284854 0.747176 0.277108
1 0.36427 0.307659 0.364081 0.317556 0.384036 0.31562 0.38366 0.305508
1 0.2532 0.424914 0.251318 0.435671 0.272214 0.436532 0.273155 0.425344
1 0.089044 0.459122 0.087914 0.470095 0.105233 0.467298 0.105233 0.456971
1 0.018449 0.544535 0.01506 0.556583 0.032568 0.556153 0.034639 0.54346
1 0.065512 0.527754 0.063441 0.539372 0.079255 0.538726 0.080761 0.527324
4 0.025414 0.522806 0.025226 0.536145 0.042357 0.534854 0.043675 0.520224
1 0.005271 0.498709 0.001318 0.509897 0.016566 0.510327 0.02052 0.498494
4 0.046122 0.593158 0.04198 0.60994 0.060806 0.612952 0.064947 0.595525
1 0.080949 0.574871 0.080949 0.601119 0.092056 0.597892 0.092056 0.571644
1 0.215173 0.557014 0.212349 0.572074 0.236446 0.572935 0.237764 0.557444
1 0.234187 0.487091 0.232304 0.500645 0.245294 0.499785 0.256401 0.491609 0.256777 0.486231
1 0.312688 0.486661 0.312124 0.499785 0.334902 0.497203 0.335279 0.483649
1 0.311935 0.524312 0.310806 0.539157 0.334714 0.537651 0.335279 0.536145 0.336032 0.523021
1 0.315889 0.574441 0.314571 0.590361 0.338855 0.590361 0.341303 0.579389 0.338855 0.574226
1 0.311747 0.616609 0.310806 0.63167 0.311935 0.632745 0.336032 0.630164 0.338855 0.628227 0.338479 0.613382
1 0.403803 0.435671 0.400226 0.447935 0.424134 0.450947 0.426958 0.437392 0.404179 0.435886
1 0.396273 0.50667 0.395896 0.520439 0.420746 0.518933 0.42131 0.504303 0.396084 0.506239
1 0.400979 0.529475 0.399473 0.544535 0.42564 0.544105 0.426958 0.52926 0.426017 0.528399 0.401355 0.529045
1 0.421122 0.619836 0.421687 0.637048 0.451054 0.634036 0.449925 0.616824 0.442583 0.61704
1 0.414533 0.671902 0.414345 0.690404 0.444465 0.689974 0.444465 0.673408 0.443336 0.671041 0.415098 0.671902
1 0.483246 0.412005 0.484375 0.424914 0.504706 0.421041 0.503012 0.408993
1 0.514496 0.544105 0.516378 0.558305 0.537274 0.555508 0.535768 0.541093
1 0.602221 0.415017 0.625941 0.412435 0.626318 0.416954 0.602598 0.419105
1 0.600527 0.407917 0.602033 0.420181 0.627259 0.417384 0.625376 0.405336
1 0.689571 0.531411 0.692206 0.547978 0.723645 0.546041 0.720068 0.52926
1 0.694089 0.395439 0.697101 0.408563 0.723645 0.404905 0.720068 0.391566
1 0.767884 0.440189 0.770896 0.45525 0.799134 0.450732 0.794804 0.436747
1 0.871235 0.392857 0.877259 0.406842 0.903614 0.400818 0.897967 0.387478
1 0.928087 0.505809 0.931476 0.52173 0.961032 0.52216 0.957267 0.506239
