1 0.07323 0.465361 0.068336 0.486661 0.10448 0.48494 0.108622 0.464286
1 0.035392 0.615749 0.03125 0.640706 0.066077 0.641136 0.069654 0.616179
1 0.011483 0.651033 0.003012 0.676635 0.041227 0.679647 0.048946 0.65426
2 0.12613 0.41222 0.120294 0.451807 0.152861 0.449871 0.155685 0.434811 0.190889 0.432874 0.193901 0.419966 0.158509 0.422762 0.160768 0.410284
2 0.281062 0.410929 0.266378 0.44815 0.301393 0.456756 0.306852 0.44105 0.342997 0.453528 0.347515 0.441695 0.313253 0.430723 0.316453 0.420611
1 0.42997 0.464071 0.42884 0.486446 0.471762 0.486016 0.47195 0.465577
1 0.429217 0.495697 0.426958 0.519148 0.467809 0.520869 0.471762 0.517642 0.472139 0.496558
1 0.532756 0.608864 0.529744 0.635542 0.575489 0.642427 0.57756 0.6179 0.574925 0.615964
2 0.501694 0.555723 0.501883 0.589716 0.533133 0.589501 0.533321 0.579604 0.555535 0.578528 0.555911 0.568201 0.533133 0.56691 0.532756 0.555938
1 0.606928 0.325086 0.609752 0.340146 0.642884 0.339716 0.639872 0.324871
1 0.533509 0.714501 0.534827 0.74333 0.582831 0.74247 0.581702 0.715361
1 0.526355 0.811532 0.524473 0.843589 0.576054 0.846386 0.57756 0.814974
2 0.502447 0.64716 0.503953 0.686102 0.536898 0.685671 0.537086 0.674914 0.561559 0.674053 0.560429 0.661575 0.536898 0.660284 0.536333 0.64716
1 0.635919 0.533348 0.640248 0.555723 0.67997 0.550344 0.673946 0.528399
2 0.680535 0.367685 0.684111 0.393503 0.711596 0.391566 0.71122 0.388554 0.74887 0.388124 0.746423 0.376721 0.70802 0.376291 0.705196 0.3679
1 0.722327 0.428787 0.728351 0.449871 0.76506 0.448365 0.758848 0.427281
1 0.736634 0.534208 0.740964 0.557229 0.781815 0.554647 0.776167 0.531411
1 0.746611 0.578528 0.75 0.604131 0.790286 0.604131 0.786709 0.579819
1 0.767508 0.707831 0.76939 0.7358 0.812312 0.739458 0.810994 0.712134
1 0.83942 0.526893 0.84488 0.547332 0.877447 0.547117 0.872741 0.526033
1 0.841679 0.484725 0.850527 0.504518 0.878765 0.49957 0.871235 0.479131
4 0.793486 0.600473 0.845068 0.601119 0.857116 0.655551 0.805346 0.655981 0.799699 0.63253
2 0.692206 0.465577 0.695783 0.4929 0.722892 0.492255 0.72308 0.487952 0.764496 0.485585 0.762989 0.473322 0.720633 0.473752 0.718374 0.464716
1 0.820218 0.452453 0.826431 0.472031 0.857681 0.472031 0.853916 0.453313
2 0.051393 0.682659 0.04311 0.732788 0.078878 0.73537 0.085467 0.718158 0.097327 0.716867 0.128577 0.716222 0.129895 0.702668 0.098833 0.701807 0.088855 0.69815 0.091491 0.681799 0.072101 0.680293
