2 0.468374 0.466437 0.5 0.464071 0.500565 0.46988 0.468562 0.472892
2 0.472327 0.506885 0.504518 0.504303 0.505083 0.509466 0.472139 0.513124
2 0.562876 0.428141 0.563441 0.43438 0.590926 0.432444 0.59055 0.42642
1 0.580008 0.476979 0.580761 0.487952 0.603916 0.486231 0.601845 0.474398 0.579819 0.475904
1 0.627259 0.468804 0.6282 0.481282 0.641566 0.481713 0.647967 0.481713 0.650602 0.480637 0.65192 0.47784 0.650791 0.468158 0.646461 0.468589 0.637801 0.468804
2 0.678652 0.415448 0.712161 0.412005 0.712726 0.417814 0.679405 0.422332
2 0.58942 0.493115 0.589797 0.49957 0.620105 0.496558 0.619541 0.491179 0.589985 0.4929
0 0.297252 0.323365 0.291604 0.36833 0.351657 0.360585 0.354669 0.314974
0 0.606363 0.277754 0.611258 0.308735 0.613893 0.32358 0.682417 0.318201 0.670181 0.269578
0 0.823795 0.21364 0.840738 0.259036 0.865399 0.25796 0.891378 0.254733 0.906438 0.252797 0.901167 0.235155 0.891002 0.222031 0.88253 0.212995 0.858246 0.213425 0.843374 0.212134 0.825678 0.212995
1 0.262425 0.705034 0.261483 0.720095 0.284827 0.72031 0.285768 0.70568
1 0.32003 0.689114 0.319654 0.703528 0.343938 0.703313 0.344126 0.687823
1 0.385354 0.683735 0.38366 0.69815 0.40625 0.701592 0.408133 0.687177
1 0.455196 0.680938 0.456325 0.695998 0.482304 0.693847 0.480422 0.678571 0.455572 0.680508
1 0.508283 0.643503 0.509036 0.658348 0.534262 0.657917 0.533697 0.642427
1 0.580761 0.642427 0.581514 0.658778 0.608622 0.658563 0.607869 0.641781
1 0.634036 0.638339 0.634977 0.65469 0.661898 0.654475 0.661145 0.637694
1 0.644202 0.612091 0.646273 0.627367 0.671498 0.624785 0.669239 0.609725
1 0.684111 0.599182 0.684676 0.614458 0.712538 0.615103 0.711032 0.600473
1 0.715738 0.600258 0.71762 0.615534 0.743976 0.613812 0.741717 0.598107
1 0.694089 0.581325 0.695407 0.59574 0.721574 0.594019 0.720068 0.580034
1 0.705008 0.6392 0.70802 0.655336 0.735128 0.652539 0.731928 0.636618
1 0.778238 0.627797 0.781438 0.643718 0.808358 0.641997 0.805535 0.625861
1 0.791604 0.589286 0.794051 0.603916 0.815512 0.6037 0.812688 0.58864
