1 0.254706 0.262694 0.249059 0.280551 0.263366 0.280551 0.281815 0.27969 0.286333 0.262478 0.277297 0.262263 0.265813 0.262263 0.259224 0.262694
1 0.202748 0.226764 0.198419 0.238812 0.202937 0.239673 0.209526 0.238812 0.225904 0.238167 0.227221 0.226334 0.214797 0.225904 0.207267 0.226549
1 0.093373 0.277324 0.08942 0.288726 0.10128 0.288726 0.116152 0.287005 0.116152 0.283993 0.116529 0.281842 0.118599 0.27969 0.119164 0.274957 0.110693 0.275602 0.103351 0.276248 0.097515 0.276893
3 0.571536 0.415448 0.572477 0.440404 0.599774 0.442986 0.650979 0.440835 0.673381 0.44148 0.674322 0.414802 0.623494 0.413081 0.589985 0.414587
1 0.245294 0.39006 0.237387 0.405551 0.266378 0.415017 0.275414 0.398666 0.26073 0.394793 0.251318 0.391351 0.245105 0.389415
1 0.308358 0.385542 0.305535 0.401678 0.324548 0.401463 0.341491 0.400818 0.343185 0.384897 0.329066 0.384897 0.317018 0.385112
1 0.379518 0.390491 0.377071 0.405981 0.388366 0.406842 0.40192 0.407917 0.412651 0.408563 0.415286 0.392212 0.405685 0.391781 0.391378 0.390491 0.378953 0.390275 0.379895 0.390706
1 0.433547 0.391136 0.434111 0.408778 0.452184 0.405766 0.46988 0.403399 0.468374 0.386833 0.454819 0.387048 0.444465 0.3892
3 0.503389 0.421687 0.502259 0.462349 0.554405 0.463855 0.552523 0.422978
1 0.70369 0.403184 0.708773 0.420611 0.743411 0.419105 0.738705 0.402108 0.70369 0.401248
1 0.777673 0.360585 0.779932 0.375 0.783886 0.393072 0.800828 0.393072 0.795181 0.368761 0.793675 0.360155 0.777861 0.359294
1 0.846762 0.400387 0.85448 0.416738 0.882718 0.414157 0.878577 0.40383 0.874624 0.39716 0.861446 0.398881
1 0.19936 0.760972 0.194089 0.787866 0.241717 0.792599 0.243223 0.762694
1 0.356928 0.773451 0.356175 0.802926 0.404556 0.804002 0.40512 0.773236
1 0.469315 0.713425 0.468374 0.743761 0.518449 0.746343 0.517508 0.717943
