1 0.604292 0.259251 0.60448 0.270439 0.631965 0.270654 0.631965 0.259897
1 0.323042 0.291954 0.320218 0.302711 0.343185 0.302926 0.345444 0.291954
1 0.213102 0.38963 0.208584 0.401033 0.208208 0.402324 0.22948 0.402324 0.233057 0.3892
1 0.113893 0.466437 0.107304 0.479346 0.130271 0.479561 0.136295 0.464931
1 0.1875 0.454819 0.185053 0.469449 0.211032 0.464501 0.212538 0.44901
1 0.263931 0.46364 0.259413 0.479131 0.286709 0.480852 0.290286 0.476549 0.292545 0.464931
1 0.378577 0.439759 0.378012 0.45568 0.40945 0.454604 0.410203 0.437823
1 0.480798 0.437823 0.479669 0.453959 0.512236 0.455895 0.513554 0.438898 0.481739 0.437392
1 0.566453 0.44815 0.5657 0.46321 0.599398 0.467943 0.599398 0.451377
1 0.643072 0.447289 0.643449 0.464501 0.679782 0.468374 0.67884 0.450732
1 0.718185 0.450086 0.721762 0.467298 0.757907 0.467943 0.754142 0.450301
1 0.795557 0.450732 0.800452 0.468804 0.83509 0.464931 0.829819 0.448365
1 0.871235 0.44901 0.876883 0.469234 0.911709 0.469019 0.904744 0.44901
1 0.771837 0.375861 0.775038 0.390275 0.804593 0.390706 0.807041 0.388984 0.800828 0.375215 0.79744 0.375861 0.77259 0.37543
1 0.679405 0.363597 0.682982 0.378227 0.713855 0.377367 0.710655 0.363382
1 0.731363 0.261833 0.734187 0.27259 0.762236 0.268503 0.757718 0.258606
1 0.03125 0.680508 0.024096 0.698795 0.048005 0.706971 0.055158 0.686532
1 0.113328 0.611876 0.106175 0.631239 0.13253 0.635972 0.139119 0.616609
1 0.102598 0.688253 0.096386 0.709983 0.124059 0.715792 0.131589 0.692341
1 0.161898 0.722246 0.159262 0.744836 0.192395 0.74333 0.192959 0.722676 0.189759 0.72074
1 0.258095 0.64006 0.254706 0.658563 0.256212 0.660284 0.287086 0.661575 0.291227 0.641136
1 0.238517 0.743546 0.231928 0.766136 0.26506 0.775387 0.270708 0.759897 0.269578 0.750215 0.240023 0.74204
1 0.316642 0.666093 0.312124 0.688038 0.34808 0.693201 0.350715 0.670396
1 0.384224 0.665448 0.382342 0.687177 0.419616 0.689114 0.420181 0.668675 0.417357 0.665663
1 0.326054 0.716222 0.322101 0.739243 0.358246 0.745052 0.361069 0.726549 0.359752 0.721816 0.327372 0.715577
1 0.411145 0.734079 0.409827 0.758176 0.449172 0.761188 0.450489 0.741824 0.447477 0.736231
1 0.468374 0.638124 0.468562 0.661145 0.506777 0.658348 0.504895 0.637048
1 0.514496 0.730852 0.517319 0.754733 0.557417 0.751506 0.555158 0.727194
1 0.623306 0.72784 0.625753 0.753657 0.668486 0.751506 0.666039 0.726119
1 0.707643 0.731067 0.710467 0.758176 0.754518 0.759036 0.751694 0.732143
1 0.825678 0.748924 0.829819 0.776678 0.874059 0.775387 0.868599 0.748279
1 0.937876 0.740534 0.944465 0.768287 0.98814 0.765275 0.980233 0.738382
1 0.049511 0.614458 0.044804 0.631239 0.071348 0.629303 0.07436 0.610585
