1 0.106363 0.333477 0.144578 0.33821 0.138554 0.355422 0.098833 0.351334
1 0.122176 0.295611 0.158509 0.298838 0.153803 0.31562 0.116152 0.312823
1 0.070407 0.391781 0.10881 0.392857 0.104669 0.414157 0.064006 0.413296
1 0.133095 0.373924 0.162839 0.378227 0.158321 0.398021 0.125 0.393933
1 0.166416 0.369836 0.199172 0.371342 0.194842 0.392857 0.160956 0.388984
1 0.240211 0.371773 0.269014 0.373279 0.273343 0.376291 0.26939 0.394793 0.234187 0.390491 0.237011 0.376936
1 0.318901 0.337134 0.358246 0.335843 0.359752 0.354131 0.318148 0.355852
1 0.320971 0.367255 0.359752 0.365318 0.359563 0.384897 0.319089 0.385972
1 0.421687 0.338855 0.460279 0.34488 0.457455 0.364028 0.418675 0.356713
1 0.473268 0.326592 0.506965 0.326377 0.509601 0.344234 0.472892 0.343804
1 0.498306 0.411145 0.533509 0.414157 0.535015 0.433305 0.513178 0.432444 0.51073 0.430077 0.498117 0.429002
1 0.572101 0.357358 0.571724 0.374355 0.605233 0.381024 0.606551 0.362952
3 0.64872 0.386618 0.648532 0.398666 0.680723 0.401033 0.679217 0.387909
3 0.650979 0.40512 0.685806 0.407272 0.685617 0.422547 0.651732 0.41975
4 0.869164 0.426635 0.894767 0.413726 0.90305 0.441265 0.88573 0.448795 0.883283 0.446213 0.874812 0.447289
1 0.932229 0.42642 0.959337 0.429002 0.964608 0.447504 0.934488 0.445353
1 0.903803 0.339716 0.928087 0.340792 0.933735 0.356713 0.908321 0.354561
1 0.968374 0.424053 0.990211 0.426205 0.99567 0.42685 0.999812 0.444492 0.973456 0.443201
1 0.930911 0.322289 0.944089 0.322074 0.955008 0.355422 0.939571 0.354561
1 0.111069 0.635972 0.153803 0.64006 0.150414 0.667599 0.105422 0.663726
1 0.130083 0.531411 0.172252 0.533563 0.167545 0.560026 0.125188 0.556153
1 0.220068 0.500645 0.262801 0.495912 0.26186 0.520439 0.21988 0.524527 0.217809 0.52259
1 0.321913 0.556153 0.364458 0.556153 0.36747 0.559811 0.366529 0.582831 0.321724 0.582186 0.319465 0.579389
1 0.343562 0.476979 0.337349 0.521084 0.35994 0.522375 0.365776 0.476764
3 0.550075 0.539372 0.55064 0.557659 0.597515 0.557874 0.596762 0.539587
1 0.555346 0.64716 0.556852 0.675344 0.603727 0.672978 0.601468 0.645439
1 0.604104 0.600043 0.606928 0.628873 0.653614 0.624785 0.650979 0.596386
1 0.685053 0.644578 0.73381 0.643933 0.735881 0.669966 0.686935 0.671041
1 0.740776 0.649527 0.77805 0.650387 0.781626 0.677496 0.744729 0.678141 0.74247 0.671687
1 0.774096 0.616609 0.79631 0.61704 0.800828 0.670826 0.78125 0.667814 0.778426 0.649957
1 0.716867 0.504518 0.746988 0.50753 0.751883 0.507315 0.753012 0.526893 0.718562 0.526248
1 0.762425 0.512694 0.764872 0.534639 0.799887 0.536575 0.797252 0.513769
1 0.885542 0.642857 0.923758 0.641781 0.927523 0.666093 0.890248 0.668029
