1 0.119352 0.3892 0.142319 0.388554 0.141002 0.39716 0.136483 0.402539 0.115587 0.40383
1 0.109752 0.437177 0.132718 0.436317 0.131401 0.445138 0.128389 0.451807 0.106175 0.452453
1 0.187312 0.431583 0.210279 0.430723 0.208961 0.439544 0.205949 0.445998 0.183735 0.446859
1 0.211032 0.431583 0.233998 0.430723 0.232681 0.439544 0.229669 0.446213 0.207455 0.446859
1 0.151732 0.385542 0.174887 0.384682 0.173381 0.393503 0.170369 0.400172 0.148155 0.400818
1 0.194089 0.383606 0.217244 0.381454 0.217809 0.390275 0.216303 0.395654 0.190512 0.398881
1 0.176017 0.385327 0.193148 0.383606 0.190324 0.396945 0.173758 0.398236
1 0.223645 0.375215 0.246047 0.376936 0.244541 0.391136 0.21988 0.388984
1 0.290474 0.372203 0.314194 0.369406 0.311559 0.386188 0.289345 0.386403
1 0.341491 0.364243 0.367093 0.363597 0.366717 0.377797 0.338667 0.379088
1 0.370294 0.366394 0.400979 0.366179 0.400038 0.382315 0.369352 0.381885
1 0.403614 0.366824 0.426205 0.363597 0.427146 0.378873 0.403238 0.380594
1 0.397214 0.420611 0.424134 0.418675 0.422628 0.437177 0.394767 0.437392
1 0.4343 0.417169 0.46122 0.425559 0.460655 0.436102 0.457455 0.440404 0.455384 0.440404 0.427711 0.43309
1 0.474021 0.356067 0.505271 0.359509 0.504518 0.370267 0.502824 0.373709 0.472327 0.372849
1 0.515248 0.369621 0.54198 0.365749 0.545369 0.370267 0.545934 0.38167 0.51506 0.384682
1 0.545934 0.356067 0.57436 0.356497 0.575866 0.372418 0.55064 0.373494 0.546687 0.365103
1 0.575301 0.356282 0.60128 0.356067 0.602974 0.371988 0.576431 0.372633
1 0.581137 0.413296 0.589608 0.411575 0.595821 0.411145 0.606739 0.412005 0.608434 0.429217 0.582078 0.430077
1 0.638931 0.415448 0.669992 0.414157 0.672628 0.432014 0.640813 0.432229
1 0.759413 0.351549 0.768637 0.351119 0.783133 0.351979 0.787086 0.36833 0.76073 0.365964
1 0.83302 0.410499 0.857869 0.408778 0.862387 0.42685 0.838102 0.428787
1 0.868223 0.358219 0.892696 0.353055 0.897779 0.367685 0.87613 0.371127
1 0.053087 0.557229 0.080761 0.559811 0.076807 0.577453 0.048569 0.57401 0.052899 0.557874
1 0.100715 0.55185 0.125753 0.55938 0.118223 0.577238 0.09375 0.569277
1 0.144014 0.620052 0.173381 0.621773 0.171875 0.642642 0.142508 0.64006
1 0.177523 0.623924 0.203878 0.624355 0.202184 0.644578 0.174699 0.642857 0.177146 0.623279
1 0.214985 0.555293 0.243223 0.55895 0.240776 0.577668 0.210279 0.574226
1 0.242658 0.56605 0.270143 0.559165 0.267131 0.578744 0.242846 0.584337 0.24134 0.578528
1 0.274096 0.555293 0.304405 0.55895 0.302146 0.577668 0.270143 0.574441
1 0.269767 0.625861 0.29631 0.626506 0.296122 0.648021 0.268261 0.648451
1 0.296875 0.627797 0.326431 0.628227 0.327937 0.631454 0.325866 0.648666 0.296687 0.649527
1 0.383095 0.629088 0.416416 0.628657 0.417169 0.651248 0.381212 0.650602
3 0.824172 0.580465 0.881212 0.575086 0.887236 0.612091 0.82869 0.625645 0.820971 0.585628
2 0.847139 0.664587 0.897779 0.663081 0.899849 0.681583 0.850339 0.684165
3 0.894578 0.628012 0.966491 0.618546 0.974021 0.647806 0.900791 0.660929
3 0.870858 0.543029 0.939571 0.535714 0.945407 0.558735 0.877259 0.567771
