1 0.061182 0.517212 0.094127 0.516136 0.089232 0.538081 0.055535 0.537651
3 0.048381 0.731497 0.04631 0.748064 0.105422 0.750215 0.106175 0.733649
3 0.030873 0.810886 0.089044 0.814114 0.089608 0.830895 0.029179 0.827883
3 0.072101 0.648881 0.121988 0.648666 0.123306 0.662651 0.07116 0.66179
1 0.150602 0.404475 0.182794 0.404045 0.176958 0.424484 0.144014 0.424484
1 0.198607 0.470955 0.229669 0.467943 0.22948 0.488597 0.195407 0.488597
1 0.192959 0.4929 0.227974 0.497633 0.222515 0.523021 0.183735 0.516351
1 0.172252 0.666954 0.175452 0.652539 0.213667 0.654045 0.210467 0.684811 0.169804 0.680938
1 0.174511 0.687608 0.168675 0.715361 0.209149 0.728055 0.216679 0.699441
3 0.28558 0.476764 0.277861 0.52926 0.435806 0.528614 0.437876 0.481928
1 0.503012 0.5142 0.549511 0.519793 0.547816 0.546041 0.499624 0.540448
1 0.503577 0.676205 0.555723 0.677926 0.557229 0.709337 0.504518 0.709552
1 0.492658 0.850043 0.549322 0.847892 0.551958 0.884036 0.49247 0.886618
1 0.660956 0.510542 0.66378 0.537651 0.711032 0.534208 0.70689 0.507745
1 0.72628 0.532702 0.743411 0.525818 0.763931 0.559596 0.769578 0.567986 0.7532 0.575086
1 0.677146 0.637694 0.723268 0.631024 0.72741 0.636403 0.731928 0.658778 0.682041 0.665448 0.680158 0.66222
1 0.698042 0.836274 0.753012 0.834337 0.756777 0.868546 0.700678 0.869406
1 0.836973 0.673623 0.878577 0.664372 0.883848 0.672762 0.887989 0.692771 0.843185 0.702883 0.835467 0.674484
1 0.750941 0.627582 0.797816 0.621773 0.80497 0.649957 0.756965 0.655766
1 0.801958 0.586704 0.847703 0.584552 0.852598 0.592083 0.85561 0.610585 0.806852 0.613167
1 0.808923 0.55185 0.847139 0.549914 0.853351 0.576807 0.814947 0.578528
1 0.936559 0.609509 0.97948 0.617255 0.983246 0.644363 0.938818 0.634682
