0 0.231363 0.123924 0.275226 0.120267 0.301017 0.118546 0.298946 0.16932 0.277297 0.16932 0.226657 0.17642
0 0.610128 0.06562 0.669992 0.071859 0.682794 0.113167 0.622553 0.107143
0 0.615399 0.110585 0.678087 0.118115 0.689947 0.163081 0.64119 0.159854 0.625565 0.158993
0 0.788215 0.115534 0.856551 0.1108 0.875188 0.156626 0.805723 0.163081
0 0.87613 0.107573 0.936559 0.105422 0.954066 0.147375 0.956514 0.15512 0.89759 0.154475 0.888366 0.130594 0.885542 0.126506
0 0.94503 0.107143 0.999812 0.107573 0.999624 0.154475 0.964232 0.152539 0.956137 0.130809
1 0.431664 0.331756 0.432605 0.323365 0.458208 0.322935 0.459526 0.334983
1 0.433735 0.374355 0.45802 0.372418 0.462726 0.376506 0.463102 0.3892 0.4343 0.39006
1 0.422063 0.421472 0.432229 0.416093 0.434676 0.449871 0.424699 0.453098
1 0.490587 0.452883 0.51939 0.450301 0.520896 0.462565 0.492093 0.467298
1 0.484375 0.322074 0.50753 0.325732 0.505648 0.341007 0.486634 0.337995
1 0.583961 0.307014 0.59808 0.303356 0.605986 0.332616 0.592056 0.335843
1 0.591867 0.396515 0.621423 0.393287 0.623306 0.408348 0.59488 0.41179
1 0.594691 0.428787 0.612199 0.425774 0.616529 0.459337 0.599021 0.461489
1 0.640248 0.391136 0.666227 0.388124 0.669428 0.404045 0.641943 0.406626 0.64006 0.391781
1 0.693336 0.437177 0.722703 0.43352 0.725151 0.445568 0.695595 0.450086
1 0.686935 0.407272 0.713291 0.399527 0.716303 0.408563 0.690136 0.41846
1 0.682229 0.36704 0.71009 0.373709 0.709337 0.382315 0.67997 0.375645
1 0.671875 0.333477 0.695407 0.330034 0.698419 0.345955 0.674887 0.349398
1 0.67244 0.304002 0.694842 0.300129 0.69936 0.312608 0.674887 0.317126
1 0.781626 0.329389 0.806476 0.328098 0.80817 0.338425 0.782568 0.337995
1 0.734752 0.434596 0.759601 0.430077 0.764496 0.444707 0.737952 0.450516
1 0.743976 0.537436 0.765813 0.531842 0.769767 0.546902 0.746235 0.552281
1 0.60881 0.604991 0.637236 0.605852 0.638178 0.623064 0.608622 0.622848
1 0.608246 0.561102 0.637613 0.55852 0.64006 0.578098 0.608998 0.580034
1 0.555723 0.556583 0.582455 0.551205 0.58622 0.567126 0.558735 0.57358
1 0.564947 0.604991 0.579066 0.604561 0.581514 0.639415 0.565324 0.6392
1 0.537086 0.609725 0.552711 0.607788 0.555911 0.645654 0.539345 0.64716 0.536333 0.609509
1 0.513742 0.577022 0.542169 0.572935 0.544992 0.591007 0.515813 0.594234
1 0.470633 0.546472 0.486069 0.542814 0.490211 0.576592 0.474962 0.580034
1 0.364081 0.645654 0.392696 0.649312 0.390813 0.66889 0.361446 0.663942
1 0.35994 0.586058 0.389496 0.583477 0.389496 0.601119 0.360881 0.603485
1 0.321536 0.587564 0.350904 0.584122 0.352598 0.602625 0.323042 0.605207
1 0.309488 0.633606 0.336973 0.629518 0.337538 0.650172 0.310617 0.652969
1 0.246611 0.659639 0.27372 0.657272 0.276544 0.673838 0.245482 0.675129
1 0.254895 0.623924 0.283886 0.616609 0.287839 0.633176 0.256777 0.641997
1 0.210655 0.64006 0.23814 0.630379 0.241905 0.645224 0.211973 0.65512
1 0.204255 0.669535 0.231363 0.666738 0.233434 0.673623 0.233998 0.682874 0.204631 0.686317
1 0.143072 0.640706 0.156438 0.640921 0.156438 0.675344 0.141378 0.674484
1 0.098456 0.628227 0.125565 0.625861 0.127259 0.642857 0.099209 0.644363
1 0.647402 0.563038 0.668675 0.55938 0.670181 0.57315 0.649285 0.577453
