2 0.591303 0.09531 0.590926 0.102194 0.628389 0.101549 0.627636 0.09531
2 0.612575 0.141566 0.613328 0.147806 0.652108 0.148236 0.651167 0.141351
2 0.606175 0.17642 0.606551 0.182444 0.646649 0.181368 0.646461 0.176205
2 0.612387 0.195568 0.613328 0.202668 0.654556 0.202883 0.653238 0.196429
2 0.607869 0.215146 0.607869 0.221601 0.649096 0.22117 0.649096 0.215361
2 0.609563 0.238167 0.610316 0.245912 0.651167 0.245697 0.650602 0.238812
2 0.725339 0.222461 0.725339 0.229346 0.764684 0.232143 0.764119 0.225473
2 0.725339 0.239458 0.725715 0.246127 0.76506 0.248709 0.764684 0.24247
1 0.006777 0.565189 0.010542 0.577883 0.029932 0.570138 0.029744 0.553787
4 0.000188 0.578098 0.037651 0.578744 0.034639 0.608649 0.0 0.607573
2 0.375565 0.142212 0.375376 0.149096 0.412462 0.15512 0.412274 0.149096
