1 0.901732 0.462995 0.906626 0.479131 0.937124 0.477625 0.932229 0.460843
1 0.813441 0.458477 0.819089 0.474398 0.849209 0.467513 0.843185 0.451592
3 0.6282 0.452453 0.629895 0.476979 0.718938 0.470095 0.716679 0.443417
1 0.516754 0.473752 0.517319 0.488812 0.545557 0.486231 0.544804 0.471816
1 0.232869 0.482143 0.232492 0.495482 0.254895 0.490749 0.256212 0.47741
1 0.30817 0.488812 0.307041 0.503012 0.332643 0.502152 0.333961 0.487522
1 0.357116 0.423193 0.356363 0.436317 0.381401 0.434811 0.381589 0.421687
1 0.523532 0.393072 0.524473 0.406411 0.551205 0.404905 0.549511 0.391781
1 0.588667 0.393718 0.590926 0.407917 0.615587 0.40469 0.618035 0.403184 0.615399 0.390706
3 0.776167 0.615103 0.778614 0.624785 0.745858 0.628012 0.750941 0.644793 0.774473 0.637478 0.819842 0.637263 0.817395 0.621127 0.800828 0.622418 0.798758 0.612091
1 0.834526 0.254733 0.83622 0.266351 0.862387 0.266997 0.860881 0.256024
1 0.838667 0.278399 0.841303 0.290017 0.867658 0.288296 0.864834 0.277324
1 0.684488 0.288296 0.694654 0.282272 0.710467 0.301205 0.704254 0.305508 0.698607 0.306799
1 0.764307 0.279045 0.777673 0.276678 0.783509 0.297332 0.779367 0.297762 0.770143 0.298838
