0 0.329087 0.154487 0.3 0.153846 0.241587 0.142628 0.241346 0.200321 0.333654 0.216026 0.330769 0.172756
0 0.661538 0.196154 0.640625 0.190064 0.609615 0.182692 0.603365 0.180128 0.617788 0.228526 0.656731 0.236538 0.679327 0.241026 0.667548 0.207692
0 0.722596 0.209295 0.701683 0.204808 0.664183 0.195833 0.674519 0.222436 0.679567 0.239744 0.7375 0.255128 0.724038 0.215385
0 0.776923 0.225321 0.764663 0.222115 0.75649 0.215705 0.748317 0.213782 0.725 0.210256 0.740625 0.254487 0.758413 0.261538 0.791586 0.274359 0.779567 0.232372
0 0.740385 0.264423 0.731971 0.261218 0.722837 0.258333 0.713221 0.257692 0.682212 0.249038 0.699038 0.3 0.758173 0.314103 0.742548 0.26891
0 0.795433 0.287821 0.782212 0.28109 0.776202 0.275962 0.765865 0.273397 0.743269 0.266987 0.759375 0.314423 0.761779 0.316026 0.776442 0.320192 0.783414 0.322756 0.792308 0.322756 0.801442 0.327885 0.813462 0.334295 0.814664 0.333654 0.799038 0.294231 0.796154 0.288462
2 0.619712 0.50641 0.570673 0.497756 0.570673 0.51218 0.619471 0.519872
2 0.60649 0.442308 0.574038 0.435256 0.561058 0.43109 0.561538 0.445192 0.609615 0.455128 0.610096 0.442628
1 0.823077 0.516026 0.80649 0.51891 0.81226 0.533333 0.829808 0.529487 0.825481 0.519551
1 0.071154 0.631731 0.029327 0.630449 0.025721 0.653526 0.069231 0.654167 0.072356 0.633333
1 0.176683 0.657051 0.140385 0.660256 0.141587 0.681731 0.182452 0.680449 0.18125 0.657372
1 0.189423 0.732692 0.149038 0.723718 0.142548 0.746474 0.185577 0.757051 0.189904 0.733974 0.189183 0.735256
2 0.336298 0.583974 0.258413 0.577885 0.258413 0.599038 0.338462 0.605128 0.338462 0.586218
2 0.336298 0.692628 0.254567 0.686218 0.253365 0.713141 0.340144 0.714103
1 0.399519 0.602244 0.36899 0.60032 0.36851 0.620833 0.402163 0.620833
1 0.44399 0.747436 0.410577 0.741987 0.410577 0.764423 0.443029 0.770833
1 0.56851 0.646474 0.541106 0.648077 0.54375 0.667949 0.571875 0.665385
1 0.589904 0.74968 0.560817 0.753205 0.563702 0.774359 0.564183 0.776923 0.594712 0.771795
1 0.651202 0.758974 0.624279 0.757692 0.627404 0.778846 0.654567 0.778526
2 0.65 0.644231 0.595433 0.639103 0.598077 0.66218 0.653125 0.66218
2 0.713221 0.671474 0.672596 0.670513 0.672837 0.683013 0.716106 0.684615
1 0.739183 0.744231 0.715385 0.740705 0.717308 0.761218 0.744471 0.763141 0.742788 0.744231
2 0.776442 0.658974 0.740385 0.658974 0.741587 0.672436 0.779327 0.671795
2 0.797837 0.744872 0.763702 0.746795 0.763702 0.758654 0.799519 0.758974 0.800481 0.745192
1 0.848558 0.672436 0.828846 0.673397 0.83101 0.682372 0.832452 0.690385 0.853125 0.688782 0.853365 0.683013 0.850721 0.678526
2 0.880048 0.7375 0.832692 0.736218 0.836538 0.751603 0.851923 0.751923 0.883413 0.751923 0.882692 0.73782
2 0.140385 0.608333 0.137981 0.631731 0.219952 0.640385 0.220433 0.617628 0.175481 0.6125
2 0.38125 0.690385 0.38125 0.705449 0.424519 0.708333 0.42476 0.693269 0.391346 0.691026
2 0.548317 0.738782 0.549038 0.747115 0.568029 0.748718 0.572836 0.749038 0.584856 0.748077 0.588702 0.747756 0.59399 0.750641 0.59375 0.739744 0.574279 0.739103
2 0.631971 0.738782 0.632212 0.749359 0.6625 0.751282 0.673798 0.751282 0.673317 0.739744 0.647837 0.738782
4 0.403365 0.600962 0.404087 0.650962 0.440144 0.65609 0.437981 0.59968 0.403606 0.594872
