3 0.237764 0.231067 0.271649 0.226549 0.27259 0.236446 0.238328 0.24333
3 0.219315 0.270224 0.257154 0.266351 0.258471 0.279475 0.217244 0.282272
3 0.203878 0.318632 0.240964 0.317341 0.241152 0.330465 0.201054 0.331971
3 0.188441 0.3679 0.223456 0.366609 0.222892 0.379518 0.186935 0.381239
3 0.260919 0.370697 0.294804 0.366179 0.296122 0.376076 0.260166 0.38253
3 0.272026 0.31605 0.309864 0.313253 0.308735 0.32401 0.269014 0.329174
3 0.287086 0.270439 0.322101 0.267212 0.322854 0.274742 0.285015 0.28012
3 0.299699 0.228701 0.331137 0.225904 0.331702 0.235155 0.298004 0.239028
1 0.806476 0.357358 0.826807 0.358649 0.829443 0.369621 0.809676 0.36747
1 0.799511 0.317341 0.819089 0.322074 0.820407 0.33154 0.800264 0.325086
1 0.784074 0.283563 0.80177 0.284208 0.80497 0.292814 0.787086 0.293029
1 0.243788 0.523881 0.267884 0.523881 0.26619 0.538511 0.241905 0.53722
1 0.251506 0.458046 0.275602 0.457186 0.275038 0.468804 0.249812 0.469449
1 0.245482 0.410929 0.267319 0.413511 0.264684 0.425344 0.241905 0.422332
1 0.312876 0.435026 0.335279 0.438898 0.332643 0.451162 0.3093 0.447074
1 0.37613 0.430508 0.400979 0.430723 0.401355 0.443632 0.375941 0.443417
1 0.37067 0.470525 0.395143 0.471386 0.394578 0.48494 0.369729 0.483864
1 0.368788 0.512048 0.395331 0.513769 0.394202 0.527108 0.36747 0.526463
1 0.358998 0.555508 0.387236 0.555077 0.385542 0.571644 0.356928 0.570998
1 0.445595 0.536145 0.471386 0.536145 0.472327 0.551635 0.445218 0.55142
1 0.481551 0.477194 0.504895 0.475258 0.509036 0.488597 0.483434 0.490318
1 0.46122 0.435886 0.484375 0.437608 0.484752 0.44901 0.460279 0.447504
1 0.568712 0.486661 0.592997 0.488167 0.594503 0.501291 0.568712 0.499139
1 0.585467 0.542169 0.611258 0.54432 0.611258 0.558305 0.585279 0.555938 0.58509 0.542384
1 0.682041 0.529475 0.707078 0.533778 0.707643 0.547762 0.682229 0.543244
1 0.850339 0.561962 0.872364 0.55895 0.877071 0.572289 0.853727 0.574871
1 0.839232 0.498279 0.862952 0.500861 0.864646 0.514415 0.842056 0.511618
1 0.825489 0.449226 0.84695 0.450947 0.848645 0.456971 0.848833 0.46321 0.829819 0.461919
1 0.909074 0.497849 0.929593 0.498494 0.932982 0.510327 0.913404 0.509897
1 0.903426 0.554002 0.927523 0.561317 0.92884 0.570568 0.928087 0.574226 0.905497 0.567341
1 0.848645 0.653399 0.862199 0.65512 0.865776 0.689114 0.851468 0.686102
1 0.947289 0.673623 0.973645 0.673623 0.974962 0.69062 0.950866 0.690404
