0 0.077885 0.276923 0.127644 0.278846 0.154808 0.282372 0.144231 0.313782 0.13774 0.339423 0.053125 0.326282 0.063942 0.304167
0 0.39375 0.273077 0.472115 0.28141 0.464423 0.340385 0.382933 0.333013
0 0.590385 0.235577 0.664904 0.227885 0.670192 0.277885 0.593029 0.282692
1 0.035337 0.638462 0.049038 0.603846 0.063942 0.604487 0.050721 0.640705
1 0.186538 0.5125 0.216106 0.514423 0.213702 0.530128 0.183654 0.527244
1 0.207452 0.591987 0.23726 0.592949 0.235337 0.609936 0.205048 0.608974
1 0.316106 0.565064 0.346394 0.561218 0.346394 0.578846 0.316106 0.58141
1 0.420433 0.548718 0.447596 0.554808 0.44375 0.570833 0.417308 0.563782
1 0.428125 0.609295 0.45625 0.609295 0.457692 0.609295 0.457452 0.622436 0.453846 0.626923 0.427885 0.625962
4 0.45 0.645513 0.484135 0.646474 0.483413 0.660256 0.449279 0.659936
1 0.519952 0.559615 0.549038 0.55609 0.55024 0.572436 0.521154 0.575641
1 0.591346 0.55641 0.619952 0.551923 0.625 0.564744 0.594712 0.572115 0.591106 0.557372
4 0.559375 0.529167 0.589904 0.525 0.592308 0.549038 0.560817 0.553846
4 0.61274 0.528205 0.64351 0.524359 0.646394 0.547115 0.614904 0.551603
4 0.599038 0.580449 0.649279 0.575962 0.655769 0.6125 0.603846 0.61891
4 0.71899 0.560897 0.772596 0.560577 0.776923 0.598077 0.723558 0.598718
1 0.722837 0.625 0.751683 0.623077 0.757452 0.632051 0.758173 0.642628 0.72524 0.643269
4 0.859375 0.558333 0.913221 0.557692 0.922115 0.596154 0.866827 0.596474
1 0.897596 0.532051 0.928846 0.527244 0.934135 0.545192 0.904567 0.55032
1 0.082692 0.832051 0.118269 0.826603 0.115865 0.847756 0.080288 0.852244
1 0.100721 0.777244 0.132212 0.778846 0.125481 0.80032 0.124519 0.802244 0.095192 0.797756
4 0.14976 0.779167 0.181971 0.777564 0.175481 0.808013 0.143029 0.808013
1 0.17476 0.755128 0.206731 0.75641 0.202404 0.775962 0.170673 0.777244
1 0.296875 0.751923 0.33101 0.752885 0.327885 0.773718 0.292308 0.773397
1 0.41899 0.766987 0.454567 0.763141 0.455529 0.785256 0.420192 0.789423
4 0.412981 0.792308 0.470673 0.799038 0.466827 0.85 0.40625 0.84391
1 0.518029 0.770833 0.552644 0.766987 0.555048 0.788782 0.520673 0.793269
1 0.559615 0.753846 0.591586 0.753526 0.593269 0.776923 0.559135 0.776603
1 0.534375 0.851603 0.554087 0.852564 0.553846 0.902885 0.534375 0.89968
1 0.61875 0.848718 0.654567 0.852564 0.655769 0.876603 0.619952 0.873397
1 0.618029 0.717628 0.650962 0.721154 0.650721 0.741987 0.617067 0.738462
2 0.7 0.746154 0.774038 0.744231 0.777404 0.760577 0.703365 0.764103
2 0.720914 0.839744 0.8 0.83782 0.801442 0.858013 0.723558 0.858974
1 0.933413 0.736218 0.952163 0.733974 0.964183 0.780128 0.942308 0.78109
1 0.953846 0.819872 0.995673 0.828846 0.998798 0.852564 0.998317 0.854487 0.95649 0.844551
