1 0.190889 0.490749 0.223833 0.495267 0.218562 0.514845 0.184864 0.509897
1 0.164157 0.598537 0.199548 0.599182 0.195218 0.622418 0.159262 0.621558 0.159827 0.61704
1 0.154367 0.659208 0.186935 0.657917 0.189571 0.662436 0.186747 0.682444 0.151544 0.68309
1 0.295369 0.519793 0.327937 0.517857 0.325866 0.537436 0.29198 0.538081
1 0.238705 0.504518 0.271837 0.501291 0.26939 0.52173 0.234375 0.523881
1 0.298946 0.487952 0.332455 0.488597 0.328878 0.50796 0.295746 0.50796
1 0.294992 0.58154 0.328313 0.590146 0.329443 0.59531 0.324172 0.613167 0.288215 0.6037
1 0.128577 0.77259 0.167545 0.777969 0.163404 0.806368 0.123682 0.799484
1 0.264684 0.784423 0.305158 0.793244 0.307041 0.799484 0.301393 0.823365 0.259789 0.813253
1 0.276355 0.69062 0.317583 0.690404 0.315136 0.717513 0.27372 0.716652
1 0.435053 0.656626 0.479857 0.658993 0.477598 0.686962 0.432605 0.68395
1 0.418486 0.805508 0.46762 0.81562 0.463479 0.847246 0.414157 0.834552
1 0.438441 0.542599 0.48061 0.539802 0.480045 0.563683 0.43863 0.566265
1 0.508471 0.589286 0.53012 0.590146 0.531626 0.641136 0.507907 0.641351
1 0.563065 0.677496 0.60881 0.677496 0.610316 0.70611 0.563441 0.704174
1 0.565512 0.801205 0.613517 0.814974 0.612011 0.845955 0.562312 0.832186
1 0.622176 0.808735 0.657191 0.809811 0.67244 0.818632 0.674511 0.841007 0.624435 0.838855
2 0.357869 0.578098 0.432605 0.579819 0.432229 0.594664 0.356551 0.594234
2 0.605045 0.455465 0.627447 0.453959 0.628953 0.476549 0.687876 0.474182 0.688065 0.490534 0.610504 0.491179
1 0.71762 0.41846 0.759224 0.417814 0.759977 0.428356 0.758095 0.436747 0.721009 0.438038
2 0.756589 0.379518 0.795369 0.378442 0.796687 0.393503 0.860881 0.392212 0.862575 0.406196 0.800264 0.406196 0.804217 0.41889 0.763366 0.418029
2 0.775979 0.493976 0.808735 0.493976 0.810617 0.503873 0.875188 0.501291 0.880271 0.517212 0.815136 0.522375 0.817018 0.527754 0.781438 0.52969
