1 0.213667 0.606713 0.210655 0.622203 0.232681 0.624355 0.235316 0.608649
1 0.244164 0.610585 0.241529 0.624355 0.264119 0.626506 0.266566 0.611231 0.244164 0.60994
1 0.29744 0.616824 0.294239 0.631454 0.275038 0.628442 0.277861 0.613597 0.288968 0.615534
1 0.314194 0.614888 0.332831 0.614458 0.332267 0.629088 0.312876 0.628442 0.313441 0.614673
1 0.350904 0.623494 0.349962 0.631239 0.364646 0.635327 0.366905 0.62543 0.355422 0.623924
1 0.525414 0.312823 0.545746 0.313898 0.545557 0.322289 0.525226 0.322289
3 0.329066 0.352625 0.328878 0.356713 0.327372 0.359509 0.327748 0.360585 0.346386 0.359725 0.358434 0.359725 0.360693 0.357573 0.362199 0.354346 0.364646 0.351979
3 0.653426 0.379303 0.653614 0.388769 0.679029 0.3892 0.683547 0.388769 0.685053 0.387909 0.68317 0.383606 0.683547 0.378658 0.680535 0.379518 0.675075 0.379733 0.657756 0.379303
1 0.345821 0.313253 0.36314 0.313253 0.360881 0.322074 0.342997 0.322719
1 0.510919 0.347031 0.51073 0.348537 0.511295 0.352194 0.512236 0.355852 0.512801 0.356282 0.522026 0.357358 0.528803 0.358219 0.530874 0.358434 0.531815 0.351334 0.531062 0.348752 0.513742 0.347246 0.512613 0.347031
1 0.724209 0.344234 0.726468 0.353485 0.747553 0.353916 0.745858 0.346601 0.745105 0.34488 0.725527 0.343804
1 0.71875 0.3892 0.720256 0.399527 0.721009 0.399527 0.726657 0.399312 0.734752 0.399527 0.737199 0.399742 0.73927 0.398666 0.740964 0.396945 0.740023 0.394793 0.73927 0.393503 0.738893 0.388339 0.737011 0.388554 0.723645 0.388124 0.719691 0.388339
1 0.231363 0.509682 0.228539 0.516566 0.227221 0.520869 0.227786 0.521945 0.247741 0.522375 0.251506 0.510542
1 0.265625 0.510972 0.266566 0.510757 0.283697 0.513769 0.281815 0.526033 0.262236 0.524312
1 0.46009 0.507315 0.458208 0.519363 0.458773 0.519793 0.46762 0.519363 0.477598 0.520009 0.482304 0.519793 0.483622 0.50796 0.482869 0.506885
1 0.600715 0.512048 0.625941 0.513769 0.626318 0.527969 0.60128 0.526463
1 0.67244 0.523236 0.673004 0.535929 0.646461 0.535929 0.646461 0.522375
1 0.699736 0.518933 0.700489 0.533348 0.72741 0.533133 0.726657 0.519363
1 0.770708 0.528614 0.774473 0.542599 0.748682 0.542169 0.746988 0.527754
1 0.691453 0.461274 0.692206 0.472892 0.716303 0.472246 0.714608 0.459552
1 0.64552 0.461059 0.646461 0.472676 0.669804 0.472031 0.667545 0.460198
1 0.60241 0.46321 0.60241 0.474828 0.624247 0.476549 0.62387 0.464716
1 0.387801 0.633821 0.385542 0.650172 0.409827 0.653614 0.412274 0.637048 0.402485 0.636188 0.397214 0.634682
1 0.419804 0.625645 0.418675 0.641136 0.445407 0.641781 0.446724 0.626076
1 0.464608 0.663081 0.463291 0.680293 0.491529 0.682014 0.492282 0.665448
1 0.632718 0.694277 0.634789 0.711058 0.660015 0.711058 0.660768 0.708046 0.66058 0.695353 0.659074 0.693201 0.632718 0.693632
1 0.675452 0.692556 0.676017 0.711489 0.706325 0.716222 0.704443 0.695353
1 0.726468 0.697504 0.727598 0.716222 0.757342 0.719019 0.755648 0.699871
1 0.603351 0.77216 0.573042 0.769793 0.573983 0.750215 0.600151 0.753227 0.601468 0.754733 0.603163 0.756885
1 0.705196 0.759466 0.706325 0.760972 0.70689 0.763769 0.70689 0.778614 0.677334 0.775172 0.67677 0.754948
1 0.77372 0.74247 0.775791 0.760757 0.806664 0.762048 0.804593 0.742685
1 0.766002 0.684596 0.766566 0.690404 0.764684 0.691265 0.766378 0.703313 0.801205 0.702022 0.797063 0.684596
1 0.855986 0.683735 0.857304 0.701377 0.827748 0.695783 0.826431 0.679002
1 0.520331 0.736446 0.518825 0.754948 0.545181 0.758176 0.545934 0.739028
1 0.461408 0.744836 0.461032 0.761403 0.489646 0.762263 0.48927 0.743761 0.461596 0.74333
1 0.370105 0.73537 0.368599 0.744621 0.368035 0.753657 0.397214 0.756454 0.397967 0.740749 0.396084 0.737737
1 0.330384 0.731497 0.327937 0.74204 0.327372 0.749139 0.352598 0.754088 0.356363 0.736446
1 0.294428 0.720095 0.291604 0.731067 0.290474 0.736661 0.303087 0.740534 0.3157 0.743546 0.319277 0.727194 0.318148 0.726119 0.297063 0.720525
1 0.255648 0.716867 0.254895 0.717943 0.253577 0.724182 0.252636 0.732143 0.252259 0.733649 0.277485 0.736876 0.280309 0.719664
1 0.222703 0.710843 0.220444 0.716222 0.218374 0.727194 0.244541 0.730207 0.248494 0.713425 0.224209 0.709552
1 0.190889 0.710628 0.189006 0.717298 0.186747 0.728916 0.211785 0.732358 0.213667 0.712995
1 0.225151 0.659423 0.22195 0.672978 0.198983 0.671256 0.20256 0.655766 0.224774 0.658133
1 0.230045 0.660069 0.225904 0.677065 0.255271 0.680293 0.25866 0.66222
1 0.325866 0.668029 0.326807 0.683305 0.30064 0.685456 0.301205 0.66975
1 0.340926 0.672117 0.338291 0.684596 0.337914 0.688253 0.361446 0.693847 0.36314 0.693201 0.365776 0.677065
1 0.377447 0.675774 0.375753 0.684165 0.375 0.691265 0.375188 0.693417 0.402673 0.694492 0.403614 0.677065
1 0.415286 0.68352 0.41491 0.700301 0.442771 0.700086 0.442395 0.682444
1 0.522214 0.706756 0.522026 0.724398 0.552146 0.724828 0.551958 0.707831 0.550452 0.706971 0.523155 0.706325
1 0.764872 0.625 0.764119 0.636403 0.793675 0.643718 0.792733 0.625645 0.769202 0.62457
1 0.262613 0.693847 0.259977 0.704819 0.259036 0.710198 0.260542 0.710843 0.283886 0.714501 0.287462 0.69901 0.286145 0.697504
1 0.751506 0.637478 0.753953 0.654475 0.723268 0.653184 0.722139 0.636403
1 0.635166 0.751291 0.635354 0.765491 0.63573 0.771945 0.636672 0.772806 0.636672 0.774957 0.661898 0.774957 0.660392 0.751291
