1 0.067018 0.173623 0.068336 0.193417 0.096762 0.190189 0.094503 0.169535
1 0.100151 0.147375 0.099586 0.167814 0.128577 0.167384 0.1282 0.14673
1 0.177334 0.114673 0.177711 0.136403 0.211973 0.130594 0.211596 0.109725
2 0.342244 0.083262 0.34262 0.111661 0.490211 0.103055 0.489458 0.076162
1 0.57003 0.058305 0.568712 0.100904 0.606175 0.101119 0.607304 0.057014
1 0.037462 0.414157 0.03991 0.43395 0.05497 0.43352 0.052523 0.412866
1 0.459902 0.351764 0.458208 0.396945 0.478916 0.397806 0.479857 0.351334
3 0.716679 0.285929 0.712914 0.329389 0.781062 0.33068 0.783886 0.288726
3 0.158133 0.334983 0.160015 0.358864 0.212538 0.353916 0.211973 0.333046
2 0.787651 0.363382 0.786521 0.378227 0.801581 0.378442 0.802146 0.375645 0.841679 0.376291 0.841867 0.363382
1 0.812124 0.377367 0.810241 0.400387 0.847703 0.403184 0.850339 0.380809
4 0.713291 0.41136 0.710467 0.466867 0.7532 0.466652 0.756212 0.41136
4 0.29311 0.407917 0.295557 0.449871 0.334149 0.449871 0.333961 0.407272
4 0.948983 0.366394 0.944465 0.406626 0.969315 0.405551 0.972892 0.366609
4 0.945595 0.298838 0.941265 0.341222 0.976092 0.340361 0.977974 0.297117
4 0.659639 0.141566 0.658697 0.180077 0.6875 0.163726 0.688818 0.12457
