1 0.042357 0.681153 0.061935 0.684165 0.059676 0.703313 0.036898 0.69858
1 0.11634 0.765706 0.139495 0.769578 0.141943 0.776248 0.139119 0.789802 0.112199 0.785069
1 0.130271 0.694277 0.155685 0.698795 0.155497 0.703744 0.15192 0.719234 0.126694 0.714071
1 0.156815 0.632745 0.178464 0.634897 0.176205 0.653399 0.152861 0.649527
1 0.169051 0.570998 0.192583 0.57401 0.188441 0.591437 0.165286 0.587134
1 0.260354 0.557659 0.284074 0.561317 0.285015 0.563683 0.280685 0.575732 0.255648 0.572074
1 0.248494 0.601334 0.274661 0.604561 0.271273 0.620482 0.244729 0.616824
1 0.236069 0.648666 0.262048 0.65383 0.262613 0.658133 0.258283 0.672978 0.230798 0.666523
1 0.223645 0.697935 0.252824 0.702668 0.246235 0.722676 0.21762 0.717943
1 0.206137 0.751506 0.235505 0.75753 0.231363 0.777754 0.200489 0.771945
1 0.290851 0.790448 0.322477 0.797547 0.318712 0.820138 0.286333 0.813038
1 0.306476 0.726549 0.337161 0.735155 0.330761 0.755164 0.301205 0.745052
1 0.318901 0.654475 0.347892 0.658993 0.345256 0.677496 0.314947 0.672978 0.318336 0.65426
1 0.382342 0.806799 0.413215 0.808735 0.418675 0.817771 0.415663 0.834552 0.379895 0.829819
1 0.388554 0.702022 0.417733 0.699656 0.421687 0.703744 0.421875 0.719664 0.388366 0.721386
1 0.400226 0.646084 0.432417 0.649312 0.430346 0.668244 0.397779 0.664587
1 0.480233 0.619836 0.512048 0.620912 0.509977 0.640921 0.478163 0.638984
1 0.481551 0.679862 0.513366 0.683305 0.513366 0.703528 0.479669 0.69901
1 0.475339 0.750645 0.509601 0.753873 0.509601 0.775602 0.473645 0.7713
1 0.469691 0.815189 0.506777 0.819707 0.505836 0.843158 0.468562 0.839286
1 0.573042 0.819062 0.609752 0.824871 0.608622 0.848107 0.572101 0.841867
1 0.564006 0.74247 0.596386 0.753012 0.598268 0.756885 0.595068 0.774312 0.559864 0.761403
1 0.563441 0.679647 0.596009 0.683735 0.596197 0.703528 0.562876 0.69901 0.563441 0.680077
1 0.665474 0.83025 0.703313 0.829389 0.705949 0.855207 0.667357 0.85327
1 0.750753 0.796041 0.774473 0.800129 0.775038 0.82315 0.75113 0.818632
1 0.758095 0.759251 0.792169 0.75753 0.794804 0.77883 0.759224 0.77926
1 0.842809 0.720525 0.875565 0.720955 0.880083 0.741179 0.845821 0.74247
1 0.920557 0.799268 0.955572 0.801635 0.958773 0.823365 0.924322 0.819492
1 0.912274 0.731713 0.943712 0.732358 0.948042 0.752797 0.915474 0.752582
2 0.356363 0.915232 0.402297 0.922978 0.398532 0.935026 0.353539 0.927281
1 0.305158 0.968589 0.335467 0.972031 0.341679 0.980852 0.338291 0.998279 0.302523 0.994621
