1 0.389684 0.411575 0.386483 0.429002 0.42131 0.429862 0.422252 0.428141 0.423758 0.412866
2 0.311182 0.23537 0.309488 0.245482 0.353163 0.240749 0.353539 0.232143
1 0.396273 0.302926 0.400038 0.313253 0.403426 0.314114 0.42677 0.307014 0.427711 0.299699 0.418486 0.296256
1 0.44936 0.427496 0.451242 0.444707 0.486446 0.439759 0.484187 0.422978
1 0.565324 0.409423 0.564006 0.445353 0.579631 0.446429 0.582643 0.443847 0.582643 0.412435 0.576619 0.408993
1 0.713855 0.385757 0.718185 0.399527 0.747553 0.400387 0.745858 0.393503 0.743411 0.386403
1 0.81683 0.432659 0.823042 0.449871 0.836973 0.448795 0.856551 0.447289 0.849962 0.429862
1 0.421498 0.5 0.420181 0.520439 0.461596 0.518503 0.462161 0.498709 0.461408 0.498279
1 0.526167 0.66932 0.528238 0.698795 0.575866 0.695783 0.577372 0.693201 0.574925 0.66889 0.572666 0.666308
1 0.626694 0.674484 0.62933 0.702022 0.675264 0.699871 0.673193 0.674053 0.669992 0.671687
1 0.735504 0.674484 0.742093 0.702238 0.746423 0.701807 0.786333 0.695353 0.779932 0.671472 0.776732 0.669105
1 0.78991 0.629303 0.803652 0.681153 0.823983 0.678571 0.826242 0.67642 0.811559 0.626721 0.810617 0.626506
1 0.893825 0.519578 0.901355 0.540017 0.90625 0.539802 0.942018 0.532702 0.932605 0.512263
4 0.52259 0.508391 0.530874 0.55895 0.60241 0.54432 0.59055 0.495697
