3 0.098833 0.120697 0.182229 0.123924 0.182041 0.144363 0.095068 0.142642
3 0.186182 0.124139 0.273155 0.123064 0.27052 0.143933 0.1843 0.140275
1 0.422063 0.103055 0.45802 0.106282 0.45802 0.120697 0.42131 0.115534
1 0.473456 0.12457 0.508848 0.127367 0.508471 0.140706 0.472892 0.138985
1 0.481739 0.070568 0.514872 0.075086 0.514496 0.087565 0.480422 0.083046
1 0.544616 0.079604 0.58189 0.082401 0.582267 0.095955 0.545746 0.092943
1 0.671498 0.41889 0.713291 0.419105 0.717432 0.431583 0.719691 0.444707 0.67244 0.442341 0.670557 0.419535
1 0.797063 0.427711 0.835655 0.432014 0.839232 0.456325 0.800264 0.451807
1 0.871235 0.431799 0.909262 0.431583 0.917357 0.457401 0.878389 0.456756
1 0.161709 0.681583 0.221762 0.680938 0.22195 0.71988 0.158321 0.718804
1 0.26939 0.680077 0.333584 0.680293 0.333208 0.716652 0.26939 0.716652
1 0.280874 0.591007 0.338667 0.592728 0.336408 0.631454 0.276732 0.623924
1 0.376694 0.68309 0.435429 0.682874 0.439571 0.720525 0.377071 0.722246
1 0.646461 0.690189 0.701807 0.69105 0.705572 0.723322 0.703313 0.725688 0.64759 0.724398
1 0.70369 0.629733 0.731175 0.631239 0.73381 0.697935 0.704819 0.697504
1 0.743411 0.650818 0.797252 0.65383 0.801581 0.686532 0.746235 0.682444
1 0.809488 0.599182 0.855798 0.598107 0.864458 0.626936 0.817959 0.629733
1 0.847892 0.695138 0.88366 0.687608 0.896273 0.687823 0.902673 0.716652 0.854104 0.722246
