4 0.25433 0.225688 0.235881 0.289157 0.265248 0.290663 0.282568 0.227194
4 0.297063 0.230207 0.282944 0.29389 0.311935 0.29475 0.325866 0.230637 0.298381 0.230852
4 0.335467 0.225258 0.324548 0.289372 0.357116 0.289802 0.365964 0.225043
4 0.372929 0.231928 0.363328 0.300559 0.398343 0.30185 0.405497 0.231713
4 0.413404 0.222461 0.407003 0.288511 0.441642 0.288511 0.445407 0.224613
4 0.49247 0.224613 0.495858 0.293675 0.523532 0.293675 0.521084 0.224828
4 0.528238 0.225258 0.532003 0.290663 0.562688 0.291308 0.557982 0.226549 0.53012 0.225904
4 0.578878 0.226979 0.583208 0.293244 0.615211 0.29346 0.611258 0.228055
4 0.619917 0.230422 0.625376 0.295826 0.657944 0.296472 0.649473 0.231497
4 0.667733 0.225688 0.674134 0.293029 0.704443 0.292814 0.696348 0.22784
4 0.703125 0.23494 0.711596 0.30099 0.744541 0.302065 0.731739 0.237306
4 0.740587 0.234079 0.752636 0.303787 0.785203 0.299699 0.769014 0.234294
4 0.780309 0.236661 0.790663 0.30142 0.820218 0.302711 0.805723 0.239888
4 0.84695 0.259682 0.85994 0.312177 0.886672 0.312823 0.870482 0.260972
4 0.879895 0.263554 0.893072 0.318417 0.92131 0.315835 0.904367 0.264415
4 0.926581 0.269578 0.938065 0.320783 0.966491 0.320568 0.947101 0.269793
4 0.151732 0.230207 0.133848 0.277324 0.156438 0.282487 0.173381 0.232143
4 0.119352 0.232788 0.100339 0.285069 0.125188 0.282917 0.138931 0.233003
4 0.08302 0.234725 0.05384 0.300559 0.079443 0.301205 0.107304 0.236446
4 0.037086 0.23537 0.003012 0.298193 0.025979 0.301205 0.057229 0.239888
4 0.45689 0.107573 0.452748 0.159423 0.477974 0.159423 0.479292 0.107573
