1 0.223798 0.657372 0.221875 0.672436 0.247596 0.671795 0.249519 0.65609
1 0.791346 0.678846 0.79399 0.69391 0.805529 0.694551 0.817788 0.69359 0.815385 0.680449 0.813221 0.678205
1 0.776683 0.559295 0.780529 0.572436 0.800721 0.570192 0.798558 0.560577 0.796154 0.557372
4 0.497596 0.977564 0.497596 0.983013 0.515865 0.982692 0.515625 0.977564
4 0.710337 0.97468 0.711058 0.980769 0.732692 0.979487 0.732212 0.973718
4 0.642788 0.977244 0.643269 0.98141 0.660577 0.98109 0.660337 0.976282
4 0.555048 0.991026 0.555769 0.995513 0.573798 0.994872 0.573317 0.991026
4 0.335337 0.977564 0.335577 0.982051 0.354327 0.983013 0.354808 0.977564
4 0.250481 0.974359 0.25024 0.978205 0.269471 0.978846 0.269471 0.975
4 0.166827 0.972115 0.166587 0.977244 0.186298 0.976603 0.186298 0.971795
