1 0.118223 0.446213 0.111446 0.464286 0.146273 0.466007 0.151355 0.447289 0.132718 0.445998
1 0.202372 0.417814 0.197477 0.436317 0.23494 0.436532 0.23814 0.417814 0.221574 0.417599 0.210843 0.417814
1 0.649096 0.380164 0.65192 0.396945 0.685994 0.398236 0.683735 0.387909 0.681288 0.381454
1 0.760354 0.363812 0.765437 0.378658 0.795557 0.379088 0.78991 0.364458 0.776355 0.363812 0.767884 0.363597
1 0.905309 0.428787 0.911333 0.445353 0.939947 0.445138 0.936182 0.435886 0.933358 0.428571 0.917733 0.428571
1 0.907191 0.531626 0.913404 0.550774 0.942395 0.545396 0.935429 0.527969 0.925264 0.529475 0.916039 0.530551
1 0.951242 0.546472 0.958584 0.567341 0.989646 0.565835 0.981175 0.545396 0.966679 0.546041
1 0.906062 0.584337 0.913404 0.604776 0.944842 0.597892 0.936935 0.579604 0.926017 0.58025 0.915474 0.582616
1 0.865023 0.621988 0.86634 0.631024 0.869164 0.640491 0.904179 0.636618 0.89872 0.616394 0.881589 0.619621
1 0.925452 0.625 0.93317 0.649957 0.966114 0.645439 0.961596 0.634251 0.956702 0.622418 0.939571 0.623924
1 0.884413 0.660499 0.891378 0.683735 0.892319 0.685456 0.928652 0.678571 0.92564 0.662651 0.92244 0.654475 0.903991 0.656411
1 0.782756 0.811532 0.787086 0.842298 0.831137 0.836704 0.826431 0.805723 0.805723 0.808735
1 0.39119 0.180077 0.388366 0.19105 0.41378 0.194492 0.415098 0.182229 0.401732 0.181153
1 0.246988 0.259682 0.243035 0.271299 0.27259 0.273021 0.276544 0.260542 0.260919 0.259682
1 0.184676 0.219449 0.182041 0.230207 0.195407 0.229346 0.208396 0.228701 0.21122 0.218374 0.203125 0.217943 0.195218 0.218374 0.189759 0.218589
1 0.681099 0.155766 0.682229 0.165232 0.692583 0.166523 0.702372 0.167599 0.707267 0.168029 0.705384 0.158778 0.695218 0.157487 0.685806 0.155551
1 0.601845 0.182659 0.602221 0.191265 0.612575 0.192986 0.626694 0.193847 0.626318 0.188253 0.624624 0.184165 0.61314 0.183305 0.605986 0.182659
