1 0.626694 0.23537 0.628953 0.245912 0.650979 0.245912 0.649473 0.238167 0.649096 0.23494
1 0.636483 0.213425 0.637801 0.222461 0.657568 0.223537 0.660203 0.220525 0.657944 0.21321
1 0.6875 0.207831 0.689571 0.219019 0.711408 0.219664 0.708773 0.206971
1 0.677334 0.235585 0.676958 0.239888 0.67884 0.245697 0.698795 0.246988 0.700489 0.246343 0.698795 0.236661 0.679217 0.2358
1 0.258848 0.273666 0.255648 0.283778 0.277673 0.285284 0.280309 0.276248 0.280309 0.274742
1 0.184864 0.267857 0.182605 0.279045 0.206325 0.276248 0.209149 0.26506
0 0.401167 0.001506 0.398343 0.012694 0.39759 0.029905 0.457643 0.025602 0.459149 0.000215 0.403426 0.000645
0 0.685806 0.00043 0.69936 0.047978 0.64119 0.044535 0.631401 0.000215 0.683547 0.000215
0 0.917357 0.031627 0.933547 0.061102 0.97628 0.071213 0.976657 0.068632 0.959337 0.041093 0.919616 0.031842
0 0.11314 0.000645 0.108057 0.024096 0.146461 0.011618 0.159262 0.005809 0.160768 0.000215
