1 0.383471 0.390275 0.419804 0.383821 0.420369 0.400387 0.412462 0.402969 0.383471 0.406411
1 0.460843 0.389415 0.496047 0.384036 0.498117 0.385327 0.499812 0.401678 0.462349 0.407272
1 0.517508 0.3821 0.555346 0.38167 0.556288 0.399742 0.518072 0.400387 0.517696 0.398021
1 0.572101 0.353916 0.58942 0.35284 0.608622 0.351119 0.612387 0.366609 0.611069 0.367255 0.574736 0.371342
1 0.664345 0.377582 0.677334 0.378658 0.702184 0.379733 0.704819 0.396515 0.689571 0.396945 0.665663 0.395439
1 0.815889 0.372418 0.836032 0.372418 0.851468 0.371127 0.853916 0.37457 0.85448 0.378442 0.85881 0.388769 0.838291 0.389845 0.822477 0.389845
1 0.88573 0.427926 0.919804 0.42685 0.927711 0.446429 0.890437 0.447504
1 0.948795 0.44901 0.982492 0.446859 0.991905 0.467083 0.955761 0.467943
1 0.327184 0.600688 0.371423 0.601764 0.368976 0.627367 0.365211 0.629303 0.322666 0.628012 0.322289 0.62457
1 0.445218 0.600258 0.487952 0.599828 0.490776 0.604776 0.490211 0.625861 0.444089 0.627797 0.443524 0.621773
1 0.597703 0.708046 0.647967 0.706971 0.652673 0.738597 0.599209 0.738812
1 0.727033 0.703528 0.777861 0.703098 0.784074 0.73537 0.731363 0.736446
1 0.795557 0.693417 0.842997 0.682444 0.845068 0.684165 0.854292 0.711489 0.852221 0.715361 0.805535 0.726119 0.801393 0.716867
1 0.224209 0.69858 0.264307 0.701377 0.267696 0.706325 0.263178 0.731713 0.21762 0.72784
2 0.121235 0.449871 0.116905 0.464501 0.167733 0.494191 0.177334 0.483649
