0 0.14399 0.382692 0.128846 0.410897 0.188702 0.419231 0.194471 0.405769 0.202644 0.389103
0 0.310817 0.399679 0.300962 0.431731 0.358894 0.435577 0.364904 0.404167
1 0.447596 0.53718 0.445913 0.545833 0.466587 0.546474 0.467548 0.538141
1 0.698317 0.549038 0.702163 0.557372 0.721875 0.559295 0.71875 0.550962
1 0.83726 0.510256 0.841346 0.519231 0.862019 0.517308 0.858413 0.508654
3 0.830769 0.544551 0.833894 0.560256 0.9125 0.550641 0.907933 0.533974
1 0.143269 0.700321 0.138702 0.71218 0.165144 0.713782 0.169471 0.700962
1 0.239663 0.678205 0.236298 0.690064 0.2625 0.690064 0.264904 0.678205
1 0.229567 0.707372 0.227404 0.715705 0.225721 0.720192 0.253365 0.720513 0.25601 0.707692
1 0.588942 0.707692 0.589904 0.720833 0.615385 0.719872 0.614183 0.707372
1 0.665625 0.710256 0.663702 0.721154 0.66899 0.72468 0.690865 0.725641 0.691106 0.717628
1 0.841586 0.652564 0.845192 0.663782 0.86899 0.664423 0.864183 0.652244
1 0.855288 0.684295 0.859615 0.696154 0.884615 0.697115 0.880529 0.684615
1 0.941106 0.680449 0.947115 0.694551 0.971635 0.694551 0.965625 0.68141
1 0.901202 0.625962 0.908894 0.635897 0.929087 0.628526 0.923558 0.622115 0.905769 0.623718
0 0.494712 0.377244 0.464663 0.403205 0.463462 0.408333 0.475 0.415385 0.503365 0.413141 0.501683 0.377885
1 0.291587 0.503846 0.292308 0.511859 0.312981 0.509936 0.311779 0.500641
