0 0.000753 0.138124 0.02259 0.126936 0.05177 0.114673 0.046498 0.123279 0.045557 0.160929 0.000188 0.172978
0 0.025791 0.170181 0.069089 0.162651 0.084149 0.158133 0.082455 0.174268 0.072666 0.203313 0.013554 0.215792 0.022026 0.189329 0.025602 0.183305
0 0.011483 0.223752 0.03558 0.218589 0.041039 0.218804 0.073419 0.210198 0.068712 0.231282 0.069277 0.261618 0.005836 0.27883 0.007342 0.259897 0.010542 0.23537
0 0.068524 0.1108 0.085843 0.106067 0.125753 0.099828 0.123117 0.1179 0.119917 0.14006 0.057229 0.152324 0.059676 0.135112 0.064006 0.130379 0.066642 0.111661
0 0.089797 0.156196 0.120105 0.151893 0.151355 0.147806 0.149849 0.158778 0.142884 0.178571 0.141002 0.192986 0.07869 0.202238 0.084902 0.17685 0.087914 0.172332 0.088667 0.16222
0 0.078313 0.210843 0.13686 0.19858 0.144767 0.197504 0.139119 0.225258 0.137989 0.250861 0.071724 0.261833 0.074925 0.235155 0.077748 0.216867
0 0.275038 0.086704 0.340926 0.070568 0.341491 0.093589 0.341303 0.124355 0.310806 0.130809 0.297252 0.137048 0.274849 0.143933 0.275038 0.114673
0 0.279932 0.143287 0.294804 0.13963 0.328125 0.130164 0.348833 0.123064 0.353727 0.154045 0.352974 0.187608 0.308547 0.198365 0.280685 0.201592 0.280309 0.19148
0 0.365964 0.121558 0.44183 0.111876 0.444842 0.171041 0.367658 0.179862
0 0.36634 0.068417 0.393825 0.06605 0.423569 0.058735 0.43637 0.055723 0.44183 0.111446 0.367093 0.120052
0 0.567018 0.053141 0.603916 0.048623 0.633283 0.046256 0.637801 0.039802 0.648908 0.091867 0.64439 0.095095 0.576431 0.098967 0.569277 0.064544
0 0.57869 0.112091 0.653426 0.107573 0.662274 0.143287 0.666039 0.158563 0.619541 0.162005 0.587914 0.163941
0 0.669239 0.107788 0.741529 0.106928 0.755459 0.157272 0.682417 0.157702
0 0.665663 0.095525 0.663215 0.077453 0.655685 0.049914 0.725339 0.047547 0.735693 0.082616 0.737387 0.098322 0.666227 0.100688
0 0.653238 0.040448 0.644014 0.009251 0.641943 0.001291 0.708584 0.00043 0.720444 0.037651
0 0.735881 0.050129 0.759977 0.048623 0.799887 0.05142 0.814571 0.099828 0.748682 0.100473 0.744352 0.076592 0.73814 0.059165
0 0.754895 0.104131 0.804782 0.105852 0.82003 0.104346 0.829066 0.125861 0.836408 0.151893 0.836596 0.155766 0.769202 0.155551 0.76619 0.146084 0.76186 0.138339 0.757907 0.113597
0 0.068336 0.481067 0.090738 0.479131 0.091303 0.493546 0.06683 0.495482
0 0.076242 0.412866 0.099962 0.412005 0.098833 0.427065 0.075866 0.428141
0 0.368788 0.438038 0.397779 0.435456 0.400226 0.451807 0.369541 0.453313
0 0.363328 0.5071 0.392319 0.502367 0.394202 0.518072 0.364458 0.523666
0 0.485504 0.493115 0.514872 0.489028 0.516754 0.506024 0.487575 0.509682
0 0.485504 0.450947 0.51506 0.449656 0.51619 0.465792 0.516378 0.466652 0.487011 0.467728
0 0.823795 0.346816 0.848456 0.342513 0.852221 0.359079 0.828502 0.362306
0 0.852598 0.432229 0.878012 0.429432 0.882342 0.449656 0.856928 0.451377
0 0.899661 0.483003 0.923193 0.474398 0.927711 0.490318 0.904932 0.498494
