0 0.147402 0.034423 0.138931 0.042814 0.133095 0.067126 0.192959 0.057444 0.195218 0.046256 0.202937 0.026893
0 0.597139 0.0 0.599209 0.012048 0.602221 0.024957 0.651167 0.025818 0.662086 0.025387 0.65512 0.0
4 0.185617 0.530336 0.178276 0.586274 0.188818 0.585198 0.195595 0.52883
4 0.20256 0.525818 0.194277 0.594664 0.203125 0.593804 0.209714 0.526248
4 0.237575 0.457831 0.232492 0.520654 0.24134 0.520224 0.245482 0.458262
4 0.262989 0.466222 0.261672 0.504088 0.268072 0.503012 0.269014 0.466222
4 0.274473 0.469449 0.27372 0.506024 0.279367 0.504518 0.280497 0.468374
4 0.287839 0.460843 0.285203 0.498279 0.291227 0.497418 0.292545 0.460628
4 0.300075 0.520869 0.300264 0.591007 0.308358 0.590146 0.307982 0.519363
4 0.443148 0.514845 0.427334 0.58154 0.439006 0.583907 0.452748 0.517212
4 0.467997 0.460413 0.454254 0.522375 0.464044 0.523021 0.477974 0.46321
4 0.510542 0.510972 0.500188 0.582616 0.509789 0.584122 0.518637 0.512263
4 0.537274 0.508176 0.533321 0.569923 0.546498 0.569923 0.549511 0.50796
4 0.673004 0.437823 0.689759 0.501936 0.699925 0.499139 0.681852 0.435671
4 0.92997 0.581756 0.948042 0.641566 0.958584 0.638554 0.939194 0.578313
