1 0.530685 0.260542 0.554782 0.259682 0.555535 0.270009 0.531815 0.269793
1 0.784074 0.24957 0.805911 0.251506 0.809488 0.261188 0.786709 0.259897
1 0.802334 0.30099 0.826807 0.299699 0.831325 0.311317 0.807229 0.312608
1 0.176958 0.39716 0.19936 0.395224 0.197101 0.408133 0.173005 0.410069
1 0.122929 0.509036 0.149096 0.50043 0.150979 0.514415 0.123117 0.523881
1 0.262801 0.511188 0.291227 0.504733 0.292545 0.521945 0.262613 0.528399
1 0.281626 0.435671 0.306476 0.44148 0.302146 0.455895 0.276167 0.44858
2 0.408886 0.546472 0.443148 0.547978 0.442771 0.556799 0.442395 0.561102 0.408886 0.557229
2 0.392884 0.400818 0.418298 0.401248 0.418298 0.407917 0.392508 0.407702
1 0.698983 0.413511 0.724021 0.413081 0.727221 0.42599 0.701054 0.427065
4 0.676017 0.407917 0.683923 0.461059 0.715738 0.462349 0.716491 0.461704 0.71009 0.427281 0.700489 0.427496 0.698607 0.412866 0.707831 0.412651 0.707267 0.409423
1 0.677146 0.475688 0.692959 0.475688 0.69936 0.509251 0.683735 0.510112
1 0.764872 0.435671 0.791792 0.43438 0.797252 0.450301 0.768637 0.451592
1 0.78125 0.459552 0.810617 0.461489 0.812688 0.476979 0.78238 0.475473
2 0.836785 0.546256 0.862011 0.546256 0.863705 0.553356 0.837726 0.553571
2 0.824925 0.476979 0.848833 0.476334 0.850527 0.483219 0.826807 0.484079
2 0.848645 0.420826 0.870858 0.420181 0.871988 0.425559 0.849962 0.42642 0.847703 0.421041
1 0.929593 0.447935 0.953313 0.446429 0.959149 0.461274 0.933923 0.462995
1 0.939759 0.49204 0.965361 0.492685 0.969503 0.508176 0.943901 0.5071 0.939947 0.493546
2 0.94183 0.465361 0.964232 0.465792 0.965926 0.473107 0.943712 0.472031
2 0.573607 0.44105 0.589232 0.44148 0.58942 0.446213 0.574172 0.445783
2 0.646273 0.444277 0.660956 0.444492 0.661521 0.448365 0.646837 0.44815
1 0.476468 0.66932 0.494729 0.671687 0.49134 0.715792 0.472703 0.713855
1 0.622553 0.707616 0.655309 0.707831 0.657756 0.728485 0.623117 0.726979
2 0.370294 0.217943 0.380459 0.218158 0.376883 0.246988 0.365211 0.246343
1 0.766754 0.206971 0.789345 0.207831 0.791416 0.216007 0.76939 0.214716
3 0.14552 0.391997 0.167733 0.392642 0.165663 0.399527 0.142696 0.400387
