2 0.152297 0.196213 0.151732 0.206971 0.164533 0.207186 0.16491 0.202668 0.21555 0.200516 0.213855 0.19148 0.188253 0.193847 0.164345 0.195353
2 0.361446 0.160499 0.392131 0.158993 0.391566 0.165663 0.361069 0.167169
2 0.357869 0.123279 0.388366 0.121773 0.387989 0.128442 0.357492 0.129948
2 0.401167 0.131239 0.431664 0.129733 0.431099 0.136403 0.400602 0.137909
2 0.441642 0.130164 0.472139 0.128657 0.471574 0.135542 0.441077 0.136833
2 0.360316 0.199441 0.392131 0.19815 0.391566 0.205465 0.360504 0.206971
2 0.399096 0.040232 0.431288 0.038726 0.430911 0.045396 0.398532 0.046902
2 0.476845 0.041308 0.546875 0.03722 0.546122 0.05185 0.478351 0.055077
2 0.572854 0.052926 0.639119 0.049914 0.640625 0.061102 0.577184 0.06605
2 0.587914 0.107573 0.670934 0.105852 0.670557 0.119836 0.590738 0.121343
2 0.672816 0.045611 0.737387 0.045611 0.738893 0.059596 0.67677 0.059165
4 0.485504 0.395009 0.499247 0.392642 0.5 0.395439 0.485693 0.39716
4 0.355422 0.406411 0.366905 0.403399 0.368035 0.40512 0.355422 0.408563
4 0.226845 0.422547 0.24247 0.422978 0.243035 0.42599 0.226845 0.425344
4 0.247176 0.511833 0.260919 0.510757 0.261672 0.512478 0.246988 0.513769
4 0.15738 0.61037 0.169239 0.608864 0.170557 0.611446 0.157003 0.612737
4 0.163404 0.696644 0.175264 0.695353 0.176581 0.697935 0.163215 0.699226
4 0.282568 0.682659 0.293675 0.681583 0.294051 0.684165 0.282003 0.685026
4 0.271084 0.601119 0.284827 0.599613 0.284639 0.602625 0.271837 0.604131
4 0.387048 0.590146 0.400979 0.58821 0.400791 0.591222 0.387801 0.592513
4 0.381777 0.672547 0.395708 0.670396 0.39552 0.673408 0.38253 0.674914
4 0.493223 0.654475 0.505836 0.652969 0.505836 0.65512 0.493411 0.656842
4 0.494164 0.57358 0.506777 0.572074 0.506965 0.574871 0.494352 0.575947
4 0.628765 0.564114 0.641566 0.562608 0.641754 0.565404 0.629142 0.56648
4 0.625 0.474182 0.637236 0.47117 0.637613 0.473752 0.625376 0.476334
4 0.498682 0.485155 0.51186 0.483219 0.512236 0.4858 0.498682 0.487737
