1 0.509135 0.115705 0.547115 0.111218 0.548798 0.129808 0.51226 0.134295
2 0.710096 0.127244 0.754327 0.127244 0.755048 0.140064 0.711779 0.140705
3 0.349519 0.475 0.424279 0.478205 0.420673 0.504487 0.350481 0.503205
3 0.44375 0.495513 0.483173 0.490385 0.484615 0.5125 0.444471 0.517308
1 0.10601 0.705769 0.144712 0.684936 0.147356 0.704808 0.14399 0.71282 0.109135 0.732051
1 0.099279 0.77468 0.143029 0.761218 0.14375 0.791346 0.10024 0.80609
2 0.156731 0.749359 0.207933 0.750641 0.20601 0.76859 0.155769 0.766667
1 0.245433 0.660256 0.285817 0.651923 0.288702 0.675641 0.245673 0.68782
1 0.373798 0.64391 0.395913 0.642308 0.394471 0.697115 0.371154 0.697756
1 0.360817 0.714423 0.403365 0.707372 0.404327 0.738141 0.361058 0.743269
1 0.361538 0.775641 0.404808 0.769231 0.407452 0.800962 0.3625 0.806731
1 0.429327 0.763462 0.471875 0.765064 0.471635 0.795192 0.427404 0.793269
2 0.426202 0.751282 0.471154 0.748718 0.471875 0.762821 0.425721 0.763141
1 0.43149 0.694231 0.471394 0.694872 0.471154 0.724359 0.429087 0.721795
1 0.514423 0.765705 0.552164 0.78141 0.553365 0.784615 0.546394 0.810897 0.50625 0.791987 0.513462 0.766026
2 0.574038 0.748077 0.615144 0.746154 0.617067 0.778205 0.57524 0.778526
1 0.618269 0.741346 0.6625 0.733013 0.667308 0.761859 0.623317 0.770192 0.61875 0.741346
1 0.670913 0.760577 0.682933 0.759615 0.684615 0.768269 0.672115 0.769231
1 0.734856 0.763782 0.746154 0.761538 0.747596 0.769872 0.736298 0.772436
1 0.79976 0.7625 0.809375 0.761538 0.810817 0.770513 0.801202 0.771154
1 0.302404 0.767628 0.345192 0.7625 0.347115 0.791667 0.303365 0.798397
