1 0.275038 0.385542 0.275791 0.396084 0.294992 0.39006 0.295369 0.386618 0.294428 0.379518
1 0.287274 0.319923 0.283886 0.328744 0.302146 0.329174 0.304593 0.320783
1 0.151732 0.356067 0.148908 0.361231 0.148343 0.365534 0.16491 0.365103 0.166416 0.35994 0.165474 0.356067
1 0.65512 0.215146 0.65625 0.221386 0.671687 0.221601 0.671875 0.219664 0.670369 0.215577
1 0.672063 0.270654 0.673946 0.277969 0.689571 0.277969 0.690136 0.276248 0.687876 0.270224
1 0.691642 0.328313 0.694277 0.337349 0.711973 0.335413 0.709902 0.326592
3 0.671687 0.346816 0.670181 0.365534 0.745294 0.366179 0.746611 0.348967
1 0.102786 0.544966 0.100339 0.557229 0.119729 0.556368 0.121047 0.555077 0.122553 0.544105
1 0.759036 0.553356 0.76186 0.566695 0.784262 0.56691 0.781626 0.553356
1 0.868035 0.538942 0.871988 0.55142 0.891943 0.550774 0.888366 0.539587
1 0.814759 0.685886 0.819654 0.717298 0.832455 0.717513 0.827184 0.686532 0.824925 0.685886
