1 0.026544 0.695353 0.014119 0.719449 0.046122 0.734079 0.058358 0.708907
1 0.137236 0.731713 0.128953 0.759036 0.167733 0.768503 0.175075 0.740318
1 0.29631 0.739243 0.291039 0.768933 0.337914 0.774957 0.341867 0.750645 0.340173 0.744621
1 0.40305 0.76463 0.400414 0.794535 0.449925 0.798838 0.450489 0.769578
1 0.49567 0.759036 0.496047 0.790017 0.545746 0.788726 0.544616 0.757745
1 0.572477 0.741824 0.570971 0.765275 0.610504 0.77173 0.612199 0.756024 0.60881 0.746773 0.576054 0.740964
1 0.685617 0.762263 0.691265 0.793244 0.737199 0.788296 0.740023 0.785069 0.735316 0.75796 0.732304 0.756885 0.688441 0.761403
1 0.737011 0.720955 0.743411 0.748709 0.78878 0.745052 0.782191 0.716222 0.73927 0.71988
1 0.763554 0.821644 0.764872 0.854561 0.815136 0.861661 0.816642 0.859509 0.814947 0.834122 0.810994 0.828528 0.804593 0.826807
1 0.214232 0.596386 0.208584 0.619836 0.250753 0.62543 0.255271 0.601764 0.216114 0.59617
1 0.405309 0.634251 0.40512 0.660499 0.450113 0.657057 0.449925 0.6321 0.447477 0.631239 0.407191 0.634251
1 0.660203 0.633176 0.665474 0.66136 0.709337 0.654045 0.70369 0.628012
1 0.808358 0.643933 0.813253 0.669535 0.856363 0.66932 0.853351 0.646515 0.849962 0.643287
1 0.837161 0.763769 0.845444 0.794966 0.894578 0.788511 0.887425 0.761833 0.88253 0.757745
1 0.925452 0.754518 0.9343 0.783993 0.978163 0.776678 0.968185 0.748064 0.961973 0.749355
1 0.898908 0.641351 0.906438 0.66846 0.948419 0.666093 0.941453 0.64006 0.939194 0.64006
1 0.966867 0.613812 0.974774 0.638339 1.0 0.640706 0.999812 0.616394
1 0.122553 0.437392 0.119917 0.442341 0.116152 0.453744 0.143261 0.454819 0.149661 0.438038
1 0.170369 0.436102 0.163968 0.452668 0.193712 0.45568 0.199172 0.439759 0.197477 0.438683
1 0.21442 0.437392 0.211596 0.446859 0.209902 0.455034 0.241152 0.454604 0.245482 0.437823 0.244541 0.437392
1 0.262613 0.455034 0.256965 0.472892 0.287274 0.475473 0.290474 0.464501 0.291416 0.456325 0.263742 0.454819
1 0.343185 0.416093 0.339985 0.433735 0.375941 0.433735 0.378389 0.420396 0.376883 0.415663 0.345821 0.416093
1 0.428652 0.428787 0.426205 0.446644 0.463479 0.447504 0.464985 0.445353 0.465173 0.430077 0.464232 0.428356 0.459714 0.429002 0.432794 0.429002
1 0.154744 0.347892 0.149849 0.361231 0.176958 0.362306 0.182417 0.348752
1 0.199925 0.348107 0.194465 0.361661 0.220821 0.363167 0.225339 0.349182
1 0.240776 0.346386 0.237387 0.360155 0.267508 0.360155 0.270331 0.347461 0.269767 0.34617
1 0.278803 0.381885 0.275602 0.397375 0.307229 0.396945 0.310617 0.380379 0.28012 0.38167
1 0.427334 0.336704 0.425828 0.350688 0.455384 0.348322 0.46009 0.333907 0.458773 0.333692
1 0.81363 0.452883 0.819089 0.472246 0.854669 0.471386 0.858434 0.469019 0.853351 0.451807 0.81683 0.452668
1 0.87387 0.442771 0.881212 0.461919 0.914345 0.461274 0.916039 0.460413 0.909262 0.442341 0.90625 0.44191
1 0.948795 0.454819 0.956137 0.473537 0.989834 0.473322 0.981551 0.453528 0.949736 0.453959
1 0.835655 0.363597 0.841867 0.379303 0.875 0.377151 0.875376 0.375861 0.868976 0.361231 0.836973 0.362522
1 0.750188 0.467298 0.753012 0.488167 0.791604 0.486876 0.786709 0.467083 0.758848 0.467728 0.753577 0.467513
1 0.661145 0.470095 0.664533 0.490103 0.704443 0.488382 0.700866 0.468374 0.662274 0.469664
1 0.48814 0.458046 0.48814 0.477625 0.527861 0.476979 0.527108 0.45611
1 0.572666 0.439759 0.573983 0.459337 0.614458 0.458477 0.612764 0.438038
1 0.487764 0.361446 0.488517 0.376291 0.502447 0.376076 0.505271 0.378873 0.526167 0.376936 0.524096 0.359509 0.521461 0.356713 0.513931 0.357573 0.488893 0.360585
1 0.57116 0.357573 0.572289 0.374139 0.608998 0.372849 0.607304 0.355207 0.599021 0.356067
1 0.652297 0.387694 0.654744 0.405336 0.691453 0.40512 0.688441 0.387048
1 0.725904 0.384897 0.729292 0.401893 0.766754 0.401463 0.763366 0.384897 0.752447 0.385327 0.748306 0.388984 0.739458 0.390275 0.732116 0.384897
1 0.789533 0.358003 0.795557 0.373709 0.829631 0.372849 0.823795 0.356282
1 0.879895 0.339716 0.888178 0.354991 0.919428 0.351119 0.910203 0.336274
1 0.927334 0.33778 0.93317 0.352194 0.963667 0.35241 0.95689 0.337995
1 0.385919 0.22031 0.413215 0.218589 0.411709 0.230422 0.383471 0.231497 0.385354 0.22074
1 0.529367 0.221816 0.551581 0.221816 0.551958 0.233649 0.524285 0.233003 0.526732 0.22117
1 0.315324 0.222461 0.312124 0.233003 0.340926 0.232358 0.341679 0.221601
1 0.330572 0.170396 0.330196 0.179862 0.356175 0.175559 0.355798 0.166523
1 0.350527 0.116394 0.347327 0.125645 0.371047 0.12457 0.374435 0.114888
1 0.398343 0.159208 0.397402 0.167384 0.422252 0.165663 0.422628 0.157057
1 0.576807 0.238812 0.605986 0.239243 0.607116 0.251506 0.575866 0.25043
1 0.685429 0.220525 0.71442 0.219449 0.718374 0.228701 0.688441 0.229776
1 0.623494 0.194492 0.624247 0.20525 0.652861 0.205895 0.65192 0.194277
1 0.572289 0.195138 0.57323 0.20525 0.601657 0.205034 0.600339 0.194492
