1 0.299134 0.194923 0.295181 0.202883 0.294804 0.214501 0.344503 0.211274 0.345444 0.202453 0.342997 0.192556
1 0.274473 0.265491 0.269955 0.28722 0.32323 0.283778 0.324925 0.273666 0.322666 0.262478
1 0.265625 0.340792 0.262048 0.366179 0.317583 0.359725 0.320783 0.33821 0.318336 0.334768
1 0.377071 0.395009 0.381212 0.424699 0.442771 0.409208 0.437876 0.381024
1 0.496988 0.368546 0.501318 0.395224 0.560806 0.385757 0.554405 0.359725
1 0.761107 0.379518 0.767508 0.406196 0.82323 0.408993 0.815512 0.381024
1 0.741717 0.312823 0.747176 0.336704 0.799699 0.339071 0.794239 0.31562
1 0.009224 0.688683 0.0 0.717943 0.0 0.732143 0.058547 0.733864 0.069089 0.689544
1 0.088291 0.753227 0.081514 0.800774 0.155497 0.799053 0.159639 0.751506
1 0.073795 0.814114 0.066077 0.864243 0.138178 0.862952 0.144014 0.818417 0.13686 0.811532
1 0.18637 0.771084 0.183547 0.820783 0.261107 0.811962 0.260919 0.768933 0.25433 0.763339
1 0.171875 0.842513 0.166227 0.895869 0.245105 0.896515 0.249812 0.851549 0.243035 0.841437
3 0.304029 0.7358 0.297252 0.784208 0.408697 0.785714 0.411898 0.738597
1 0.451054 0.765491 0.449925 0.819492 0.537274 0.818847 0.53558 0.766781
1 0.450678 0.845525 0.453878 0.900602 0.539533 0.892212 0.540474 0.8821 0.536333 0.837134
1 0.875753 0.557659 0.882718 0.594234 0.94183 0.600688 0.937876 0.579604 0.93317 0.564114
1 0.920934 0.652324 0.929405 0.693201 0.991152 0.695783 0.983622 0.657917 0.979292 0.65512
