1 0.177899 0.414587 0.178464 0.434596 0.210467 0.439329 0.210279 0.41846
1 0.14119 0.354131 0.143637 0.374785 0.17564 0.373064 0.172063 0.351979
1 0.093938 0.355207 0.096386 0.374139 0.127259 0.370912 0.12387 0.350473
1 0.053464 0.38296 0.057794 0.402539 0.085279 0.39759 0.080761 0.377797
1 0.096009 0.401678 0.096762 0.421041 0.127259 0.422978 0.127259 0.406196 0.124247 0.402969 0.12067 0.402969 0.098645 0.401678
1 0.060806 0.42642 0.062312 0.444707 0.092056 0.445138 0.089044 0.425129
1 0.000188 0.342513 0.027485 0.339501 0.029932 0.359725 0.000941 0.363167 0.000377 0.357573
1 0.003389 0.386618 0.007154 0.405766 0.03558 0.402324 0.031815 0.38253 0.028803 0.38253
1 0.013931 0.422117 0.012048 0.439544 0.040851 0.451807 0.040098 0.43309
1 0.14552 0.202022 0.147402 0.222031 0.180535 0.218374 0.179029 0.202453 0.177334 0.19815 0.146649 0.201162
