0 0.086032 0.209983 0.077184 0.232358 0.077937 0.242685 0.077937 0.252367 0.075678 0.259466 0.103916 0.257745 0.112199 0.257745 0.131777 0.25753 0.139119 0.256885 0.145143 0.230422 0.148155 0.205895 0.133848 0.209122 0.115399 0.208477
0 0.36314 0.167599 0.36747 0.229561 0.427146 0.222246 0.448607 0.222676 0.440889 0.163941
0 0.665474 0.151678 0.669051 0.197289 0.737764 0.198795 0.730986 0.153184
4 0.834902 0.726334 0.836032 0.732143 0.865023 0.730207 0.864081 0.724182
4 0.432041 0.746773 0.432041 0.75667 0.490776 0.75796 0.490023 0.747418
4 0.232681 0.739673 0.233057 0.75 0.288592 0.751721 0.288404 0.742685
4 0.041792 0.704389 0.041227 0.710413 0.069465 0.71278 0.07003 0.706756
1 0.680346 0.511833 0.680346 0.527539 0.708961 0.530336 0.708396 0.515491
1 0.788215 0.511833 0.788968 0.527539 0.8157 0.526463 0.81363 0.510972
1 0.776732 0.403184 0.777485 0.417384 0.802899 0.417384 0.803464 0.405766 0.799322 0.402754
1 0.676393 0.40383 0.677523 0.418029 0.70369 0.417384 0.702184 0.402969 0.677711 0.403399
