0 0.740964 0.158778 0.812124 0.16975 0.821348 0.223322 0.748306 0.210198
3 0.14552 0.441265 0.205196 0.44191 0.201242 0.457831 0.141943 0.453959
3 0.178087 0.383606 0.216303 0.384682 0.214797 0.398236 0.17564 0.398236
3 0.153803 0.362091 0.187124 0.358219 0.183923 0.374139 0.150226 0.376936
1 0.107869 0.645439 0.139307 0.645009 0.138554 0.664587 0.106175 0.664372
1 0.156438 0.646084 0.189006 0.647375 0.187688 0.666523 0.155309 0.664587
2 0.215926 0.599182 0.273908 0.60284 0.273908 0.618761 0.214232 0.6179 0.215361 0.598967
1 0.225339 0.663511 0.257907 0.662005 0.257342 0.681153 0.226092 0.682444
2 0.325113 0.669966 0.356551 0.670826 0.358434 0.69105 0.32436 0.688683
1 0.354857 0.589716 0.385354 0.588425 0.386483 0.588855 0.386295 0.607358 0.354104 0.608003 0.354669 0.593158
2 0.327748 0.57358 0.389119 0.572074 0.391378 0.58821 0.348645 0.587995 0.346574 0.590577 0.328313 0.591222
3 0.413404 0.667169 0.502259 0.669105 0.501506 0.689329 0.412086 0.685671
1 0.509224 0.66932 0.54311 0.666954 0.545181 0.688038 0.511107 0.688898 0.509224 0.670611
1 0.55817 0.630379 0.591303 0.629948 0.590738 0.648666 0.591114 0.650602 0.557605 0.649957
