0 0.375188 0.106067 0.369729 0.121988 0.36634 0.146084 0.403614 0.150387 0.442959 0.150387 0.451807 0.149527 0.453878 0.108864
0 0.364081 0.14673 0.35561 0.201592 0.446536 0.205034 0.450113 0.150602 0.405309 0.151463
0 0.729857 0.171472 0.746047 0.222031 0.823983 0.229561 0.799699 0.178141
1 0.098268 0.386403 0.092997 0.402108 0.121611 0.402539 0.125753 0.385972
1 0.166416 0.359725 0.162462 0.375215 0.190889 0.375 0.192959 0.372849 0.196536 0.359725
1 0.232681 0.363597 0.229669 0.379088 0.260542 0.376936 0.263931 0.361016
1 0.214985 0.436532 0.209149 0.454174 0.242658 0.454604 0.246047 0.436317
1 0.29198 0.353055 0.290286 0.369836 0.319654 0.368546 0.323607 0.365534 0.325113 0.352625
1 0.281438 0.417384 0.278991 0.435241 0.3125 0.431799 0.314759 0.414157
1 0.346762 0.415448 0.344691 0.432874 0.379518 0.431583 0.381777 0.414157
1 0.387613 0.424914 0.384224 0.442986 0.410392 0.444492 0.420934 0.444492 0.422816 0.432874 0.420746 0.426635
1 0.391378 0.377151 0.39119 0.393933 0.42564 0.390491 0.42564 0.374139
1 0.441077 0.356282 0.439947 0.373494 0.475527 0.373064 0.475904 0.355852
1 0.442583 0.41846 0.440512 0.436747 0.477598 0.438468 0.478916 0.420396
1 0.491905 0.356928 0.491717 0.373709 0.526544 0.372633 0.526167 0.354776
1 0.492282 0.417814 0.491905 0.436532 0.527673 0.434811 0.528614 0.416308
1 0.542169 0.362952 0.543486 0.379948 0.577748 0.378012 0.576242 0.361231
1 0.543863 0.420611 0.542922 0.438898 0.579066 0.44148 0.580196 0.423838
1 0.60994 0.334337 0.61634 0.364458 0.63366 0.361016 0.62613 0.33154
1 0.61634 0.391997 0.614834 0.409639 0.651167 0.415232 0.651544 0.396945
1 0.681288 0.359294 0.68317 0.375 0.716867 0.378227 0.715361 0.361876
1 0.69823 0.421256 0.700678 0.438898 0.736069 0.439974 0.733998 0.422117
1 0.975715 0.362091 0.986446 0.391351 0.999812 0.390921 0.989646 0.361446
