0 0.328846 0.448397 0.314663 0.449038 0.289183 0.449038 0.268269 0.447756 0.261058 0.496154 0.26851 0.497756 0.2875 0.498718 0.29976 0.497436 0.308894 0.495192 0.317788 0.496795 0.324519 0.497756 0.329327 0.450641
0 0.453846 0.407372 0.395192 0.405449 0.392067 0.450962 0.452885 0.453526
0 0.615865 0.283333 0.562981 0.279487 0.564423 0.319231 0.619231 0.321154
0 0.604086 0.473397 0.54351 0.476603 0.549279 0.527885 0.6125 0.521474
0 0.732692 0.482051 0.669712 0.486859 0.677644 0.539744 0.743269 0.533333
3 0.183654 0.845833 0.129327 0.839744 0.126442 0.858013 0.18101 0.866987
3 0.305288 0.883654 0.278365 0.885256 0.275962 0.90641 0.279087 0.908013 0.305769 0.908013 0.306731 0.883974
1 0.355288 0.902564 0.329087 0.905449 0.329327 0.924038 0.338702 0.923077 0.355529 0.921154 0.35601 0.903846
4 0.439663 0.836218 0.396635 0.834295 0.395433 0.8625 0.438942 0.864744
1 0.582933 0.80032 0.559375 0.795833 0.557692 0.811538 0.558654 0.813462 0.581731 0.816346 0.582933 0.8125 0.583654 0.80032
1 0.583894 0.852564 0.559856 0.854487 0.56274 0.874359 0.586298 0.873077 0.584856 0.853846 0.584375 0.852885
1 0.589183 0.881731 0.563221 0.881731 0.564904 0.90032 0.591106 0.899359
