4 0.829819 0.704819 0.875 0.698795 0.881777 0.726979 0.83509 0.732573
4 0.835655 0.73537 0.883471 0.729346 0.889307 0.756454 0.839985 0.763769
4 0.839232 0.764845 0.884413 0.759036 0.892508 0.787005 0.842997 0.79475
4 0.843374 0.796902 0.893449 0.789372 0.899285 0.817771 0.848456 0.824656
4 0.851657 0.827883 0.902861 0.819277 0.907568 0.848752 0.856928 0.855637
4 0.902108 0.713855 0.947289 0.708046 0.954066 0.736016 0.907756 0.741394
4 0.902861 0.744191 0.94823 0.738167 0.954254 0.7642 0.907756 0.769363
4 0.91491 0.771515 0.961785 0.766997 0.96762 0.79475 0.920934 0.799914
4 0.915286 0.802496 0.962161 0.797978 0.971386 0.843804 0.922816 0.850043
3 0.756965 0.770654 0.798946 0.773021 0.799699 0.787651 0.757154 0.785284
3 0.575301 0.76463 0.639684 0.763984 0.642131 0.789372 0.572477 0.788511
3 0.52052 0.810886 0.568712 0.810026 0.570783 0.825516 0.519014 0.823365
3 0.380648 0.698365 0.416604 0.69815 0.416792 0.711919 0.378389 0.712134
3 0.451431 0.800344 0.488328 0.82315 0.481928 0.837349 0.444842 0.812823
3 0.010919 0.788296 0.099209 0.785929 0.093373 0.829604 0.004518 0.824656
3 0.897026 0.676205 0.944277 0.671472 0.945971 0.68438 0.898532 0.688038
1 0.911333 0.6463 0.94503 0.641351 0.950489 0.665878 0.928464 0.670181 0.915663 0.667814
2 0.495105 0.676635 0.51073 0.67685 0.510542 0.682229 0.494917 0.682014
1 0.359563 0.814974 0.355986 0.847461 0.404744 0.866179 0.410203 0.831971
3 0.673381 0.709768 0.685806 0.710843 0.688441 0.774742 0.680911 0.774096
4 0.649849 0.788942 0.688818 0.790017 0.696348 0.868976 0.653991 0.866824
