1 0.244352 0.070783 0.246235 0.097031 0.286145 0.096386 0.285392 0.076377 0.28238 0.069923
1 0.368599 0.067126 0.369729 0.092513 0.41058 0.091437 0.410956 0.072074 0.406815 0.06562
1 0.48494 0.057229 0.485693 0.082616 0.518449 0.082616 0.51939 0.071213 0.522779 0.065404 0.526355 0.060671 0.526167 0.057014
1 0.628012 0.076377 0.622364 0.10327 0.642131 0.110155 0.645331 0.10994 0.66058 0.116179 0.667357 0.092943 0.665286 0.089716
1 0.713667 0.093589 0.711032 0.120052 0.745294 0.122849 0.74887 0.121558 0.7532 0.097461 0.752259 0.09617
1 0.836785 0.092943 0.833396 0.118546 0.867093 0.123494 0.871611 0.098537
3 0.003765 0.33068 0.011107 0.355422 0.094315 0.341437 0.089232 0.318847
2 0.106928 0.310886 0.108622 0.320998 0.165098 0.316695 0.163404 0.306583
1 0.187124 0.297547 0.189571 0.318201 0.220633 0.314974 0.216303 0.29432
1 0.230798 0.291954 0.234187 0.312392 0.266943 0.309165 0.262236 0.289587
2 0.227033 0.310671 0.228163 0.321644 0.269578 0.319062 0.269202 0.310456 0.23381 0.313253 0.233434 0.310456
2 0.297063 0.31691 0.297628 0.325301 0.329254 0.32315 0.32869 0.31562
1 0.304405 0.344664 0.309864 0.365964 0.345633 0.356067 0.344503 0.343158
2 0.304029 0.372203 0.304405 0.381024 0.335467 0.379518 0.334902 0.371558
1 0.305911 0.381885 0.307605 0.398881 0.338291 0.398236 0.337538 0.380594
2 0.346762 0.324656 0.346762 0.336274 0.392508 0.333477 0.392319 0.324226
1 0.357304 0.336489 0.358622 0.356067 0.393072 0.355422 0.392508 0.347676 0.386295 0.334983
1 0.410015 0.323365 0.412462 0.34574 0.452937 0.341652 0.450301 0.318847
2 0.398155 0.2429 0.398908 0.256454 0.458584 0.254088 0.458396 0.242255
2 0.478916 0.33154 0.479104 0.342083 0.509601 0.341437 0.509789 0.331325
1 0.476468 0.366609 0.477974 0.386618 0.510354 0.380379 0.506777 0.3608
2 0.614834 0.256024 0.613893 0.267857 0.659639 0.269363 0.660203 0.258821
1 0.621988 0.27926 0.620105 0.299484 0.654367 0.30142 0.65625 0.282057
2 0.634789 0.38296 0.634413 0.392642 0.673381 0.393503 0.673946 0.383176
2 0.694277 0.29475 0.693712 0.310026 0.745482 0.309165 0.74567 0.295611
1 0.480233 0.884466 0.48061 0.899742 0.492282 0.898666 0.492093 0.883821
