0 0.185806 0.14716 0.181288 0.162651 0.182041 0.179647 0.180535 0.195138 0.255083 0.175344 0.256401 0.165448 0.250565 0.15469 0.252447 0.143503 0.255836 0.127797
0 0.389496 0.111015 0.471009 0.098967 0.465926 0.131885 0.464985 0.143072 0.441642 0.148021 0.383283 0.165017
1 0.255459 0.420611 0.285015 0.413511 0.28445 0.427711 0.282568 0.429862 0.255836 0.435241
1 0.568336 0.561532 0.606928 0.563683 0.607116 0.584552 0.567771 0.581971
1 0.572101 0.621343 0.611258 0.61747 0.614834 0.640921 0.573795 0.643072
1 0.703313 0.585843 0.73927 0.582616 0.741152 0.605207 0.705008 0.607788
1 0.705761 0.622418 0.743035 0.620482 0.747929 0.641136 0.707455 0.644148
1 0.820595 0.612091 0.860316 0.615103 0.861069 0.635327 0.821348 0.633176
1 0.451054 0.617685 0.480798 0.622848 0.481363 0.644578 0.443148 0.638554 0.445783 0.622848
1 0.307605 0.559596 0.298193 0.575086 0.310053 0.585843 0.323795 0.596816 0.33302 0.578744
1 0.289157 0.614028 0.320218 0.625215 0.313253 0.645009 0.282191 0.634466
1 0.251506 0.465146 0.280685 0.464501 0.279744 0.47784 0.278238 0.480852 0.250376 0.481928
1 0.154179 0.452668 0.17884 0.450516 0.176205 0.465577 0.151355 0.467513
1 0.205196 0.613597 0.203878 0.631885 0.230233 0.634036 0.231928 0.616179
1 0.214985 0.568417 0.213855 0.58864 0.239834 0.584768 0.243223 0.568201
1 0.079631 0.555293 0.080008 0.571859 0.103539 0.571213 0.104857 0.555938
