2 0.208961 0.206971 0.208773 0.213425 0.245858 0.209768 0.246047 0.203744
2 0.20689 0.221601 0.206514 0.22784 0.243788 0.224398 0.243976 0.218374
2 0.342432 0.164587 0.370105 0.162005 0.370482 0.165663 0.342432 0.168675
1 0.486822 0.06562 0.488517 0.075301 0.511295 0.072074 0.509036 0.061747
1 0.487764 0.102625 0.487575 0.113167 0.512048 0.112091 0.512236 0.102194
1 0.482304 0.141351 0.482116 0.152969 0.506212 0.152539 0.507154 0.142857 0.505836 0.140275
1 0.470256 0.180938 0.473456 0.192556 0.497741 0.185671 0.494352 0.174484
1 0.636483 0.114673 0.636672 0.126076 0.659074 0.127151 0.658509 0.115534
1 0.625565 0.149312 0.626883 0.160284 0.649849 0.161145 0.648155 0.150172
1 0.633848 0.187823 0.63366 0.198795 0.657191 0.203098 0.65738 0.19191 0.633848 0.187392
1 0.651544 0.224828 0.651167 0.2358 0.675075 0.241179 0.676205 0.230207
1 0.872741 0.259251 0.875376 0.271515 0.89552 0.271299 0.892696 0.259682
1 0.238705 0.342083 0.237575 0.355422 0.262048 0.354776 0.263178 0.341437
1 0.238893 0.386833 0.237199 0.401893 0.261672 0.402108 0.263178 0.400602 0.265813 0.387694
1 0.513931 0.310886 0.512801 0.326807 0.539157 0.328528 0.539721 0.312392
1 0.51939 0.386188 0.519014 0.399742 0.545934 0.399957 0.546498 0.398451 0.546498 0.385972
1 0.605986 0.310456 0.605045 0.32401 0.630836 0.328528 0.631965 0.315189
1 0.602033 0.353916 0.600904 0.368115 0.628012 0.370697 0.628577 0.356282
1 0.616529 0.419535 0.620858 0.433735 0.642131 0.427496 0.641943 0.41222
1 0.674887 0.310026 0.700678 0.312608 0.700678 0.326592 0.674887 0.322935
1 0.665474 0.353701 0.664721 0.366179 0.665851 0.3679 0.690512 0.371342 0.691453 0.357358
1 0.660015 0.402108 0.66058 0.416954 0.686559 0.418675 0.685994 0.404045
1 0.753389 0.348322 0.75433 0.361876 0.777861 0.363167 0.779179 0.361876 0.778426 0.349828
1 0.738517 0.39716 0.738328 0.41136 0.764307 0.413511 0.764307 0.399527
1 0.792922 0.39716 0.793675 0.411145 0.817959 0.413941 0.817583 0.400172
1 0.490211 0.573365 0.487952 0.589931 0.51619 0.594234 0.518825 0.578098
1 0.565324 0.533778 0.564947 0.550559 0.594126 0.55099 0.593938 0.534639
1 0.635166 0.530336 0.636483 0.546256 0.665286 0.544535 0.663404 0.532487 0.661521 0.528184
1 0.705008 0.598967 0.706702 0.614888 0.73381 0.610585 0.731175 0.59574
1 0.820407 0.529905 0.824172 0.545611 0.841491 0.541308 0.842432 0.542599 0.846197 0.54346 0.847139 0.528399 0.832078 0.527539
1 0.848645 0.572074 0.849586 0.58821 0.871423 0.589931 0.874059 0.587995 0.874435 0.575947 0.871047 0.574226
1 0.475527 0.727194 0.47195 0.738812 0.493976 0.747418 0.496988 0.734725
2 0.34488 0.151463 0.372741 0.148881 0.372929 0.152754 0.34488 0.155766
2 0.911521 0.407702 0.911709 0.420826 0.952372 0.421472 0.951996 0.409639
