0 0.52476 0.339744 0.529086 0.379487 0.530048 0.382051 0.552644 0.383654 0.599519 0.38141 0.591346 0.335256 0.528125 0.3375
2 0.50601 0.817308 0.50625 0.834615 0.569952 0.832051 0.567788 0.814744
1 0.188221 0.842949 0.183413 0.859295 0.15601 0.848077 0.164183 0.828846 0.182452 0.834936
1 0.134856 0.8375 0.122115 0.872436 0.122837 0.877564 0.13774 0.879487 0.14976 0.8375 0.136058 0.836538
1 0.14375 0.726603 0.139423 0.735897 0.137981 0.74359 0.141827 0.745833 0.167308 0.746154 0.170433 0.726603
1 0.1375 0.761859 0.131731 0.791346 0.164663 0.789423 0.170433 0.759936 0.138702 0.760897
1 0.914423 0.749359 0.919712 0.770833 0.951683 0.772436 0.947115 0.750641
1 0.920913 0.796795 0.932452 0.844231 0.970914 0.84391 0.958894 0.798077
1 0.970192 0.797115 0.983654 0.832372 0.99976 0.833013 0.999519 0.804167 0.994471 0.791667 0.993029 0.786218 0.970673 0.788462 0.970673 0.792308 0.970192 0.796154
1 0.940144 0.697756 0.954808 0.736218 0.97476 0.734615 0.969471 0.720192 0.964183 0.710577 0.957933 0.703846 0.955288 0.695192 0.942308 0.697115
