3 0.005836 0.59617 0.002824 0.611231 0.057605 0.612522 0.060241 0.598967
3 0.061559 0.599182 0.057041 0.615749 0.103727 0.621558 0.105798 0.603055
3 0.138931 0.6037 0.136107 0.624139 0.191642 0.616824 0.190889 0.604131
3 0.159827 0.537866 0.157756 0.550559 0.184488 0.551635 0.192771 0.552065 0.21875 0.549699 0.220068 0.53722
3 0.107116 0.493976 0.10561 0.507315 0.14872 0.502152 0.147214 0.490318
3 0.038215 0.483003 0.035015 0.496988 0.103351 0.495267 0.104292 0.484725
3 0.084714 0.545396 0.080949 0.557444 0.099774 0.556799 0.131965 0.554217 0.134601 0.544105
3 0.022026 0.546902 0.018449 0.552065 0.017696 0.559165 0.044428 0.561317 0.07756 0.563468 0.082455 0.550129 0.077748 0.549699 0.048381 0.547547 0.033509 0.548623
3 0.722515 0.317556 0.725151 0.331325 0.770331 0.332616 0.767696 0.319062 0.735316 0.31691
3 0.789721 0.326807 0.795181 0.349613 0.814571 0.350043 0.845633 0.347246 0.840173 0.327238
3 0.738705 0.369836 0.740023 0.386618 0.790663 0.385757 0.789345 0.369191
1 0.655874 0.36833 0.664721 0.41222 0.685053 0.408993 0.677146 0.366394
1 0.955572 0.29346 0.961973 0.30938 0.96762 0.311317 0.985693 0.310456 0.996423 0.310886 0.990776 0.297117 0.964232 0.297332 0.961596 0.293029
3 0.93863 0.513769 0.941642 0.531196 0.988893 0.529475 0.985693 0.511618
3 0.944465 0.556799 0.948983 0.574871 0.973268 0.572935 0.996235 0.568847 0.992282 0.553356
3 0.879895 0.58068 0.881777 0.60284 0.899285 0.603916 0.918486 0.603485 0.956514 0.603485 0.957831 0.582831 0.920181 0.577883 0.915474 0.577668
3 0.786898 0.582401 0.78991 0.606928 0.868788 0.600473 0.868411 0.577883
3 0.698042 0.583907 0.693712 0.595955 0.692771 0.601549 0.692771 0.606928 0.788404 0.606282 0.788215 0.601119 0.785392 0.581756 0.701431 0.581971
3 0.588102 0.55809 0.588667 0.586919 0.620858 0.581971 0.633848 0.583262 0.675452 0.585198 0.676393 0.564114 0.657003 0.560886 0.621988 0.55938 0.589797 0.558735
1 0.59055 0.517642 0.587914 0.521515 0.58942 0.543029 0.591303 0.54346 0.640437 0.540878 0.637613 0.514845
3 0.505083 0.479131 0.506212 0.490749 0.514496 0.490749 0.546122 0.487306 0.555911 0.488167 0.567206 0.486016 0.566642 0.475688 0.554217 0.475258 0.53558 0.476764 0.516002 0.479776
3 0.417169 0.569062 0.418675 0.587349 0.475715 0.58778 0.478539 0.570568 0.456702 0.569062
3 0.25113 0.474613 0.248494 0.482358 0.248494 0.48494 0.268261 0.483003 0.292733 0.478701 0.29311 0.46988
3 0.237575 0.53636 0.234563 0.554647 0.278238 0.555077 0.298569 0.553356 0.298569 0.537866 0.254895 0.537436
3 0.215361 0.642212 0.212349 0.656842 0.211973 0.665448 0.252071 0.667384 0.294239 0.667384 0.298193 0.661145 0.301017 0.643933 0.24134 0.641997
3 0.423946 0.644363 0.425264 0.666523 0.496423 0.667169 0.497553 0.64759 0.449548 0.643503
3 0.541604 0.611016 0.546122 0.678356 0.563065 0.67599 0.562124 0.637909 0.560617 0.610155
3 0.534827 0.538081 0.536521 0.601334 0.553276 0.599828 0.552334 0.545181 0.53991 0.537651
3 0.343938 0.561532 0.342056 0.583046 0.367658 0.581971 0.365776 0.600043 0.400226 0.599182 0.40192 0.560886
3 0.348456 0.505379 0.34488 0.526893 0.36634 0.526248 0.362575 0.547332 0.388742 0.547332 0.390437 0.522375 0.395331 0.520654 0.395708 0.503873
3 0.060429 0.364888 0.057417 0.378442 0.081514 0.377582 0.110316 0.37543 0.129518 0.375215 0.134977 0.366609 0.135542 0.359725 0.100151 0.362737 0.080761 0.365318
3 0.107116 0.315404 0.104857 0.321644 0.148908 0.320568 0.149849 0.314114
3 0.152297 0.330895 0.14872 0.343589 0.206325 0.34531 0.212538 0.332616
3 0.142319 0.362952 0.138742 0.376721 0.200113 0.378873 0.205761 0.365103
3 0.514119 0.373494 0.513554 0.392212 0.587538 0.391566 0.587161 0.373279
3 0.535015 0.325086 0.535392 0.33778 0.579819 0.353055 0.581137 0.339501
3 0.40512 0.366179 0.405497 0.384682 0.474209 0.381454 0.474209 0.361876
3 0.392696 0.324656 0.39119 0.337134 0.415286 0.334768 0.450866 0.329819 0.449925 0.319492 0.406062 0.325086 0.40305 0.325301
3 0.397967 0.278399 0.393072 0.296256 0.418863 0.29346 0.430911 0.292384 0.470256 0.294535 0.47308 0.28679 0.472703 0.277969 0.453125 0.277324 0.436747 0.278614 0.409827 0.277969
3 0.303276 0.313468 0.300452 0.33111 0.332831 0.331325 0.369164 0.328528 0.368411 0.315189
3 0.301393 0.369406 0.299322 0.387694 0.36747 0.385542 0.365776 0.370912
3 0.311935 0.28012 0.310806 0.288726 0.328313 0.287435 0.336785 0.288296 0.371047 0.286575 0.371235 0.279905 0.331137 0.279905
3 0.243788 0.285929 0.243223 0.295396 0.286333 0.295396 0.286333 0.28636
3 0.231928 0.336704 0.228916 0.349398 0.255459 0.347031 0.286145 0.34574 0.286333 0.335628
3 0.236069 0.365318 0.23381 0.379088 0.278614 0.379733 0.280497 0.365534
3 0.218938 0.398021 0.21762 0.412435 0.267131 0.412005 0.268449 0.397375 0.251318 0.396515
3 0.14006 0.400818 0.137048 0.414802 0.16378 0.41179 0.179405 0.410929 0.19183 0.41222 0.198042 0.405336 0.198419 0.398666 0.180723 0.398236
4 0.334902 0.630164 0.330196 0.679217 0.370294 0.682229 0.374435 0.631454
