1 0.336408 0.225043 0.333584 0.237306 0.34055 0.237522 0.35241 0.237737 0.361446 0.237952 0.362575 0.228055 0.354669 0.22741 0.343185 0.226119
1 0.327937 0.252582 0.324925 0.263554 0.334337 0.264845 0.35241 0.266566 0.355045 0.25667 0.332078 0.254303
1 0.510354 0.311532 0.510354 0.317126 0.510919 0.322935 0.525226 0.324441 0.53878 0.324441 0.53878 0.318417 0.537651 0.313253 0.524849 0.312177 0.515248 0.311532
1 0.504706 0.249355 0.504895 0.258391 0.515437 0.260327 0.521649 0.260972 0.530497 0.261403 0.529744 0.251721 0.521084 0.250861 0.51073 0.24957
1 0.801393 0.484725 0.805723 0.500215 0.817583 0.500861 0.830572 0.500645 0.828125 0.491609 0.824548 0.483864 0.814759 0.484725 0.807982 0.484725
1 0.844503 0.440835 0.849586 0.455034 0.872553 0.45611 0.869729 0.448365 0.865399 0.44191
1 0.912651 0.475688 0.917169 0.491179 0.936747 0.491609 0.929782 0.476764
1 0.881401 0.745912 0.886107 0.769363 0.91698 0.765706 0.910392 0.74204
1 0.937124 0.740749 0.942583 0.762263 0.969315 0.758606 0.960279 0.738167
3 0.750188 0.674053 0.732681 0.678571 0.738705 0.724613 0.73927 0.735155 0.667357 0.739243 0.671687 0.770869 0.703313 0.768287 0.723456 0.764845 0.755836 0.768287 0.780497 0.768287 0.775226 0.738167 0.761483 0.736231
1 0.76073 0.335628 0.764496 0.346816 0.786521 0.349398 0.782756 0.337995
1 0.622929 0.277539 0.624812 0.28679 0.630648 0.288081 0.640437 0.289372 0.644202 0.289802 0.647402 0.289157 0.64872 0.289157 0.648155 0.285069 0.646273 0.28012 0.634977 0.27883 0.629142 0.278184
1 0.679593 0.271515 0.681099 0.280551 0.682041 0.281842 0.68637 0.281842 0.694089 0.282272 0.696348 0.282702 0.704631 0.282917 0.70369 0.277539 0.701996 0.273021 0.693524 0.272375 0.685429 0.27173
1 0.738328 0.290448 0.740587 0.299914 0.741152 0.300774 0.742846 0.300559 0.748117 0.300774 0.751883 0.30099 0.757342 0.302065 0.763178 0.302281 0.763178 0.300774 0.760354 0.292599 0.75433 0.292169 0.746423 0.291093 0.742093 0.290663
1 0.733246 0.258821 0.736446 0.268503 0.741717 0.268933 0.748494 0.269363 0.755836 0.270224 0.753012 0.261403 0.744164 0.260112 0.737764 0.259251
1 0.673381 0.46364 0.675452 0.47741 0.705572 0.477625 0.701242 0.462349 0.6843 0.462349
1 0.903614 0.628012 0.905874 0.645224 0.916416 0.64716 0.930723 0.648881 0.929782 0.640275 0.927334 0.63167 0.917733 0.629518 0.910392 0.628442
1 0.958584 0.632745 0.963102 0.648451 0.984563 0.648236 0.979292 0.6321 0.969126 0.63167
3 0.572289 0.406842 0.57436 0.425774 0.630459 0.423623 0.626883 0.404045
