1 0.900038 0.506454 0.914157 0.548193 0.932794 0.547547 0.918486 0.506024
1 0.82869 0.513769 0.864081 0.513984 0.869917 0.532702 0.83302 0.531842 0.827937 0.513554
1 0.762425 0.460413 0.768637 0.478055 0.80177 0.475904 0.795746 0.457831
1 0.708396 0.458477 0.710655 0.476549 0.746423 0.47784 0.742846 0.459337
1 0.648343 0.456756 0.649473 0.474613 0.685053 0.47741 0.683547 0.459552
1 0.594691 0.456325 0.593185 0.473967 0.630459 0.478916 0.631024 0.460413
1 0.53558 0.460628 0.537651 0.478701 0.57323 0.474828 0.570595 0.456756
1 0.478163 0.459337 0.478351 0.47741 0.513742 0.475473 0.513366 0.457616
1 0.425075 0.45654 0.424134 0.473322 0.458961 0.472892 0.458961 0.45611
1 0.368976 0.454819 0.367658 0.471601 0.402297 0.46988 0.402861 0.453313
1 0.317959 0.453313 0.315512 0.47117 0.347703 0.472246 0.349774 0.454174
1 0.266566 0.457186 0.263931 0.472892 0.296122 0.472031 0.298004 0.455034 0.267131 0.45654
1 0.214608 0.454604 0.210843 0.470955 0.241717 0.472246 0.245105 0.45568
1 0.170181 0.454174 0.166227 0.470525 0.19503 0.471386 0.198795 0.453744
1 0.084902 0.452453 0.079631 0.468158 0.106928 0.468589 0.112199 0.453313
1 0.131024 0.451807 0.125 0.466867 0.150226 0.469449 0.155497 0.453528
1 0.116717 0.371342 0.112387 0.384682 0.139684 0.38296 0.142884 0.368761
1 0.15945 0.369191 0.153803 0.382315 0.179593 0.384251 0.184676 0.370052
1 0.199548 0.364673 0.193901 0.378012 0.221386 0.379733 0.226092 0.365749
1 0.246047 0.36704 0.24247 0.381239 0.27052 0.381239 0.274096 0.366609
1 0.289345 0.364458 0.28558 0.377797 0.315512 0.379088 0.317583 0.364888
1 0.334526 0.363597 0.332455 0.377797 0.364081 0.377367 0.364081 0.362306
1 0.384413 0.362737 0.383095 0.376936 0.414345 0.377151 0.414721 0.362091
1 0.435429 0.362737 0.43317 0.377367 0.464797 0.379948 0.466114 0.365103
1 0.483434 0.363812 0.48381 0.378227 0.515813 0.377797 0.514496 0.363812
1 0.532944 0.362306 0.532191 0.377367 0.564383 0.378873 0.563818 0.363382
1 0.589608 0.361016 0.588855 0.375645 0.621047 0.379088 0.6218 0.364243 0.588667 0.361016
1 0.644014 0.361876 0.645143 0.376506 0.678087 0.376506 0.677146 0.3608 0.643637 0.361231
1 0.692395 0.364243 0.694277 0.378442 0.725904 0.379948 0.724209 0.365749
1 0.024285 0.601119 0.011107 0.64006 0.026355 0.642857 0.038404 0.606282 0.036145 0.601979 0.025602 0.601119
1 0.003577 0.700516 0.035015 0.701807 0.029179 0.725043 0.000565 0.723752 0.000188 0.711274
1 0.153803 0.697074 0.147402 0.720955 0.182982 0.72827 0.189194 0.703098 0.154932 0.696213
1 0.377259 0.722461 0.374624 0.749355 0.417545 0.752367 0.418675 0.725043
1 0.493599 0.729991 0.493035 0.756239 0.536521 0.758176 0.535956 0.731282
1 0.632718 0.720095 0.633283 0.744406 0.676393 0.748924 0.675075 0.722676 0.633095 0.718804
1 0.751506 0.73537 0.786145 0.732143 0.791416 0.753227 0.791039 0.75753 0.75113 0.762909 0.745858 0.736876
1 0.858057 0.732358 0.863705 0.758176 0.90305 0.755594 0.896084 0.730422
1 0.919804 0.696429 0.925828 0.719664 0.962726 0.715361 0.954631 0.694062
