1 0.050264 0.187177 0.086032 0.185671 0.092432 0.209337 0.055723 0.211919
1 0.095256 0.185671 0.127636 0.173838 0.136672 0.200086 0.10448 0.210413
1 0.039157 0.129088 0.075301 0.133176 0.077372 0.156196 0.042357 0.153184
1 0.075301 0.118546 0.109563 0.110585 0.117658 0.138124 0.08189 0.145009
1 0.029179 0.068417 0.065136 0.061747 0.07003 0.087349 0.036898 0.094019 0.032191 0.086274
1 0.073042 0.05185 0.108998 0.049699 0.116717 0.076162 0.077748 0.079819
1 0.209337 0.08111 0.249059 0.080034 0.250188 0.10241 0.2468 0.107143 0.210843 0.106497
1 0.254518 0.085843 0.298004 0.086059 0.300075 0.112737 0.256212 0.112091
1 0.163968 0.142642 0.19936 0.141351 0.202184 0.166523 0.165286 0.166093
1 0.338667 0.020009 0.381589 0.006024 0.387048 0.034854 0.34488 0.047978
1 0.486822 0.020224 0.528803 0.024096 0.529367 0.052496 0.484563 0.048193
4 0.472703 0.054002 0.552711 0.052926 0.551581 0.114888 0.473456 0.114673
4 0.332078 0.049053 0.382154 0.047117 0.387613 0.144148 0.33942 0.145009
1 0.742093 0.12543 0.78125 0.12543 0.77805 0.149957 0.774285 0.151463 0.740399 0.150387
1 0.739081 0.171902 0.771461 0.179002 0.770331 0.203744 0.735316 0.195998
1 0.809864 0.173623 0.84375 0.178356 0.841303 0.203098 0.806664 0.19901
1 0.814006 0.128657 0.848268 0.132315 0.843938 0.158133 0.810994 0.152969
1 0.905874 0.097246 0.939383 0.100043 0.935617 0.122849 0.903991 0.120697
1 0.902297 0.164372 0.932794 0.157272 0.932229 0.181583 0.900414 0.186532 0.901167 0.165232
