0 0.09488 0.185886 0.154179 0.179432 0.143825 0.229131 0.084337 0.234509 0.088102 0.222246 0.091679 0.209122
0 0.258095 0.164587 0.240211 0.211489 0.304593 0.225043 0.320783 0.178571
0 0.400414 0.174053 0.39439 0.224613 0.463102 0.229131 0.464232 0.211059 0.467056 0.178571
0 0.561747 0.126291 0.555723 0.172978 0.621611 0.189974 0.625941 0.144578
0 0.6843 0.144578 0.689759 0.190189 0.753765 0.194923 0.751506 0.180938 0.746047 0.149742
0 0.82436 0.176205 0.831325 0.203098 0.835843 0.219019 0.883095 0.230637 0.875941 0.208262 0.872364 0.195783 0.871047 0.189329
0 0.937688 0.204604 0.939194 0.214071 0.942206 0.223752 0.949548 0.247203 0.995858 0.253442 0.986634 0.228701 0.980798 0.21278
1 0.012801 0.542599 0.009036 0.556799 0.030497 0.557444 0.032756 0.548623 0.029932 0.543675
1 0.08622 0.538511 0.087349 0.55185 0.110693 0.543675 0.108998 0.530336
1 0.231175 0.568632 0.227786 0.583692 0.25433 0.585843 0.256589 0.570998
1 0.404556 0.467943 0.404367 0.481928 0.405874 0.482143 0.429029 0.481713 0.430911 0.479561 0.430911 0.467513
1 0.398532 0.531411 0.398343 0.546472 0.425452 0.546256 0.42564 0.54475 0.425828 0.531196
1 0.503012 0.469019 0.503389 0.482788 0.528803 0.482788 0.528426 0.469234
1 0.507718 0.52926 0.509789 0.543244 0.535392 0.540448 0.534639 0.528614 0.532191 0.526033
1 0.597703 0.503227 0.600904 0.517642 0.624059 0.511188 0.624059 0.509682 0.625376 0.508606 0.622364 0.496558
1 0.62933 0.540232 0.630271 0.555077 0.631777 0.555293 0.654367 0.554647 0.65625 0.552281 0.654932 0.540017
1 0.686182 0.46988 0.691265 0.483003 0.713102 0.475688 0.708208 0.461919
1 0.687688 0.533348 0.68863 0.547978 0.711596 0.547332 0.714044 0.542384 0.712538 0.532487
1 0.814947 0.526463 0.81683 0.540232 0.838479 0.540448 0.836596 0.526678
1 0.913215 0.527539 0.916227 0.541093 0.935241 0.538511 0.932982 0.525602
