1 0.299511 0.254303 0.323042 0.257315 0.319277 0.267857 0.295557 0.264415
1 0.342809 0.254088 0.366717 0.251721 0.367846 0.252367 0.367093 0.263769 0.341114 0.26463
1 0.386672 0.251506 0.41378 0.250861 0.41378 0.261833 0.387425 0.261188
1 0.439947 0.248064 0.467056 0.25 0.465926 0.263124 0.438441 0.259897
1 0.359375 0.189974 0.381401 0.189329 0.380648 0.19858 0.358622 0.19815
1 0.404179 0.189114 0.428276 0.189114 0.427334 0.198365 0.403991 0.19815
1 0.445783 0.186962 0.469126 0.185671 0.470068 0.195138 0.445595 0.195783
1 0.533886 0.246343 0.559864 0.246988 0.562124 0.259682 0.533133 0.259897
1 0.58189 0.250215 0.607681 0.25043 0.609752 0.261618 0.580949 0.260112
1 0.630459 0.252367 0.656062 0.250861 0.658133 0.256454 0.65945 0.262478 0.632718 0.263769
1 0.672628 0.259897 0.699172 0.260972 0.701619 0.27216 0.673758 0.271945
1 0.71988 0.260972 0.746988 0.260972 0.749812 0.272375 0.722139 0.27173
1 0.117093 0.443417 0.142696 0.444707 0.137425 0.459552 0.111822 0.458046 0.117658 0.444062
1 0.161333 0.442126 0.185994 0.443847 0.180911 0.458907 0.155874 0.456325
1 0.208208 0.44062 0.233057 0.440835 0.230986 0.456325 0.203502 0.455895
1 0.256965 0.439544 0.281438 0.440835 0.28238 0.444492 0.279744 0.456971 0.251694 0.455034
1 0.306852 0.435241 0.336408 0.436317 0.333208 0.452022 0.33302 0.453098 0.302523 0.451377
1 0.361446 0.439329 0.393072 0.440835 0.390625 0.458692 0.358434 0.455465
1 0.417922 0.439544 0.448983 0.442556 0.447477 0.459552 0.414157 0.45568
1 0.474209 0.437177 0.506024 0.44105 0.503765 0.458262 0.470633 0.453313
1 0.535392 0.437392 0.568148 0.436962 0.570218 0.453313 0.535956 0.454389
1 0.593938 0.437392 0.627636 0.434165 0.631589 0.449656 0.597892 0.453098
1 0.660203 0.435241 0.692771 0.43395 0.695218 0.447289 0.692206 0.450732 0.661333 0.451377 0.659074 0.436962
1 0.729857 0.457186 0.763931 0.457401 0.767319 0.474398 0.733057 0.473967
1 0.794992 0.465146 0.825489 0.462349 0.829819 0.468589 0.833396 0.47741 0.800264 0.481713 0.794428 0.465792
1 0.027485 0.673193 0.055723 0.679217 0.050264 0.699441 0.02052 0.693201
1 0.068336 0.679432 0.098645 0.679002 0.095256 0.701807 0.095444 0.703098 0.063065 0.701592
1 0.124812 0.68395 0.150979 0.693847 0.149473 0.707401 0.144767 0.717298 0.115023 0.705465
1 0.189571 0.685671 0.193336 0.685456 0.222515 0.69105 0.220633 0.703098 0.217997 0.717083 0.183547 0.707831
1 0.25113 0.694923 0.288404 0.695998 0.288215 0.723322 0.247364 0.720525
1 0.320783 0.69901 0.35881 0.701807 0.356739 0.72741 0.31683 0.723537
1 0.390437 0.712995 0.429217 0.703528 0.434676 0.729561 0.393637 0.738812
1 0.468938 0.708907 0.509789 0.711489 0.510919 0.738382 0.466303 0.73537
1 0.543298 0.709768 0.583584 0.711058 0.586408 0.725473 0.586408 0.737306 0.54198 0.737522
1 0.618599 0.71278 0.662086 0.714071 0.66378 0.740103 0.62067 0.739028
1 0.689947 0.711489 0.732492 0.711704 0.736446 0.737737 0.693524 0.737952
1 0.762425 0.712564 0.803276 0.711489 0.8093 0.737091 0.76619 0.737952
1 0.834526 0.708907 0.872553 0.707186 0.87933 0.731928 0.840361 0.733434
1 0.899473 0.712995 0.938065 0.711704 0.944465 0.736016 0.905497 0.736231
