1 0.57003 0.307444 0.571913 0.318201 0.595444 0.313898 0.593185 0.302926
1 0.704819 0.310886 0.704631 0.321429 0.727974 0.325516 0.728727 0.31605 0.728163 0.314759
1 0.709714 0.340792 0.712538 0.351979 0.735693 0.350258 0.732681 0.33864
1 0.19823 0.427496 0.196348 0.439974 0.219315 0.438468 0.220444 0.426205
1 0.217244 0.52259 0.21442 0.537005 0.238517 0.53722 0.240399 0.532272 0.24134 0.523021
1 0.286333 0.422332 0.285392 0.434596 0.308735 0.436962 0.309864 0.424914
1 0.283509 0.441695 0.283321 0.453959 0.307417 0.452022 0.306664 0.44191
1 0.298569 0.45525 0.296122 0.468589 0.319842 0.469019 0.320407 0.466437 0.322477 0.45525
1 0.324925 0.414587 0.322666 0.427065 0.345068 0.425129 0.346574 0.416954 0.345068 0.412435
2 0.328125 0.48494 0.32756 0.493976 0.363705 0.49333 0.364081 0.485155
2 0.3718 0.482573 0.371235 0.491609 0.407568 0.490964 0.407756 0.482788
1 0.33509 0.527324 0.333208 0.541954 0.359563 0.542599 0.361446 0.530336 0.360504 0.528184
1 0.378389 0.524742 0.377259 0.539587 0.403426 0.540232 0.404556 0.538726 0.405497 0.525172
2 0.419616 0.434165 0.418863 0.441265 0.463667 0.442556 0.464044 0.435241
2 0.413592 0.497849 0.412839 0.505164 0.459337 0.506024 0.459526 0.498279
1 0.438065 0.455034 0.437876 0.469019 0.464044 0.468804 0.464608 0.454819
1 0.435429 0.518287 0.433547 0.533778 0.460843 0.535499 0.462538 0.520224
1 0.581514 0.439114 0.582643 0.452668 0.60994 0.450732 0.608434 0.437177
2 0.557041 0.45611 0.611634 0.453313 0.611634 0.460628 0.557229 0.463425
1 0.649285 0.433305 0.648155 0.446859 0.676393 0.450086 0.677334 0.436747
1 0.708208 0.435026 0.707078 0.447719 0.71009 0.449226 0.734563 0.451592 0.735881 0.44815 0.735693 0.438468
2 0.686182 0.455465 0.686559 0.46321 0.741717 0.460198 0.740776 0.452883
1 0.768825 0.434596 0.769578 0.44858 0.79744 0.450732 0.797063 0.438038
1 0.132718 0.590792 0.130083 0.598752 0.127636 0.605422 0.150979 0.606713 0.153991 0.591867
1 0.165474 0.621127 0.161898 0.636403 0.186935 0.636618 0.189759 0.621127 0.165663 0.620697
1 0.166792 0.679217 0.163215 0.695998 0.187876 0.699226 0.191077 0.685026 0.189759 0.682229
1 0.168675 0.65383 0.168298 0.663296 0.16698 0.670826 0.191077 0.670396 0.193336 0.661145 0.192959 0.656196 0.191642 0.654045
1 0.230422 0.645009 0.229104 0.66136 0.257907 0.660069 0.25866 0.643718
1 0.233245 0.697504 0.231175 0.714286 0.258283 0.716652 0.260354 0.699871
3 0.34262 0.642427 0.339985 0.672547 0.402861 0.672332 0.402485 0.641351
3 0.407944 0.626721 0.407191 0.66975 0.472327 0.669535 0.472703 0.626721
3 0.475715 0.629948 0.474586 0.675344 0.542169 0.674268 0.541416 0.629948
1 0.586032 0.706971 0.585655 0.726334 0.618599 0.726549 0.618411 0.708692
1 0.652485 0.590792 0.65512 0.607358 0.685053 0.605422 0.682794 0.589716
1 0.659827 0.662005 0.661145 0.678356 0.665098 0.679862 0.692583 0.677496 0.691077 0.660714
1 0.698042 0.665017 0.700866 0.682229 0.732492 0.678787 0.729669 0.663296 0.728727 0.66136
1 0.738705 0.709768 0.741717 0.728485 0.773908 0.725043 0.770331 0.706756
1 0.770896 0.704389 0.774661 0.720955 0.777673 0.722461 0.805158 0.716437 0.799511 0.697935
1 0.855422 0.706325 0.857869 0.721386 0.861069 0.723967 0.884413 0.719234 0.880836 0.701592
1 0.93863 0.702238 0.9407 0.72074 0.971009 0.721386 0.969691 0.704389 0.967809 0.702883
1 0.978727 0.615534 0.983057 0.63167 1.0 0.627367 1.0 0.60994
1 0.928087 0.613812 0.931664 0.631239 0.960279 0.630809 0.959149 0.622418 0.956137 0.612737
1 0.912839 0.570138 0.918863 0.599398 0.922252 0.60327 0.933547 0.60241 0.927146 0.568847 0.916604 0.568632
1 0.855233 0.664802 0.850339 0.679432 0.877071 0.677711 0.881589 0.662866
1 0.313065 0.664372 0.310617 0.681799 0.338479 0.683735 0.339797 0.666308
1 0.312312 0.607358 0.312876 0.623924 0.339608 0.620912 0.339232 0.605852
1 0.266566 0.703528 0.264684 0.71988 0.292357 0.719019 0.292357 0.703313
1 0.265813 0.635972 0.264496 0.651463 0.290663 0.652108 0.292733 0.638339
1 0.658697 0.30185 0.658886 0.312608 0.682041 0.314329 0.681852 0.304217
1 0.660392 0.320138 0.661521 0.330034 0.685806 0.332186 0.682982 0.321429 0.661145 0.319923
1 0.664345 0.345955 0.666227 0.356928 0.690324 0.356282 0.687876 0.344449
1 0.757907 0.297117 0.75753 0.305077 0.757342 0.306153 0.779556 0.310456 0.780497 0.301205
1 0.758848 0.332616 0.782003 0.334983 0.783509 0.345095 0.760542 0.343804
1 0.96442 0.583907 0.989646 0.58111 0.99567 0.597031 0.968938 0.600043
1 0.760354 0.672332 0.788592 0.666093 0.794051 0.682874 0.765813 0.688683
1 0.129518 0.609725 0.127071 0.624355 0.150979 0.625 0.154367 0.609725
1 0.115399 0.69062 0.11634 0.706325 0.141755 0.69858 0.139872 0.682659
1 0.932229 0.648021 0.938065 0.668029 0.966867 0.660714 0.959337 0.642857
