1 0.21009 0.236015 0.210467 0.246773 0.233998 0.244191 0.23381 0.232573
1 0.496423 0.18395 0.495858 0.193847 0.519202 0.193632 0.52052 0.192126 0.519578 0.184165
1 0.538215 0.214286 0.538215 0.224398 0.560994 0.225258 0.561747 0.215361
1 0.445783 0.290017 0.443901 0.302711 0.472139 0.304432 0.472703 0.292384
1 0.495482 0.237522 0.494729 0.243976 0.52052 0.246127 0.521084 0.239888
1 0.621988 0.236446 0.621611 0.24333 0.648343 0.243546 0.648343 0.2358
1 0.129142 0.408563 0.125 0.422547 0.149096 0.422117 0.152861 0.408348 0.129518 0.408778
1 0.115399 0.457831 0.109375 0.472892 0.132718 0.475043 0.137989 0.460198
1 0.086785 0.531196 0.082455 0.547547 0.105045 0.547117 0.108057 0.544105 0.110881 0.539802 0.112764 0.53012
1 0.160015 0.452668 0.158697 0.458907 0.1843 0.459983 0.185617 0.453098
1 0.150038 0.480852 0.148908 0.487952 0.174699 0.488812 0.176017 0.481282
1 0.14439 0.510757 0.144202 0.516136 0.168863 0.517427 0.170181 0.509897
1 0.134977 0.541738 0.133848 0.547332 0.148908 0.549268 0.161145 0.548838 0.161898 0.542384
1 0.17244 0.52259 0.171875 0.540448 0.194089 0.53722 0.194842 0.519578
1 0.16491 0.552281 0.160956 0.569707 0.186935 0.570568 0.190136 0.552711
1 0.205196 0.520654 0.201807 0.533563 0.19936 0.537005 0.217809 0.542169 0.224774 0.529475
1 0.193336 0.547332 0.192771 0.563038 0.218185 0.563683 0.220256 0.547332
1 0.219503 0.556368 0.216867 0.574656 0.241717 0.57315 0.243976 0.554862
1 0.254142 0.429002 0.25113 0.444492 0.271273 0.445353 0.273532 0.435241 0.276544 0.434596 0.27692 0.430723
1 0.245105 0.456756 0.242658 0.472461 0.267319 0.473107 0.269955 0.465577 0.270331 0.45654
1 0.237199 0.496342 0.232492 0.513339 0.255459 0.514845 0.257342 0.508391 0.260919 0.507315 0.262613 0.498494
1 0.228539 0.519148 0.224398 0.53679 0.250565 0.539802 0.255271 0.521945
1 0.274096 0.439114 0.272779 0.454819 0.296498 0.453313 0.297816 0.437392
1 0.27052 0.465577 0.268072 0.472676 0.267884 0.479991 0.294428 0.47741 0.295181 0.461704
1 0.26506 0.480852 0.264496 0.497418 0.291039 0.496342 0.29198 0.486661 0.292357 0.479346
1 0.256965 0.518503 0.255083 0.536575 0.281062 0.534208 0.284262 0.516136
1 0.246047 0.547547 0.243223 0.565835 0.270708 0.567556 0.27372 0.565404 0.27692 0.548838
1 0.29744 0.450301 0.29631 0.466437 0.323419 0.462995 0.324736 0.446859
1 0.29311 0.481713 0.292169 0.497203 0.321536 0.495052 0.322477 0.478916
1 0.285768 0.514845 0.28445 0.532272 0.314571 0.531842 0.317018 0.513769
1 0.28125 0.552065 0.279744 0.570568 0.304217 0.569062 0.308547 0.570138 0.311935 0.55142 0.306476 0.550559
1 0.325678 0.452883 0.324548 0.469019 0.350904 0.466867 0.353916 0.46321 0.353727 0.456325 0.352221 0.450947
1 0.322666 0.513984 0.320783 0.531842 0.349398 0.532702 0.350904 0.530981 0.352786 0.51506
1 0.313818 0.54346 0.311747 0.55938 0.339797 0.561102 0.342432 0.542384 0.32436 0.541093
1 0.361258 0.445138 0.35881 0.461059 0.388931 0.462995 0.392131 0.445998
1 0.357681 0.482573 0.35448 0.5 0.386107 0.502797 0.389119 0.48537
1 0.359187 0.515275 0.355422 0.532917 0.381024 0.53636 0.383471 0.518287
1 0.392884 0.451592 0.391566 0.461489 0.420746 0.464286 0.423193 0.462995 0.424511 0.451592
1 0.390248 0.479991 0.388178 0.497418 0.420369 0.5 0.42244 0.482788
1 0.384789 0.513339 0.382342 0.531196 0.412839 0.534854 0.415851 0.516997
1 0.417169 0.54432 0.417169 0.562608 0.443712 0.559165 0.442206 0.541093
1 0.458773 0.466437 0.457455 0.483649 0.483998 0.484294 0.485881 0.467298
1 0.453313 0.505594 0.452184 0.524312 0.47948 0.525387 0.480986 0.5071
1 0.484752 0.483219 0.486258 0.500645 0.515625 0.497418 0.514496 0.478916
1 0.48814 0.515706 0.488328 0.533778 0.51506 0.532487 0.515248 0.5142
1 0.482304 0.549484 0.483998 0.569062 0.513178 0.564114 0.513178 0.54475
1 0.519202 0.509897 0.515813 0.527754 0.548004 0.534208 0.54744 0.515275
1 0.551581 0.47117 0.553276 0.489458 0.582267 0.486016 0.580572 0.468158
1 0.54744 0.506024 0.550075 0.524312 0.579443 0.519793 0.577372 0.501506
1 0.547816 0.541954 0.548193 0.560886 0.580008 0.562608 0.580008 0.543244
1 0.584714 0.47741 0.585467 0.494836 0.613705 0.494836 0.612199 0.476979
1 0.581325 0.503227 0.582267 0.522375 0.615776 0.522375 0.615964 0.503657
1 0.580761 0.540017 0.581325 0.558305 0.615964 0.55938 0.615776 0.544966 0.613328 0.540663
1 0.607304 0.447289 0.609752 0.463855 0.64006 0.460843 0.637989 0.444492
1 0.618223 0.47074 0.618599 0.488382 0.646837 0.489243 0.646084 0.471386
1 0.619729 0.506885 0.620482 0.524096 0.650038 0.523021 0.647967 0.504518 0.619729 0.506239
1 0.623494 0.54432 0.62387 0.563898 0.652108 0.563898 0.650602 0.54432
1 0.646649 0.471601 0.647779 0.489028 0.67677 0.490318 0.674511 0.472461
1 0.651544 0.505379 0.654179 0.523666 0.685241 0.52216 0.684111 0.516136 0.685241 0.510112 0.683358 0.504088
1 0.651544 0.542169 0.652673 0.561747 0.683923 0.562392 0.681664 0.542599
3 0.669616 0.402539 0.669428 0.410069 0.695971 0.409854 0.695971 0.402754
1 0.679217 0.466222 0.681476 0.483434 0.709526 0.483003 0.707643 0.465577
1 0.685053 0.513984 0.688065 0.532272 0.721009 0.52926 0.717809 0.510327
1 0.693148 0.550344 0.695218 0.569062 0.699172 0.570138 0.730422 0.568632 0.725904 0.549699
1 0.705008 0.436962 0.70689 0.454604 0.736634 0.455034 0.735881 0.446429 0.73381 0.438253
1 0.71009 0.470095 0.711785 0.486876 0.742282 0.488382 0.743976 0.486661 0.740964 0.470525
1 0.716491 0.501291 0.71988 0.520439 0.751318 0.517212 0.748306 0.5
1 0.727033 0.549268 0.730798 0.567126 0.762236 0.564974 0.761483 0.553356 0.756965 0.544966
1 0.736258 0.445138 0.738517 0.461059 0.763931 0.456971 0.759789 0.445998 0.755459 0.44105
1 0.750565 0.519578 0.754142 0.537866 0.781626 0.537005 0.777861 0.518718
1 0.762048 0.554002 0.763931 0.572289 0.791227 0.571644 0.789157 0.553356
1 0.853539 0.376721 0.858434 0.390921 0.887989 0.388769 0.883471 0.37543
1 0.851092 0.417384 0.854669 0.43395 0.883095 0.434165 0.880083 0.41975
1 0.1875 0.72784 0.180158 0.768072 0.198042 0.769363 0.204443 0.72827 0.187124 0.726764
