3 0.351092 0.164587 0.027485 0.006885
2 0.350433 0.162328 0.031815 0.014415
3 0.351374 0.202345 0.029179 0.00796
2 0.351562 0.200301 0.030685 0.013339
3 0.355139 0.221063 0.029556 0.005809
2 0.354669 0.219019 0.036521 0.012478
3 0.479763 0.175344 0.028803 0.005594
2 0.478445 0.172762 0.033697 0.013769
3 0.523343 0.193417 0.030873 0.005164
2 0.522496 0.192018 0.034827 0.010972
3 0.737764 0.221063 0.030873 0.005379
2 0.73541 0.217405 0.037462 0.013554
3 0.620388 0.458907 0.02692 0.009897
2 0.626412 0.45568 0.048381 0.027108
3 0.957737 0.420503 0.031815 0.00796
2 0.954254 0.414694 0.041792 0.02216
3 0.971668 0.465254 0.03558 0.008821
2 0.969503 0.459768 0.042545 0.024957
3 0.048569 0.821966 0.03012 0.015275
2 0.057605 0.815082 0.059111 0.041523
5 0.157756 0.775602 0.042922 0.016781
4 0.146178 0.773989 0.070595 0.029475
3 0.207549 0.832939 0.032568 0.015275
2 0.217432 0.824548 0.060994 0.042384
5 0.160015 0.710951 0.042169 0.015275
4 0.152861 0.710198 0.060994 0.021515
5 0.288027 0.770439 0.021837 0.019363
4 0.280215 0.774849 0.041227 0.034208
3 0.386013 0.714824 0.030685 0.016997
2 0.393543 0.704497 0.05817 0.042814
3 0.380459 0.829819 0.033509 0.020654
2 0.386578 0.817556 0.064947 0.052926
3 0.467244 0.66222 0.049322 0.012909
2 0.46602 0.655013 0.057794 0.032917
3 0.464891 0.743115 0.052899 0.012478
2 0.464608 0.735047 0.061747 0.034639
5 0.48494 0.796041 0.03991 0.013339
4 0.472609 0.796687 0.067959 0.023666
3 0.535392 0.649634 0.049322 0.010972
2 0.532568 0.641889 0.056476 0.032917
3 0.54151 0.729346 0.052899 0.012909
2 0.538309 0.720633 0.060806 0.038081
3 0.633283 0.717405 0.03125 0.013124
2 0.641284 0.709552 0.057794 0.035284
3 0.638554 0.790125 0.032756 0.013554
2 0.646555 0.78012 0.056288 0.035714
3 0.805535 0.827238 0.051958 0.021515
2 0.801299 0.817986 0.064947 0.047332
5 0.755836 0.744191 0.081325 0.016351
4 0.741623 0.745697 0.11427 0.027108
3 0.791133 0.699118 0.029932 0.012263
2 0.798287 0.691265 0.058547 0.035284
3 0.762989 0.616824 0.028614 0.011618
2 0.768543 0.609079 0.056664 0.031842
5 0.770708 0.586381 0.03238 0.010972
4 0.762236 0.586489 0.05384 0.01463
3 0.500188 0.11435 0.029368 0.008391
2 0.499812 0.112844 0.031626 0.014845
3 0.676958 0.154045 0.024849 0.004733
2 0.675828 0.152646 0.03238 0.011403
3 0.822477 0.225258 0.015437 0.018503
2 0.818995 0.226011 0.026544 0.023881
3 0.807982 0.186962 0.026355 0.004733
2 0.806664 0.185886 0.03238 0.008176
3 0.889025 0.161898 0.025414 0.004518
2 0.889025 0.160392 0.033697 0.012263
3 0.958208 0.243761 0.026732 0.004733
2 0.956043 0.239888 0.033321 0.01463
