1 0.371875 0.304647 0.045673 0.015064
0 0.358894 0.289263 0.0875 0.053526
3 0.148197 0.491827 0.031971 0.006731
2 0.147957 0.487981 0.036779 0.017628
5 0.123077 0.472436 0.074038 0.010256
4 0.109736 0.472115 0.103606 0.017308
3 0.096875 0.677404 0.034135 0.011859
2 0.097236 0.672276 0.045433 0.02532
3 0.317788 0.615705 0.033654 0.014744
2 0.315745 0.611218 0.041587 0.028846
3 0.387861 0.644712 0.031971 0.013141
2 0.386538 0.639904 0.040865 0.028526
3 0.453005 0.642628 0.029567 0.01282
2 0.450721 0.638301 0.038462 0.027885
8 0.521755 0.573878 0.03101 0.021474
8 0.52512 0.610897 0.031971 0.022436
8 0.52476 0.64359 0.032212 0.025
5 0.246394 0.566186 0.089904 0.020833
4 0.23101 0.56859 0.126442 0.032051
3 0.267308 0.482853 0.019712 0.00609
2 0.271995 0.480609 0.035337 0.016987
3 0.614784 0.54359 0.026683 0.009615
2 0.612981 0.540865 0.032212 0.019551
