5 0.117093 0.198472 0.025602 0.026893
4 0.117282 0.198688 0.027108 0.029475
5 0.205572 0.541416 0.018449 0.004518
4 0.205384 0.541523 0.020331 0.006024
5 0.086408 0.620805 0.022967 0.0071
4 0.086596 0.620052 0.025226 0.009466
3 0.69503 0.795826 0.021084 0.005594
2 0.696348 0.79744 0.028238 0.011833
5 0.66811 0.843696 0.019955 0.005379
4 0.66811 0.843911 0.021084 0.00667
5 0.517508 0.877689 0.004895 0.02173
4 0.51666 0.877689 0.008095 0.025172
3 0.481457 0.847461 0.003953 0.01506
2 0.479104 0.848322 0.012801 0.017642
3 0.437594 0.85284 0.020896 0.004303
2 0.439006 0.854131 0.027108 0.009897
3 0.418016 0.909854 0.025038 0.004733
2 0.420181 0.911682 0.032003 0.013554
3 0.308829 0.978916 0.031062 0.006885
2 0.306852 0.975796 0.042922 0.020869
5 0.243976 0.971386 0.037651 0.006885
4 0.243882 0.970848 0.042357 0.010112
3 0.123494 0.936532 0.025979 0.007315
2 0.122835 0.934596 0.037462 0.018072
3 0.291322 0.893503 0.023155 0.004303
2 0.292733 0.895762 0.032756 0.010972
5 0.300452 0.887478 0.027108 0.004303
4 0.300546 0.887478 0.02805 0.005163
5 0.334243 0.839608 0.023532 0.005379
4 0.334149 0.839286 0.024473 0.006454
3 0.381495 0.805508 0.01939 0.003442
2 0.381777 0.802065 0.025602 0.012479
3 0.445689 0.77926 0.016755 0.004303
2 0.445877 0.782057 0.019767 0.011188
3 0.340456 0.820676 0.020143 0.003227
2 0.34055 0.822182 0.025226 0.00753
5 0.35128 0.758176 0.016566 0.004303
4 0.35128 0.758283 0.017696 0.005379
5 0.113422 0.796687 0.024661 0.017642
4 0.113611 0.796794 0.027297 0.020009
3 0.558923 0.978808 0.03012 0.009251
2 0.560994 0.983972 0.039533 0.026033
3 0.629236 0.92244 0.032191 0.0071
2 0.631965 0.925129 0.044051 0.018933
3 0.75 0.830142 0.015437 0.013985
2 0.749435 0.830787 0.024849 0.017427
