1 0.180629 0.303356 0.031062 0.005594
1 0.179405 0.312177 0.030497 0.006454
1 0.178746 0.322612 0.031062 0.006239
1 0.174605 0.348752 0.030309 0.006024
0 0.1875 0.307552 0.056852 0.043675
0 0.17884 0.352948 0.061747 0.045396
1 0.448513 0.325194 0.031438 0.010972
1 0.447572 0.334337 0.031438 0.010327
0 0.454537 0.326054 0.058923 0.053141
1 0.681476 0.335198 0.042545 0.008176
0 0.67837 0.323042 0.057041 0.039802
1 0.872082 0.320245 0.027297 0.0071
1 0.915851 0.326915 0.025979 0.005809
1 0.918486 0.335198 0.026355 0.006454
0 0.877165 0.324333 0.056288 0.042384
0 0.919898 0.323042 0.05177 0.038941
3 0.78991 0.479776 0.007154 0.017212
2 0.787839 0.480744 0.013178 0.020869
3 0.590644 0.551743 0.003953 0.020009
2 0.593374 0.55142 0.011295 0.022375
3 0.176958 0.470417 0.016566 0.004518
2 0.177428 0.467405 0.020143 0.012263
3 0.198513 0.519148 0.016755 0.004733
2 0.198513 0.516136 0.020143 0.012048
3 0.89006 0.430508 0.013178 0.003012
2 0.888931 0.428356 0.017319 0.009036
3 0.883283 0.496665 0.013554 0.00753
2 0.881965 0.494191 0.017319 0.013769
5 0.756495 0.206971 0.030685 0.007315
4 0.746612 0.209552 0.050828 0.015921
