8 0.238611 0.205572 0.04311 0.032487
3 0.247082 0.182874 0.032568 0.010757
3 0.300734 0.198795 0.031062 0.006885
3 0.517884 0.188361 0.007907 0.040663
3 0.611916 0.164264 0.022026 0.009251
3 0.616717 0.109402 0.020708 0.008391
3 0.65032 0.171256 0.021649 0.009036
7 0.693148 0.211166 0.027485 0.010542
3 0.737952 0.202991 0.032756 0.010112
3 0.787839 0.226657 0.033132 0.012694
3 0.834337 0.182552 0.021084 0.013124
2 0.83782 0.178464 0.031062 0.026463
2 0.787274 0.220417 0.03878 0.029475
2 0.738234 0.198257 0.037462 0.024312
3 0.887895 0.156519 0.032191 0.016136
2 0.88686 0.152861 0.039533 0.031626
2 0.614928 0.160069 0.029179 0.022375
2 0.653144 0.166201 0.029556 0.020869
2 0.619635 0.104023 0.029179 0.020869
7 0.582361 0.160499 0.021649 0.006024
6 0.582455 0.160607 0.023343 0.0071
2 0.513084 0.189436 0.021273 0.046687
2 0.300075 0.193632 0.036145 0.021945
2 0.245482 0.177496 0.038027 0.025387
8 0.732681 0.173946 0.031627 0.025172
8 0.734846 0.22117 0.039721 0.026678
5 0.093562 0.341975 0.036898 0.00796
4 0.087632 0.34262 0.051393 0.013985
3 0.128671 0.361661 0.027297 0.006454
2 0.128294 0.356713 0.029932 0.020224
3 0.164627 0.417276 0.017508 0.00753
2 0.166792 0.412543 0.029744 0.020869
5 0.251694 0.336812 0.039533 0.009682
4 0.245576 0.337672 0.053652 0.014845
3 0.298569 0.343589 0.03238 0.007745
2 0.297157 0.33821 0.037462 0.023236
3 0.301864 0.409423 0.030685 0.007745
2 0.300358 0.404367 0.036333 0.02259
3 0.345068 0.431476 0.018072 0.00796
2 0.347703 0.426312 0.027485 0.021299
3 0.486352 0.326269 0.03558 0.010972
3 0.4952 0.407057 0.034074 0.010757
3 0.542357 0.411898 0.033132 0.009251
3 0.539627 0.382423 0.021273 0.00796
3 0.546216 0.343051 0.022026 0.013124
3 0.595444 0.334015 0.019578 0.00753
3 0.632248 0.378335 0.02052 0.00796
3 0.684112 0.323795 0.033509 0.011188
3 0.599868 0.42287 0.032944 0.00753
3 0.680158 0.412758 0.032003 0.008821
3 0.626412 0.450839 0.020143 0.008821
3 0.750471 0.456863 0.01939 0.0071
3 0.844032 0.331325 0.032568 0.009897
3 0.839326 0.358541 0.032191 0.010542
3 0.837538 0.387156 0.030874 0.00796
3 0.845068 0.412328 0.030873 0.00796
3 0.837538 0.441158 0.031626 0.00667
3 0.833114 0.466007 0.030309 0.008606
3 0.891849 0.3608 0.030685 0.006885
3 0.953313 0.390921 0.027108 0.008176
3 0.874906 0.439221 0.018261 0.00753
3 0.907474 0.459445 0.016378 0.009251
3 0.400791 0.434165 0.03238 0.006885
2 0.400132 0.432767 0.038215 0.023881
2 0.493976 0.401786 0.03991 0.025602
2 0.485222 0.320245 0.040474 0.026033
2 0.55177 0.335413 0.041416 0.032272
2 0.544616 0.376721 0.035392 0.022375
2 0.541227 0.406734 0.039157 0.024742
2 0.598362 0.329281 0.027673 0.018718
2 0.599115 0.417707 0.037086 0.02173
2 0.635166 0.373386 0.029368 0.02173
2 0.628388 0.446644 0.028238 0.022375
2 0.684488 0.318954 0.039533 0.027324
2 0.679029 0.407272 0.036898 0.024957
2 0.753012 0.450839 0.027108 0.020869
2 0.843656 0.327668 0.036333 0.023666
2 0.83895 0.355099 0.036333 0.023451
2 0.837067 0.382207 0.035956 0.023451
2 0.844409 0.40824 0.036709 0.02173
2 0.837726 0.436209 0.035768 0.02173
2 0.833773 0.462134 0.035392 0.022375
2 0.891284 0.355529 0.034074 0.02173
2 0.953125 0.386941 0.03238 0.023021
2 0.880554 0.434488 0.032568 0.02259
2 0.912462 0.454819 0.03238 0.022805
3 0.944371 0.447182 0.024661 0.010542
2 0.944654 0.442341 0.028238 0.022375
