8 0.116905 0.338425 0.02259 0.030551
8 0.088008 0.347354 0.022779 0.029475
3 0.080384 0.329389 0.012801 0.005164
2 0.081325 0.325624 0.018449 0.013124
3 0.120953 0.364243 0.013742 0.004733
2 0.122459 0.361016 0.01939 0.012909
3 0.061088 0.343911 0.019014 0.006239
2 0.060617 0.340469 0.024096 0.015275
3 0.012048 0.346493 0.019202 0.006239
2 0.011389 0.343266 0.022779 0.014845
2 0.036427 0.343804 0.023532 0.01463
3 0.037556 0.346601 0.01939 0.005594
3 0.047722 0.318739 0.023155 0.005379
2 0.047157 0.315512 0.02692 0.013985
7 0.102033 0.14006 0.02372 0.009466
6 0.10401 0.138877 0.045745 0.016136
