3 0.412274 0.068524 0.019202 0.004518
2 0.411709 0.066265 0.022214 0.011188
3 0.499153 0.054432 0.018637 0.006885
2 0.498682 0.053141 0.021461 0.012048
3 0.450395 0.004195 0.019014 0.004948
2 0.450113 0.00398 0.021084 0.00796
5 0.573607 0.05895 0.020708 0.004303
4 0.573701 0.059273 0.023532 0.0071
5 0.570877 0.021945 0.019014 0.005164
4 0.570971 0.022052 0.022214 0.00753
5 0.63413 0.021515 0.017507 0.004733
4 0.633942 0.020977 0.018637 0.0071
5 0.640437 0.057014 0.020331 0.005164
4 0.640907 0.057014 0.023155 0.007745
5 0.301393 0.849075 0.024849 0.00753
4 0.303087 0.849613 0.028614 0.012048
5 0.445501 0.848214 0.024661 0.006239
4 0.445595 0.847784 0.028614 0.009682
5 0.443806 0.924376 0.027297 0.0071
4 0.444748 0.924591 0.030685 0.009682
5 0.570877 0.938361 0.02692 0.00796
4 0.572007 0.939436 0.033697 0.010542
5 0.541698 0.801312 0.01939 0.004518
4 0.54198 0.80099 0.020708 0.007315
5 0.539062 0.844342 0.022026 0.005379
4 0.538686 0.844664 0.023908 0.007315
5 0.084996 0.990426 0.031438 0.009682
4 0.08509 0.989565 0.033886 0.012694
5 0.310617 0.700301 0.014684 0.003442
4 0.310617 0.700301 0.016943 0.006024
5 0.494258 0.686532 0.012236 0.003442
4 0.493976 0.686747 0.013931 0.006024
