1 0.419522 0.503335 0.016755 0.00667
0 0.414627 0.497956 0.032191 0.023021
1 0.503577 0.473967 0.026732 0.009897
0 0.503953 0.467836 0.028614 0.026893
1 0.419898 0.626829 0.026544 0.006239
0 0.420275 0.61747 0.030685 0.031411
1 0.513178 0.609725 0.029367 0.008606
0 0.513178 0.598429 0.034262 0.03679
1 0.650979 0.596601 0.044051 0.011618
0 0.651261 0.583584 0.051017 0.045396
1 0.833773 0.60682 0.059111 0.015706
0 0.830196 0.590254 0.073795 0.054862
1 0.686559 0.814436 0.050828 0.015275
0 0.686182 0.798085 0.059488 0.057874
