1 0.105769 0.221635 0.031731 0.011218
1 0.100962 0.233654 0.031731 0.010897
1 0.086899 0.260737 0.047837 0.013782
0 0.096995 0.248878 0.10649 0.097115
1 0.376562 0.291346 0.04976 0.017308
0 0.364904 0.274199 0.087019 0.061859
1 0.679087 0.192308 0.070192 0.019872
0 0.674038 0.175641 0.093269 0.062821
3 0.090865 0.457853 0.025962 0.006731
2 0.091346 0.453205 0.033173 0.017949
3 0.026322 0.520833 0.025721 0.011538
2 0.026803 0.516026 0.028606 0.021795
3 0.28726 0.524359 0.028365 0.007051
2 0.285577 0.520673 0.033173 0.017628
5 0.290625 0.488782 0.066346 0.016667
4 0.275841 0.488141 0.098317 0.023718
7 0.508774 0.523878 0.065625 0.048397
6 0.508534 0.523878 0.072837 0.055449
3 0.590144 0.46843 0.017788 0.007372
2 0.594712 0.464103 0.03125 0.017308
7 0.745072 0.430609 0.057452 0.021474
6 0.746514 0.43109 0.063221 0.029487
5 0.201202 0.690224 0.083654 0.01891
4 0.190986 0.690385 0.109375 0.029487
5 0.377524 0.684615 0.083413 0.01859
4 0.367067 0.684615 0.111058 0.029487
3 0.505529 0.645513 0.025962 0.008974
2 0.50625 0.640224 0.033173 0.022756
5 0.495553 0.753846 0.026683 0.008333
4 0.492067 0.754327 0.039904 0.013141
3 0.559495 0.788942 0.034856 0.010577
2 0.558414 0.782852 0.038942 0.027244
3 0.617067 0.769872 0.034615 0.012821
2 0.615865 0.763301 0.039423 0.028526
5 0.619111 0.7375 0.034375 0.009615
4 0.615505 0.73734 0.04399 0.011859
3 0.600481 0.691987 0.012019 0.041026
2 0.605048 0.690545 0.024038 0.046474
3 0.688822 0.704167 0.033894 0.008333
2 0.687861 0.698558 0.03726 0.023397
3 0.684135 0.784936 0.033173 0.010897
2 0.683413 0.779327 0.0375 0.025962
3 0.777404 0.785256 0.035577 0.010897
2 0.776322 0.779006 0.041587 0.025962
