3 0.453125 0.858814 0.038462 0.0125
2 0.452284 0.851122 0.04399 0.032372
3 0.568029 0.84407 0.023077 0.011218
2 0.571154 0.83734 0.035096 0.030449
3 0.666827 0.880449 0.037019 0.011538
2 0.664423 0.872917 0.044712 0.030449
3 0.859135 0.871314 0.041346 0.011218
2 0.85649 0.863782 0.049519 0.028846
9 0.849159 0.82468 0.057933 0.046154
3 0.928846 0.761859 0.025 0.010256
2 0.934736 0.755449 0.047356 0.026923
3 0.790745 0.763942 0.038221 0.009936
2 0.788702 0.758494 0.045192 0.025321
3 0.633654 0.789744 0.033173 0.011538
2 0.631731 0.784135 0.040385 0.026603
3 0.468269 0.750801 0.007692 0.043269
2 0.46238 0.751122 0.021875 0.048397
3 0.205409 0.833654 0.023798 0.009615
2 0.213942 0.826282 0.047596 0.027564
3 0.248077 0.748237 0.037019 0.022115
2 0.245913 0.742628 0.044231 0.039744
3 0.085216 0.838301 0.03726 0.01891
2 0.083654 0.83109 0.042788 0.039103
3 0.082332 0.880769 0.038221 0.008974
2 0.084495 0.873558 0.049279 0.026603
9 0.075361 0.728846 0.050721 0.033974
4 0.891707 0.55625 0.061779 0.017628
5 0.898317 0.555449 0.046154 0.010897
3 0.87512 0.48734 0.01899 0.00609
2 0.878365 0.482532 0.037019 0.017628
3 0.824399 0.556731 0.03149 0.010256
2 0.823558 0.551603 0.036058 0.023718
3 0.919351 0.582051 0.033413 0.008974
2 0.918149 0.577244 0.039183 0.020513
3 0.777164 0.610096 0.010096 0.021474
2 0.783774 0.615385 0.027163 0.038462
3 0.647596 0.565705 0.033173 0.014103
2 0.646514 0.561859 0.038221 0.025
3 0.644111 0.462821 0.030048 0.00641
2 0.642788 0.458494 0.035096 0.017628
3 0.492428 0.575641 0.01899 0.007051
2 0.499038 0.569551 0.034615 0.020513
3 0.452284 0.509295 0.028606 0.007051
2 0.450841 0.505128 0.033894 0.017949
3 0.412139 0.592788 0.03101 0.0125
2 0.411418 0.5875 0.034856 0.025641
3 0.344231 0.584135 0.020192 0.011218
2 0.35 0.579487 0.0375 0.027564
3 0.349038 0.501282 0.015385 0.007692
2 0.353606 0.496795 0.029808 0.020513
3 0.273558 0.562981 0.006731 0.019551
2 0.278365 0.567628 0.018269 0.035897
3 0.139904 0.575481 0.033173 0.008013
2 0.139784 0.569872 0.041106 0.021795
7 0.033894 0.462821 0.03125 0.00641
6 0.033894 0.462821 0.033173 0.008333
1 0.533774 0.285096 0.046394 0.0125
0 0.51875 0.266026 0.091346 0.062821
1 0.822596 0.272436 0.075 0.016026
0 0.817188 0.260577 0.097356 0.044231
