1 0.137425 0.33025 0.03878 0.012909
0 0.133471 0.317664 0.083208 0.047117
3 0.056005 0.443524 0.01939 0.00753
2 0.057417 0.440404 0.026355 0.017212
3 0.103633 0.452883 0.011483 0.004733
2 0.107869 0.449226 0.021837 0.01463
3 0.181758 0.470417 0.024285 0.006239
2 0.181758 0.466975 0.029179 0.015275
3 0.240964 0.447504 0.014307 0.005594
2 0.245764 0.44503 0.028426 0.015706
3 0.921122 0.508929 0.010919 0.023451
4 0.919051 0.508606 0.019578 0.028399
3 0.959902 0.508929 0.019202 0.008391
2 0.958773 0.505701 0.024096 0.018287
3 0.965173 0.542599 0.018825 0.005594
2 0.963479 0.539372 0.024473 0.01506
3 0.90945 0.534854 0.01619 0.004733
2 0.908038 0.531089 0.024285 0.015275
3 0.979575 0.628012 0.019767 0.012478
2 0.977033 0.624462 0.027485 0.024312
3 0.861634 0.65383 0.025226 0.008176
2 0.859846 0.649634 0.031815 0.020439
3 0.800922 0.671794 0.025791 0.010112
2 0.799887 0.667384 0.03012 0.022806
3 0.717526 0.661898 0.016755 0.006239
2 0.721762 0.657595 0.03125 0.019148
3 0.664627 0.67287 0.027297 0.010972
2 0.662274 0.668567 0.034262 0.024742
3 0.567206 0.686532 0.028991 0.007315
2 0.566547 0.682014 0.033697 0.019793
3 0.560617 0.608756 0.026732 0.00796
2 0.560429 0.604238 0.03012 0.020009
3 0.501318 0.655228 0.018449 0.00753
2 0.506024 0.650387 0.03125 0.019793
3 0.449831 0.669643 0.017884 0.00753
2 0.454819 0.664802 0.033133 0.021084
3 0.390907 0.650065 0.017508 0.006239
2 0.396743 0.644794 0.032944 0.018933
3 0.335655 0.6463 0.024849 0.009036
2 0.335184 0.641997 0.031062 0.021945
3 0.274002 0.672547 0.017508 0.007745
2 0.278897 0.667276 0.031062 0.02173
3 0.208584 0.633498 0.026355 0.010972
2 0.208678 0.629088 0.033321 0.023236
3 0.156626 0.639738 0.016566 0.006239
2 0.161333 0.635004 0.032003 0.018718
3 0.137519 0.600043 0.024285 0.007745
2 0.138366 0.596278 0.027485 0.016997
3 0.028426 0.604884 0.02259 0.010112
2 0.029273 0.601549 0.027297 0.020224
3 0.059582 0.628657 0.023908 0.012048
2 0.060429 0.62457 0.028991 0.023666
