1 0.362575 0.186532 0.068148 0.012909
0 0.363987 0.170611 0.093185 0.054217
1 0.752918 0.145977 0.036709 0.016997
1 0.755742 0.154367 0.037839 0.017427
0 0.756495 0.14404 0.073983 0.050559
1 0.763554 0.177818 0.039157 0.014845
1 0.767225 0.186962 0.040098 0.015491
1 0.77052 0.196213 0.041039 0.01506
0 0.77372 0.181046 0.077937 0.055293
1 0.779462 0.217943 0.042733 0.015921
1 0.784638 0.228485 0.041039 0.013769
0 0.791322 0.225796 0.086032 0.058735
3 0.128671 0.51108 0.038968 0.015275
2 0.129895 0.504626 0.051581 0.031196
3 0.454913 0.692233 0.027297 0.012263
2 0.464608 0.681691 0.051958 0.03679
3 0.644767 0.622096 0.024096 0.009251
2 0.649285 0.614565 0.041416 0.026893
