1 0.034921 0.328313 0.055911 0.012909
0 0.039439 0.314006 0.075489 0.048838
1 0.329631 0.307874 0.058358 0.01463
0 0.329913 0.290663 0.075113 0.055508
1 0.533886 0.290878 0.060617 0.010327
0 0.532474 0.276248 0.070218 0.046472
1 0.737387 0.291201 0.053087 0.012263
0 0.736728 0.274419 0.070971 0.05142
1 0.848739 0.270116 0.036709 0.0071
1 0.852974 0.279798 0.035768 0.005809
1 0.856739 0.289694 0.035768 0.00667
1 0.899285 0.270009 0.032756 0.006454
1 0.903238 0.279152 0.033509 0.00753
0 0.855422 0.276786 0.073419 0.040232
0 0.908886 0.276355 0.065512 0.041093
