2 0.207812 0.693109 0.026202 0.014423
3 0.208173 0.696795 0.020673 0.004487
2 0.241947 0.699199 0.02476 0.015705
3 0.242188 0.703205 0.019952 0.005128
3 0.270072 0.707692 0.020433 0.00641
2 0.269832 0.703526 0.02476 0.017949
3 0.31274 0.698878 0.020192 0.004808
2 0.311538 0.695353 0.025 0.014423
3 0.347236 0.708013 0.019471 0.005769
2 0.346635 0.704006 0.024038 0.015705
3 0.379327 0.707853 0.019712 0.005449
2 0.378846 0.703526 0.023558 0.015385
3 0.416466 0.674359 0.019952 0.00641
2 0.416106 0.670513 0.023077 0.016026
3 0.418389 0.640545 0.01226 0.004808
2 0.421394 0.63718 0.022115 0.014103
3 0.379808 0.635256 0.019231 0.004487
2 0.379928 0.63157 0.022837 0.014423
3 0.345433 0.668109 0.020192 0.004808
2 0.344952 0.664103 0.024038 0.015385
3 0.313702 0.670032 0.020192 0.005449
2 0.313462 0.666026 0.025 0.014744
7 0.314663 0.621635 0.027404 0.008654
6 0.314784 0.621474 0.028606 0.010897
3 0.288101 0.613782 0.00649 0.023718
2 0.284856 0.614423 0.014423 0.026923
2 0.251322 0.615865 0.023317 0.015064
3 0.252284 0.619231 0.019471 0.005769
3 0.276562 0.665865 0.019952 0.004808
2 0.276082 0.662019 0.02476 0.015064
3 0.244832 0.661058 0.020433 0.004808
2 0.245072 0.657692 0.02524 0.014744
3 0.213341 0.657692 0.020433 0.004487
2 0.213582 0.654167 0.02524 0.014744
3 0.21875 0.63125 0.020673 0.004808
2 0.21863 0.627244 0.023798 0.014103
3 0.16851 0.534936 0.017788 0.003846
2 0.167668 0.531891 0.022837 0.0125
3 0.113702 0.510577 0.019231 0.008974
2 0.113341 0.507853 0.022356 0.018269
3 0.045072 0.502564 0.018029 0.005128
2 0.045553 0.5 0.022837 0.012821
3 0.128365 0.454006 0.017308 0.005449
2 0.128846 0.451282 0.023558 0.014103
3 0.176082 0.474519 0.016587 0.004167
2 0.175481 0.471635 0.020673 0.011859
3 0.182813 0.417147 0.018029 0.003526
2 0.181971 0.414904 0.022115 0.011218
3 0.134255 0.417468 0.015625 0.005449
2 0.133774 0.415064 0.021394 0.012821
3 0.175 0.359135 0.016346 0.004808
2 0.174639 0.35593 0.019952 0.011859
3 0.18762 0.297596 0.016106 0.003526
2 0.187981 0.295353 0.020673 0.009936
3 0.152524 0.282051 0.016106 0.003205
2 0.152524 0.279968 0.019952 0.009295
3 0.116587 0.253686 0.014904 0.004808
2 0.116707 0.251442 0.019471 0.010577
3 0.101683 0.298558 0.008173 0.016346
2 0.103606 0.298878 0.013942 0.018269
3 0.034856 0.266827 0.013462 0.005449
2 0.035457 0.264744 0.019471 0.011538
3 0.019712 0.311378 0.012981 0.006731
2 0.020072 0.309295 0.017067 0.013462
3 0.015986 0.348878 0.015625 0.004167
2 0.015986 0.346154 0.020433 0.012179
3 0.080649 0.32532 0.016106 0.003846
2 0.080889 0.322596 0.021394 0.010577
3 0.730288 0.521635 0.017788 0.004167
2 0.729327 0.519231 0.021635 0.01282
3 0.727043 0.46266 0.018029 0.004167
2 0.726202 0.459455 0.021154 0.0125
3 0.715385 0.396314 0.016827 0.00609
2 0.715144 0.39407 0.019231 0.013141
3 0.657933 0.328846 0.003846 0.016667
2 0.65601 0.328846 0.010096 0.01859
3 0.649279 0.383814 0.016827 0.004808
2 0.648558 0.38141 0.019231 0.012179
3 0.615745 0.4125 0.010337 0.003846
2 0.617909 0.409776 0.019952 0.010577
3 0.630048 0.474359 0.017788 0.005128
2 0.629447 0.471314 0.020433 0.014423
3 0.673918 0.465865 0.005529 0.01891
2 0.676562 0.465064 0.013221 0.022436
3 0.655649 0.482853 0.017548 0.004808
2 0.655048 0.479808 0.020673 0.012821
3 0.638822 0.535417 0.01851 0.004808
2 0.638101 0.532212 0.021875 0.013782
3 0.592428 0.530929 0.007933 0.020192
2 0.589062 0.530288 0.016587 0.024038
3 0.571875 0.508974 0.003846 0.019872
2 0.56875 0.509776 0.011058 0.022756
3 0.547115 0.506891 0.00625 0.01891
2 0.549399 0.504968 0.013221 0.024679
3 0.611538 0.3875 0.009615 0.007051
2 0.613462 0.383974 0.021154 0.016026
3 0.607212 0.360256 0.012981 0.003846
2 0.607332 0.358173 0.015144 0.010577
3 0.622476 0.329968 0.014663 0.004167
2 0.621755 0.327244 0.01899 0.010256
3 0.534736 0.409776 0.017067 0.00609
2 0.534255 0.407692 0.019952 0.012179
3 0.469952 0.447917 0.016827 0.004167
2 0.469351 0.445032 0.019952 0.011859
3 0.463702 0.42468 0.004808 0.019231
2 0.461178 0.42484 0.01226 0.021474
3 0.473077 0.36282 0.003846 0.016667
2 0.470433 0.362981 0.011058 0.019551
3 0.420913 0.334615 0.016346 0.003846
2 0.420793 0.332372 0.01899 0.010897
3 0.396875 0.361058 0.0125 0.004808
2 0.396755 0.358013 0.014183 0.012821
3 0.372476 0.328846 0.015625 0.005128
2 0.372115 0.326442 0.018269 0.011218
3 0.367067 0.298718 0.015385 0.003846
2 0.366827 0.296635 0.018269 0.008654
3 0.332812 0.369551 0.016106 0.003205
2 0.332692 0.366987 0.018269 0.009615
3 0.303125 0.401763 0.016346 0.005449
2 0.303125 0.399359 0.020192 0.012821
3 0.294952 0.460577 0.017308 0.005128
2 0.294952 0.457372 0.021154 0.012821
3 0.237861 0.53766 0.01899 0.004167
2 0.238101 0.534615 0.022356 0.012179
3 0.232933 0.470353 0.006731 0.019551
2 0.235457 0.470032 0.014183 0.021474
3 0.254928 0.425962 0.017548 0.005769
2 0.254687 0.423397 0.021875 0.012821
3 0.256731 0.399199 0.017308 0.004167
2 0.25637 0.396635 0.020433 0.011859
3 0.258413 0.382051 0.016346 0.005769
2 0.258293 0.379327 0.019952 0.013782
9 0.409255 0.370032 0.023317 0.034936
3 0.464663 0.289744 0.014904 0.004487
2 0.464543 0.28734 0.01851 0.011218
3 0.564784 0.396795 0.016587 0.004487
2 0.565385 0.39984 0.019231 0.011218
9 0.652043 0.4125 0.023317 0.037179
9 0.695192 0.37516 0.024519 0.033654
9 0.729688 0.530128 0.017067 0.003846
9 0.607692 0.36875 0.015865 0.003526
