3 0.434582 0.320138 0.019767 0.004303
2 0.43317 0.314006 0.027108 0.02259
5 0.142131 0.520546 0.022967 0.0071
4 0.137331 0.519256 0.034827 0.012694
3 0.142413 0.54034 0.013366 0.005809
2 0.146837 0.537651 0.027108 0.015921
3 0.287556 0.448903 0.020143 0.0071
2 0.287745 0.445891 0.025414 0.015275
3 0.338102 0.461166 0.022214 0.004948
2 0.337444 0.458154 0.026544 0.013124
5 0.38573 0.435456 0.017319 0.004733
4 0.378953 0.435994 0.031627 0.010112
3 0.40192 0.440727 0.013931 0.004088
2 0.406438 0.43793 0.024473 0.011833
5 0.367658 0.544213 0.017696 0.005379
4 0.362293 0.542276 0.030309 0.010542
3 0.391754 0.548838 0.015813 0.006454
2 0.395896 0.545934 0.027861 0.017857
3 0.448701 0.558412 0.025038 0.008391
2 0.447854 0.55454 0.028991 0.018718
3 0.518731 0.52614 0.023532 0.006239
2 0.518919 0.522268 0.026544 0.014845
3 0.518355 0.454281 0.014119 0.006239
2 0.522026 0.451915 0.025602 0.015275
8 0.557511 0.450086 0.027673 0.019363
3 0.557135 0.475581 0.023155 0.0071
2 0.556758 0.472569 0.026167 0.016136
3 0.554311 0.501614 0.013742 0.00667
2 0.557511 0.497956 0.027673 0.016997
3 0.580196 0.54034 0.024849 0.005379
2 0.579254 0.537543 0.027861 0.014845
5 0.611446 0.482466 0.017696 0.00667
4 0.607304 0.48182 0.027485 0.009682
3 0.641096 0.492362 0.012989 0.0071
2 0.644767 0.489888 0.024096 0.017642
3 0.712726 0.544428 0.013178 0.0071
2 0.718468 0.541093 0.026167 0.017212
3 0.697666 0.471386 0.013931 0.005594
2 0.703219 0.468266 0.025791 0.015275
3 0.226186 0.524634 0.019014 0.013124
2 0.226092 0.521622 0.021837 0.021299
3 0.328031 0.512156 0.023532 0.004948
2 0.327937 0.508929 0.024849 0.013124
5 0.21715 0.445568 0.014872 0.004303
4 0.213385 0.443309 0.025791 0.009682
3 0.185053 0.45654 0.018449 0.007315
2 0.185617 0.454174 0.022214 0.015491
3 0.242658 0.437608 0.012801 0.004733
2 0.246988 0.435456 0.024096 0.012479
