3 0.012861 0.345994 0.025721 0.008654
2 0.014543 0.340865 0.029087 0.022115
8 0.022356 0.128205 0.029808 0.015385
8 0.075841 0.12516 0.023798 0.01891
8 0.052524 0.034615 0.030048 0.016026
8 0.012139 0.043269 0.023798 0.015385
8 0.09988 0.040385 0.025721 0.015385
3 0.132572 0.57468 0.03149 0.011539
2 0.131971 0.569231 0.038462 0.025641
3 0.2 0.645192 0.033173 0.010256
2 0.198918 0.639263 0.041587 0.026603
2 0.350841 0.528526 0.039183 0.025
3 0.344832 0.533814 0.020913 0.008654
2 0.42476 0.590705 0.0375 0.023718
3 0.426562 0.596154 0.03149 0.007692
2 0.52524 0.600962 0.036538 0.023077
3 0.525841 0.604647 0.031971 0.008013
3 0.628245 0.602564 0.032452 0.008333
2 0.626202 0.597115 0.038462 0.024359
8 0.671154 0.538301 0.029808 0.028526
3 0.675721 0.51891 0.028365 0.008974
2 0.674279 0.514103 0.033654 0.022436
3 0.741346 0.501763 0.030769 0.008654
2 0.739543 0.497276 0.036779 0.021474
3 0.740625 0.603526 0.032212 0.010256
2 0.738341 0.597436 0.038221 0.026282
8 0.801803 0.559776 0.03101 0.024679
3 0.814183 0.675962 0.031731 0.010256
2 0.813341 0.671154 0.036298 0.025641
3 0.883413 0.61907 0.03125 0.009936
2 0.881731 0.614103 0.037019 0.025
8 0.958774 0.642468 0.034856 0.025962
3 0.957572 0.539744 0.029567 0.00641
2 0.954808 0.534295 0.0375 0.019872
8 0.900481 0.411058 0.030769 0.020192
8 0.813702 0.392147 0.029808 0.020833
3 0.735697 0.37532 0.028125 0.007692
2 0.734014 0.372115 0.034856 0.019231
8 0.620793 0.410256 0.028125 0.021795
8 0.535216 0.392628 0.027163 0.020513
8 0.454567 0.349359 0.026923 0.019872
8 0.272837 0.389904 0.030288 0.022115
3 0.303005 0.354808 0.028125 0.009615
2 0.302764 0.351603 0.033894 0.019872
3 0.214303 0.329167 0.017548 0.007051
2 0.21887 0.325641 0.034375 0.01859
3 0.121154 0.3375 0.029808 0.010256
2 0.119832 0.333654 0.034856 0.021154
2 0.278125 0.167308 0.032212 0.01859
3 0.277404 0.163141 0.025481 0.008333
2 0.347837 0.134295 0.027885 0.015385
3 0.348798 0.13734 0.024038 0.00609
2 0.292428 0.064263 0.028125 0.013141
3 0.29387 0.066667 0.022837 0.005769
2 0.39988 0.047917 0.020913 0.016346
3 0.398317 0.04984 0.012981 0.00609
2 0.453726 0.194872 0.030048 0.017308
3 0.453606 0.198878 0.022596 0.006731
8 0.697596 0.204167 0.024519 0.021154
8 0.689904 0.119391 0.024519 0.014423
8 0.682212 0.046635 0.022115 0.014423
8 0.614062 0.050321 0.022356 0.014103
2 0.61262 0.096955 0.027163 0.018269
3 0.61262 0.09984 0.019952 0.008013
2 0.559375 0.093269 0.025962 0.014103
3 0.560577 0.096795 0.022596 0.005128
2 0.563221 0.158494 0.023077 0.017628
3 0.563221 0.161378 0.020673 0.007372
8 0.864664 0.205288 0.026442 0.016346
8 0.851562 0.129006 0.023317 0.015705
3 0.623558 0.181891 0.024038 0.007372
2 0.623077 0.179487 0.028365 0.016667
