3 0.134375 0.349359 0.013942 0.005128
2 0.139062 0.346314 0.030529 0.014423
3 0.11863 0.421474 0.015625 0.005128
2 0.123918 0.417468 0.030529 0.015064
5 0.204567 0.344231 0.023558 0.005769
4 0.19976 0.34343 0.035577 0.010577
3 0.195072 0.416987 0.015625 0.004487
2 0.200601 0.413462 0.030529 0.013462
3 0.314423 0.475321 0.016346 0.007692
2 0.320553 0.472756 0.030048 0.016667
3 0.078245 0.754968 0.021875 0.008013
2 0.085216 0.74984 0.042067 0.023397
5 0.040144 0.748558 0.035096 0.011859
4 0.032212 0.747115 0.052885 0.019872
3 0.259495 0.796795 0.021875 0.010256
2 0.265625 0.791667 0.040385 0.026923
3 0.361418 0.715865 0.03101 0.008013
2 0.360216 0.710417 0.035337 0.021474
3 0.329087 0.81843 0.020673 0.009936
2 0.335817 0.81282 0.038462 0.026282
3 0.426803 0.572596 0.026683 0.007372
2 0.426202 0.56875 0.030769 0.017628
3 0.427163 0.65016 0.029327 0.009936
2 0.426442 0.645833 0.034135 0.022436
3 0.420793 0.714103 0.030529 0.007692
2 0.420192 0.709135 0.034615 0.020192
3 0.420072 0.794231 0.031971 0.008974
2 0.420192 0.78766 0.036058 0.023397
3 0.479207 0.820833 0.019952 0.005769
2 0.479567 0.818109 0.022115 0.013141
3 0.534135 0.702404 0.016827 0.009936
2 0.539303 0.698558 0.03149 0.025962
5 0.565264 0.820673 0.038221 0.008654
4 0.565264 0.825801 0.039663 0.021474
3 0.680168 0.64375 0.01851 0.008654
3 0.718269 0.619231 0.016827 0.00641
2 0.683654 0.63782 0.035577 0.023718
3 0.68774 0.68766 0.017788 0.007372
2 0.691827 0.681731 0.035577 0.020513
3 0.727404 0.795192 0.03125 0.010897
2 0.726322 0.789263 0.036298 0.025321
2 0.721755 0.614103 0.033413 0.017949
3 0.732572 0.683814 0.017548 0.006731
2 0.736899 0.679487 0.036298 0.021154
3 0.775 0.725 0.018269 0.008333
2 0.779808 0.719391 0.033173 0.023397
3 0.815505 0.729327 0.01851 0.007372
2 0.819231 0.72468 0.035577 0.019872
3 0.853846 0.72484 0.019231 0.007372
2 0.857933 0.719231 0.035096 0.020513
3 0.897236 0.80641 0.01851 0.007692
2 0.89988 0.800481 0.03726 0.022756
3 0.985216 0.610897 0.015144 0.005769
2 0.982212 0.60657 0.022596 0.016987
5 0.346154 0.752564 0.022115 0.005769
4 0.342428 0.752404 0.03101 0.009295
