1 0.018149 0.288622 0.035817 0.013141
0 0.033774 0.285737 0.067548 0.040705
1 0.306851 0.283013 0.047356 0.012179
1 0.305529 0.292949 0.048077 0.012821
1 0.304688 0.303205 0.049279 0.012821
0 0.314423 0.288942 0.08125 0.055449
1 0.30024 0.335577 0.048077 0.014744
0 0.307091 0.342949 0.090625 0.065385
1 0.434615 0.329006 0.044712 0.007372
1 0.434736 0.336699 0.043029 0.005449
1 0.433173 0.346314 0.045192 0.007372
0 0.442668 0.327724 0.072837 0.056731
1 0.443269 0.376442 0.028365 0.009295
1 0.44387 0.387019 0.028606 0.009295
1 0.433894 0.397276 0.048558 0.011218
0 0.443149 0.380128 0.075721 0.051923
1 0.518149 0.3375 0.026202 0.007692
1 0.520072 0.344872 0.024279 0.009615
1 0.520793 0.354647 0.02476 0.010577
1 0.508173 0.373558 0.045673 0.01891
1 0.507692 0.384615 0.044712 0.019231
1 0.509375 0.395673 0.042308 0.01891
0 0.519351 0.34359 0.074279 0.05
0 0.517548 0.384936 0.071635 0.060897
1 0.459135 0.752564 0.086538 0.021154
0 0.457933 0.728205 0.102404 0.089744
1 0.794712 0.761218 0.072596 0.020513
0 0.786418 0.733173 0.10601 0.092628
1 0.671635 0.354006 0.024038 0.006731
1 0.67476 0.3625 0.022596 0.007051
1 0.675962 0.372756 0.025481 0.010897
1 0.736899 0.354647 0.026202 0.008013
1 0.741346 0.363782 0.024038 0.007692
1 0.744832 0.373077 0.02524 0.008333
1 0.674159 0.404647 0.045913 0.009295
1 0.677164 0.415224 0.046154 0.007372
1 0.680769 0.424519 0.046154 0.007372
1 0.743269 0.404167 0.038942 0.009615
1 0.745312 0.416506 0.041587 0.009295
1 0.747596 0.427564 0.041346 0.008974
0 0.673438 0.356891 0.076683 0.050962
0 0.686659 0.415865 0.084856 0.070192
0 0.755529 0.41843 0.084615 0.074679
0 0.739784 0.359936 0.080048 0.045513
1 0.710216 0.444071 0.027164 0.008654
1 0.773678 0.445353 0.024279 0.009936
1 0.893389 0.334455 0.035817 0.014423
1 0.896394 0.343269 0.036538 0.014744
1 0.899519 0.352083 0.037019 0.015705
0 0.902043 0.340385 0.071394 0.05641
0 0.959736 0.348558 0.073798 0.049679
1 0.949399 0.344712 0.032933 0.008654
1 0.954087 0.353365 0.034135 0.011218
1 0.958414 0.36234 0.033654 0.013141
1 0.914423 0.384135 0.038942 0.010577
1 0.919351 0.392468 0.040144 0.011218
1 0.923558 0.4 0.039423 0.011538
0 0.923197 0.385737 0.077163 0.045833
1 0.985457 0.401282 0.022837 0.009615
0 0.97488 0.400801 0.05024 0.047115
1 0.933894 0.425481 0.036538 0.013782
1 0.938942 0.436699 0.036538 0.013782
1 0.942067 0.446154 0.040385 0.014744
0 0.94399 0.432532 0.082692 0.059936
