1 0.181382 0.253227 0.029932 0.006024
0 0.187876 0.249785 0.055346 0.019363
1 0.171216 0.269901 0.032191 0.005809
1 0.169522 0.277431 0.032191 0.005809
1 0.167639 0.285284 0.032191 0.006024
0 0.176487 0.27528 0.063065 0.038081
1 0.439194 0.210413 0.020331 0.006885
1 0.437406 0.217513 0.020896 0.008176
1 0.430723 0.223107 0.03238 0.009036
0 0.437782 0.212457 0.058547 0.03679
1 0.424887 0.238382 0.035015 0.009897
1 0.424134 0.243653 0.035392 0.00796
1 0.423287 0.249247 0.035203 0.00667
0 0.431194 0.239243 0.061182 0.030551
0 0.417545 0.272913 0.036145 0.011833
0 0.426299 0.266028 0.065324 0.033778
1 0.414345 0.303141 0.035768 0.012479
1 0.41218 0.312392 0.038215 0.012479
1 0.41058 0.321644 0.038027 0.012478
0 0.419051 0.307552 0.070407 0.056153
1 0.681382 0.253442 0.033321 0.006885
1 0.68317 0.260757 0.034639 0.006454
1 0.685241 0.268718 0.033509 0.006885
0 0.688347 0.255594 0.061559 0.040447
1 0.689665 0.288619 0.033697 0.009682
1 0.690983 0.296472 0.033321 0.009466
1 0.693618 0.3054 0.031062 0.010542
0 0.695783 0.296902 0.060241 0.045181
1 0.830666 0.260219 0.02052 0.00753
1 0.833867 0.26775 0.021649 0.0071
1 0.83622 0.274634 0.02259 0.0071
0 0.825772 0.264738 0.052146 0.032487
1 0.841773 0.29475 0.01939 0.005164
1 0.844597 0.303034 0.017507 0.0071
1 0.845821 0.31207 0.020708 0.005809
0 0.844409 0.299484 0.0593 0.039157
1 0.856363 0.340469 0.021084 0.00667
1 0.860316 0.349505 0.021837 0.00667
1 0.863705 0.357896 0.021837 0.00667
1 0.893072 0.340469 0.022214 0.00753
1 0.894672 0.350258 0.017508 0.006885
1 0.899002 0.358434 0.019014 0.007745
0 0.857304 0.344019 0.068148 0.042599
0 0.902014 0.347569 0.049134 0.042384
1 0.937029 0.342405 0.030309 0.00753
1 0.940324 0.351657 0.030497 0.00753
1 0.943336 0.361123 0.033133 0.00753
0 0.946066 0.346923 0.062688 0.042814
3 0.010166 0.487737 0.00866 0.004733
2 0.012142 0.485047 0.017131 0.012694
3 0.028238 0.536898 0.010166 0.004948
2 0.031344 0.533993 0.020143 0.012478
3 0.078125 0.457724 0.00866 0.003657
2 0.080384 0.455034 0.01506 0.010327
3 0.066077 0.493438 0.009036 0.003657
2 0.068242 0.490426 0.015248 0.010972
3 0.054782 0.531519 0.007907 0.004088
2 0.056852 0.528292 0.014307 0.011833
3 0.04631 0.472246 0.008283 0.003442
2 0.047063 0.469664 0.012801 0.010757
3 0.098833 0.449548 0.006401 0.012263
2 0.097703 0.447827 0.013178 0.017857
3 0.139684 0.486553 0.009789 0.004948
2 0.141378 0.483541 0.014684 0.011833
3 0.122835 0.531304 0.009224 0.005379
2 0.126318 0.528937 0.018449 0.013554
3 0.162651 0.530981 0.011295 0.004303
2 0.164721 0.527646 0.021084 0.013554
3 0.174981 0.48139 0.011483 0.004518
2 0.178746 0.479238 0.022026 0.012263
7 0.372082 0.485478 0.026167 0.006239
6 0.3718 0.48537 0.028238 0.009897
7 0.451619 0.558735 0.030497 0.009466
6 0.451996 0.558412 0.03238 0.011833
3 0.548004 0.551205 0.013178 0.006885
2 0.549134 0.547762 0.018449 0.01506
3 0.838479 0.52259 0.010919 0.004303
2 0.840079 0.519471 0.022026 0.012694
3 0.850998 0.564974 0.011107 0.005164
2 0.853445 0.561855 0.022402 0.015706
3 0.865117 0.531842 0.011107 0.004733
2 0.868129 0.528722 0.021273 0.012263
3 0.040663 0.673515 0.011672 0.005379
2 0.044239 0.66975 0.021084 0.01506
3 0.086502 0.69858 0.007718 0.005594
2 0.090644 0.696644 0.02052 0.018933
3 0.124623 0.66846 0.010919 0.008176
2 0.125094 0.665448 0.014872 0.015921
3 0.228822 0.716114 0.012236 0.004948
2 0.230798 0.711489 0.018825 0.01463
3 0.290192 0.665555 0.013366 0.00796
2 0.294239 0.662973 0.025979 0.018287
3 0.344315 0.717298 0.013178 0.006885
2 0.349303 0.714608 0.024285 0.016997
3 0.42837 0.713318 0.014119 0.00753
2 0.432605 0.710198 0.027485 0.018933
3 0.511483 0.720095 0.014307 0.005594
2 0.515625 0.716437 0.024473 0.015491
3 0.571536 0.709983 0.010919 0.004303
2 0.573136 0.707616 0.016002 0.011188
3 0.568995 0.677818 0.01073 0.004088
2 0.572477 0.674914 0.020331 0.012478
3 0.662933 0.677496 0.013366 0.005594
2 0.665945 0.673516 0.02692 0.016566
3 0.522402 0.627474 0.004518 0.002367
2 0.522496 0.627367 0.007342 0.006024
