3 0.140385 0.352564 0.017308 0.005769
2 0.135216 0.349519 0.034856 0.014423
3 0.691947 0.746795 0.038702 0.010256
3 0.715385 0.817788 0.039423 0.0125
2 0.71274 0.808333 0.047115 0.032051
2 0.689183 0.739583 0.046635 0.027885
3 0.844952 0.828526 0.023077 0.010897
2 0.847236 0.821474 0.045913 0.028205
3 0.267308 0.728365 0.024519 0.008654
3 0.276202 0.78109 0.025 0.010256
3 0.254567 0.832853 0.026923 0.010577
3 0.421995 0.817147 0.025721 0.011218
3 0.420072 0.766827 0.02524 0.009295
2 0.284135 0.772115 0.047115 0.028205
2 0.274519 0.720513 0.045673 0.026282
2 0.263702 0.823558 0.050481 0.030449
3 0.435457 0.68734 0.036779 0.008654
3 0.385457 0.708974 0.038221 0.008974
2 0.384495 0.701442 0.041587 0.024679
2 0.433894 0.68093 0.041827 0.022756
2 0.428245 0.758494 0.044471 0.026603
2 0.428966 0.807532 0.046394 0.03109
3 0.565024 0.734776 0.03774 0.009936
2 0.562981 0.728045 0.042308 0.026603
3 0.059495 0.730769 0.040625 0.008333
2 0.058534 0.722756 0.048798 0.026282
3 0.134495 0.808814 0.015144 0.025962
2 0.129688 0.798558 0.03101 0.047115
