3 0.100962 0.23125 0.024038 0.008654
2 0.101683 0.228365 0.028365 0.017628
3 0.328005 0.078686 0.01899 0.004808
3 0.324639 0.134776 0.01899 0.004808
3 0.324279 0.18766 0.015385 0.00609
3 0.313822 0.25032 0.013702 0.005769
3 0.342668 0.248237 0.013702 0.005449
3 0.358894 0.188782 0.014904 0.005128
3 0.278245 0.241506 0.013702 0.005449
3 0.371154 0.248558 0.022115 0.00609
3 0.408173 0.210417 0.022115 0.00609
3 0.453365 0.189103 0.020673 0.004487
2 0.282572 0.239744 0.02524 0.016026
2 0.315986 0.247276 0.025721 0.015064
2 0.344591 0.245513 0.02476 0.014744
2 0.370793 0.245513 0.025721 0.014103
2 0.36262 0.186218 0.02476 0.014744
2 0.328245 0.184455 0.026202 0.016346
2 0.324399 0.13141 0.024279 0.012179
2 0.326322 0.07516 0.023798 0.013782
2 0.408173 0.20625 0.024519 0.015064
3 0.396875 0.251282 0.013462 0.005128
2 0.400841 0.248077 0.023798 0.012821
3 0.368389 0.130449 0.020913 0.005128
2 0.367668 0.128205 0.024279 0.013462
2 0.39976 0.125962 0.024519 0.015385
3 0.397236 0.128846 0.013221 0.00641
3 0.397236 0.077083 0.01274 0.004808
3 0.425601 0.079327 0.01274 0.004808
2 0.400841 0.075481 0.023317 0.014423
3 0.427764 0.132532 0.020433 0.004808
2 0.429087 0.076122 0.023558 0.014423
2 0.427644 0.129647 0.022115 0.013782
2 0.454327 0.134455 0.022596 0.011859
2 0.451563 0.186058 0.023798 0.013141
3 0.450481 0.13718 0.0125 0.004487
3 0.45 0.090545 0.010577 0.003526
2 0.453486 0.087821 0.021875 0.012179
3 0.423558 0.250801 0.012981 0.007372
3 0.451562 0.253205 0.01226 0.008333
2 0.428125 0.247917 0.025962 0.018269
2 0.453966 0.248077 0.025721 0.019231
3 0.503846 0.091506 0.021635 0.005449
3 0.559976 0.138462 0.021875 0.005128
3 0.604567 0.195673 0.021635 0.005449
3 0.588582 0.14407 0.021875 0.005449
3 0.63738 0.14391 0.020433 0.00641
3 0.688702 0.154968 0.020673 0.005449
3 0.705409 0.095513 0.020913 0.005128
3 0.71238 0.148878 0.020913 0.005449
3 0.707212 0.253205 0.020673 0.012179
3 0.540024 0.251603 0.020913 0.004487
3 0.507212 0.254167 0.012981 0.004487
3 0.55024 0.195513 0.012981 0.004487
3 0.579087 0.197276 0.012981 0.004167
3 0.562019 0.250962 0.012981 0.004487
3 0.589423 0.252564 0.012981 0.004487
3 0.526082 0.188141 0.013221 0.004487
3 0.504928 0.145833 0.01274 0.005128
3 0.531971 0.145513 0.012981 0.005128
3 0.607812 0.142468 0.01274 0.004808
3 0.527404 0.092308 0.012981 0.005128
2 0.503846 0.088782 0.023558 0.012821
2 0.530048 0.089103 0.022115 0.011538
2 0.534736 0.143109 0.023317 0.0125
2 0.508534 0.14359 0.022356 0.012821
2 0.528125 0.184135 0.020673 0.013141
2 0.553486 0.192468 0.02476 0.014423
2 0.580649 0.194071 0.020913 0.013141
2 0.603606 0.192788 0.024519 0.014423
2 0.587861 0.141506 0.024279 0.013141
2 0.559856 0.135897 0.022115 0.012179
2 0.611779 0.140385 0.022596 0.012821
2 0.63762 0.141186 0.023798 0.013782
2 0.510697 0.250801 0.02476 0.014423
2 0.538582 0.248878 0.02476 0.013782
2 0.565625 0.248237 0.024519 0.014423
2 0.593149 0.249359 0.024279 0.014103
2 0.652885 0.246635 0.024519 0.013782
3 0.618149 0.253526 0.01274 0.005128
2 0.621875 0.250641 0.024519 0.013462
2 0.678966 0.251763 0.023798 0.013141
3 0.65 0.249519 0.013462 0.005449
3 0.67524 0.254968 0.013462 0.005449
3 0.682572 0.205929 0.013221 0.005449
3 0.656611 0.202244 0.013221 0.005128
3 0.630889 0.197756 0.013221 0.005128
3 0.707933 0.198397 0.014904 0.005128
3 0.736779 0.198397 0.014904 0.005128
3 0.733894 0.258333 0.020673 0.004487
3 0.755649 0.256891 0.011779 0.005449
3 0.578005 0.089423 0.01274 0.004487
3 0.602764 0.091667 0.01226 0.005128
3 0.629567 0.093429 0.0125 0.004167
3 0.653245 0.091506 0.01274 0.005449
3 0.676923 0.100801 0.011058 0.004167
3 0.659014 0.148237 0.011298 0.004167
2 0.705168 0.250962 0.025721 0.020513
2 0.732692 0.254968 0.024519 0.013782
2 0.760577 0.254167 0.024519 0.014103
2 0.739664 0.197115 0.024519 0.014103
2 0.711899 0.195833 0.026683 0.015385
2 0.686058 0.203205 0.024038 0.013462
2 0.658654 0.198718 0.024038 0.014744
2 0.633894 0.194712 0.024519 0.014423
2 0.66262 0.144872 0.022356 0.012821
2 0.688341 0.153045 0.022356 0.0125
2 0.712019 0.145833 0.023077 0.014103
2 0.705529 0.092468 0.024038 0.014423
2 0.680288 0.099038 0.023077 0.012179
2 0.655048 0.088462 0.024038 0.013462
2 0.631731 0.090705 0.023558 0.012179
2 0.605769 0.088782 0.025 0.014103
2 0.58113 0.08734 0.023798 0.013782
2 0.555288 0.090064 0.023558 0.011538
3 0.552284 0.091987 0.01226 0.003846
3 0.352644 0.37516 0.023558 0.007372
2 0.351803 0.371635 0.028125 0.016346
3 0.751562 0.416667 0.013702 0.004487
2 0.753245 0.413462 0.01851 0.012821
5 0.78774 0.540224 0.033654 0.007372
4 0.783654 0.540064 0.043269 0.010256
5 0.636418 0.543109 0.029567 0.008013
5 0.686178 0.541186 0.029567 0.008013
5 0.736058 0.538622 0.029327 0.008013
4 0.732572 0.538622 0.040144 0.009295
4 0.632692 0.543269 0.039904 0.009615
4 0.682692 0.540865 0.039904 0.009295
3 0.636659 0.775481 0.026202 0.009295
3 0.734495 0.771314 0.026683 0.009295
3 0.792909 0.770673 0.027163 0.011218
3 0.432332 0.777244 0.018029 0.008974
2 0.436178 0.771635 0.03149 0.024038
2 0.635697 0.769872 0.030529 0.021795
2 0.733413 0.765224 0.030288 0.022756
2 0.791586 0.765865 0.029808 0.024038
8 0.535938 0.684455 0.026202 0.033013
