3 0.242376 0.502044 0.014495 0.005809
2 0.239552 0.505056 0.022026 0.013554
3 0.231081 0.538834 0.020896 0.004088
2 0.230422 0.534961 0.024473 0.013985
3 0.22628 0.5767 0.007907 0.016136
2 0.227786 0.580895 0.017696 0.027108
3 0.282285 0.61435 0.015625 0.00753
2 0.28718 0.6108 0.026544 0.018503
3 0.280403 0.655766 0.015249 0.006885
2 0.283133 0.651893 0.023343 0.016351
3 0.364834 0.427603 0.02259 0.004088
2 0.364458 0.424053 0.024849 0.012048
3 0.371706 0.474828 0.021649 0.005163
2 0.370858 0.471601 0.024096 0.012909
3 0.354763 0.65512 0.024285 0.006454
2 0.354386 0.651786 0.028426 0.017857
3 0.451807 0.461059 0.021461 0.004733
2 0.451242 0.458369 0.02372 0.012263
3 0.442018 0.495697 0.02259 0.006885
2 0.441642 0.492793 0.025602 0.014845
3 0.429311 0.53238 0.023532 0.005379
2 0.428746 0.529152 0.025414 0.013124
3 0.442018 0.570245 0.023343 0.005379
2 0.441924 0.566265 0.025414 0.0142
3 0.434864 0.612737 0.024473 0.005594
2 0.4343 0.609294 0.027108 0.01506
3 0.435712 0.659531 0.026544 0.008391
2 0.4343 0.655658 0.03012 0.019148
3 0.510354 0.439651 0.020331 0.004948
2 0.509695 0.438683 0.022402 0.007745
3 0.511389 0.466867 0.019014 0.004733
2 0.510166 0.463533 0.022214 0.011833
3 0.511672 0.498709 0.021461 0.005163
2 0.511013 0.495374 0.023532 0.012694
3 0.515531 0.534961 0.023155 0.005379
2 0.514872 0.531626 0.026355 0.013339
3 0.521461 0.573365 0.024473 0.007315
2 0.520425 0.569815 0.02805 0.015706
3 0.548946 0.567448 0.006401 0.026463
2 0.545181 0.568094 0.015437 0.031627
3 0.517884 0.615641 0.025226 0.0071
2 0.51666 0.611231 0.028803 0.018072
3 0.520708 0.662651 0.025602 0.005594
2 0.519672 0.65781 0.028803 0.017857
3 0.567018 0.439329 0.021837 0.003873
2 0.567018 0.435886 0.024096 0.012048
3 0.609752 0.475258 0.022967 0.006024
2 0.608528 0.471601 0.026167 0.015491
3 0.607963 0.513662 0.022779 0.004518
2 0.607304 0.51108 0.025979 0.013554
3 0.625753 0.550774 0.022967 0.009897
2 0.6234 0.547009 0.028426 0.019578
3 0.622647 0.58821 0.025791 0.007745
2 0.621612 0.584015 0.028238 0.016997
3 0.693995 0.552388 0.023532 0.00753
2 0.693336 0.547978 0.026355 0.017212
3 0.692112 0.590792 0.023532 0.007315
2 0.690606 0.587349 0.028426 0.016351
3 0.738422 0.519686 0.009224 0.025172
2 0.741811 0.51861 0.017884 0.029475
3 0.74134 0.558197 0.02372 0.0071
2 0.741058 0.554862 0.027673 0.018072
3 0.746612 0.632745 0.025226 0.008176
2 0.745482 0.628442 0.029368 0.019363
3 0.853916 0.476119 0.018825 0.007745
2 0.852504 0.473537 0.023155 0.015491
5 0.892508 0.465899 0.01506 0.004518
4 0.887331 0.463963 0.026544 0.009251
5 0.853633 0.543029 0.022402 0.007315
4 0.847703 0.542707 0.035768 0.013554
3 0.866152 0.563898 0.013178 0.005594
2 0.868882 0.560886 0.026167 0.015921
3 0.912651 0.458799 0.012425 0.004948
2 0.915474 0.456648 0.023343 0.012694
3 0.944465 0.545826 0.021837 0.011618
2 0.943806 0.542707 0.024285 0.019578
3 0.960561 0.471278 0.02052 0.0071
2 0.959149 0.468051 0.024849 0.015275
