3 0.075866 0.345633 0.016943 0.006239
2 0.081325 0.342083 0.033133 0.017212
3 0.130365 0.344664 0.016755 0.008606
2 0.135354 0.339824 0.03238 0.02173
3 0.187876 0.342836 0.021837 0.00796
2 0.190983 0.339071 0.031438 0.018503
3 0.249153 0.339071 0.019014 0.007315
2 0.251035 0.334552 0.030309 0.019363
3 0.277297 0.340577 0.019578 0.010757
2 0.280779 0.33509 0.031438 0.023021
3 0.306664 0.336704 0.018449 0.008176
2 0.311276 0.332724 0.030309 0.019578
3 0.368317 0.321213 0.018637 0.008606
2 0.373682 0.3196 0.033133 0.019578
3 0.402861 0.331971 0.019578 0.006454
2 0.40512 0.327883 0.029744 0.016781
3 0.463385 0.333584 0.021649 0.008821
2 0.468185 0.329604 0.033509 0.018933
3 0.567771 0.326377 0.022214 0.009897
2 0.568995 0.322504 0.030309 0.020224
3 0.641754 0.3267 0.020708 0.009682
2 0.646932 0.32315 0.03445 0.020654
3 0.685429 0.332293 0.022967 0.008391
2 0.687218 0.328421 0.031062 0.018718
3 0.718656 0.331218 0.018637 0.019578
2 0.715832 0.325624 0.02805 0.033778
3 0.748588 0.325732 0.021273 0.007745
2 0.748212 0.321966 0.028426 0.018287
3 0.11907 0.405981 0.017131 0.008606
3 0.143543 0.404475 0.017131 0.008606
2 0.121235 0.401248 0.029367 0.018933
2 0.150038 0.400387 0.029744 0.019363
3 0.234752 0.40028 0.021084 0.00667
2 0.237764 0.395977 0.03125 0.019578
3 0.267413 0.400602 0.021649 0.007745
2 0.268166 0.395869 0.032568 0.021515
3 0.296687 0.394686 0.019202 0.009682
2 0.300452 0.390383 0.033133 0.02173
3 0.396084 0.398021 0.022214 0.008606
2 0.399661 0.39404 0.033886 0.024312
3 0.500659 0.390491 0.023908 0.011188
2 0.501412 0.385972 0.033321 0.024957
3 0.652767 0.388984 0.022026 0.009036
2 0.65738 0.384251 0.036898 0.024096
7 0.764119 0.385004 0.068901 0.020439
6 0.763554 0.384682 0.076054 0.02926
3 0.076337 0.553464 0.020896 0.00796
2 0.082267 0.548516 0.040286 0.023021
3 0.116152 0.555938 0.02259 0.008606
2 0.121141 0.549268 0.038215 0.021515
3 0.146649 0.559058 0.019578 0.008821
2 0.150132 0.552711 0.028426 0.023666
3 0.174511 0.556261 0.020708 0.009682
2 0.178934 0.549914 0.03558 0.022805
3 0.208584 0.553571 0.024473 0.009897
2 0.211785 0.54744 0.037651 0.023021
3 0.241058 0.55497 0.024661 0.010542
2 0.2484 0.549484 0.041604 0.027108
3 0.019202 0.634682 0.020331 0.011618
2 0.025508 0.627582 0.037462 0.027539
3 0.121235 0.642965 0.019955 0.008821
2 0.126694 0.635972 0.036521 0.024957
3 0.155779 0.639307 0.021273 0.010112
2 0.162086 0.633068 0.03991 0.026463
3 0.192395 0.641889 0.023343 0.012694
2 0.198701 0.635542 0.040851 0.030551
3 0.231457 0.645439 0.025791 0.011188
2 0.237011 0.639415 0.045934 0.028399
3 0.27805 0.645762 0.024473 0.011403
2 0.285297 0.638339 0.044616 0.028399
3 0.40625 0.647698 0.027485 0.013554
2 0.413498 0.640491 0.048005 0.02883
3 0.693054 0.966975 0.031815 0.013124
2 0.698701 0.962995 0.048757 0.033563
3 0.146931 0.987091 0.040098 0.017642
2 0.147684 0.985908 0.046122 0.027754
