3 0.286333 0.390275 0.017696 0.008606
2 0.285203 0.387801 0.020331 0.016566
3 0.294428 0.326592 0.016943 0.003012
2 0.294239 0.324548 0.020708 0.009251
3 0.15738 0.362737 0.015437 0.003442
2 0.15738 0.3608 0.018072 0.009466
3 0.664439 0.21988 0.013366 0.002582
2 0.663498 0.218374 0.016755 0.006454
3 0.682041 0.275495 0.01506 0.002797
2 0.681099 0.274096 0.018072 0.007745
3 0.703219 0.334015 0.016378 0.003657
2 0.701807 0.331971 0.020331 0.010757
7 0.708396 0.357035 0.073419 0.014845
6 0.708396 0.356497 0.076431 0.019363
3 0.111822 0.553034 0.018072 0.004518
2 0.111446 0.550667 0.022214 0.013124
3 0.772967 0.562392 0.020331 0.004303
2 0.771649 0.560133 0.025226 0.013554
3 0.881871 0.548193 0.018637 0.004303
2 0.879989 0.545181 0.023908 0.012478
3 0.826619 0.701377 0.009036 0.02926
2 0.823607 0.7017 0.017696 0.031627
