3 0.131212 0.460736 0.03238 0.00796
2 0.131401 0.456003 0.03991 0.020009
3 0.218562 0.431799 0.033509 0.006885
2 0.217809 0.427065 0.040663 0.018933
3 0.66811 0.393825 0.031627 0.00667
2 0.667545 0.3892 0.036898 0.018072
3 0.780309 0.375108 0.028991 0.005809
2 0.777956 0.371342 0.035203 0.015491
3 0.924322 0.440404 0.027861 0.006454
2 0.922628 0.436962 0.034639 0.016781
3 0.926581 0.543675 0.027861 0.009897
2 0.924793 0.539372 0.035203 0.022806
3 0.973739 0.561102 0.029556 0.009036
2 0.970444 0.556368 0.038404 0.021945
3 0.927428 0.595633 0.033321 0.013124
2 0.925452 0.59219 0.03878 0.025172
3 0.885636 0.627044 0.030685 0.012263
2 0.884601 0.628442 0.039157 0.024096
3 0.948419 0.641674 0.030497 0.012263
2 0.945783 0.636188 0.040663 0.027539
3 0.908321 0.676205 0.036145 0.01463
2 0.906532 0.669966 0.044239 0.030981
3 0.809959 0.831863 0.039721 0.014845
2 0.806946 0.82401 0.048381 0.036575
3 0.401355 0.190512 0.023343 0.005809
2 0.401732 0.187285 0.026732 0.014415
3 0.259695 0.269578 0.02805 0.005594
2 0.259789 0.266351 0.033509 0.013339
3 0.196066 0.226119 0.025038 0.005594
2 0.19663 0.224075 0.029179 0.012263
3 0.694277 0.163511 0.02372 0.005594
2 0.694183 0.16179 0.026167 0.012478
3 0.614552 0.189759 0.022779 0.006454
2 0.61427 0.188253 0.024849 0.011188
