1 0.426017 0.280336 0.067395 0.013769
0 0.426017 0.264522 0.080572 0.05185
4 0.853163 0.538619 0.04744 0.087565
4 0.760448 0.546256 0.042357 0.035714
5 0.767037 0.54077 0.021273 0.019148
5 0.845727 0.52173 0.028803 0.050344
4 0.928558 0.407057 0.063441 0.018933
5 0.938724 0.410176 0.039721 0.010112
4 0.467809 0.635219 0.085467 0.015275
5 0.480986 0.635219 0.055723 0.00796
4 0.431005 0.667061 0.086032 0.014415
5 0.443336 0.665555 0.051581 0.00796
1 0.058358 0.322935 0.035768 0.007315
1 0.064947 0.317771 0.033509 0.007315
1 0.126506 0.318524 0.022967 0.006239
1 0.129706 0.30938 0.022967 0.006024
1 0.137801 0.288941 0.021084 0.006885
1 0.140531 0.278722 0.022026 0.005809
1 0.142978 0.269686 0.023532 0.00667
1 0.149191 0.255701 0.022779 0.0071
1 0.153897 0.246773 0.019767 0.006885
1 0.156344 0.23849 0.021273 0.005809
1 0.162651 0.223107 0.019955 0.005594
1 0.166416 0.216007 0.020331 0.006454
1 0.168581 0.207724 0.021649 0.00753
1 0.106457 0.233972 0.030685 0.005379
1 0.103069 0.24204 0.031062 0.005164
1 0.085184 0.271299 0.032191 0.007745
1 0.080008 0.279583 0.035015 0.008391
1 0.076995 0.289587 0.035768 0.009466
1 0.068712 0.30809 0.033133 0.005164
1 0.168298 0.184918 0.019955 0.005809
1 0.167828 0.192233 0.025038 0.00667
1 0.183547 0.177388 0.019955 0.00667
0 0.181194 0.182767 0.068336 0.03722
0 0.166792 0.214393 0.063253 0.032917
0 0.154367 0.246343 0.062123 0.03012
0 0.105422 0.236553 0.062123 0.035069
0 0.087632 0.27614 0.067959 0.041954
0 0.067677 0.312177 0.073607 0.038296
0 0.131871 0.308842 0.062688 0.032917
0 0.141943 0.277861 0.064759 0.033348
1 0.639966 0.197074 0.037839 0.006454
1 0.637048 0.189221 0.038027 0.008821
1 0.634977 0.181691 0.039533 0.009682
1 0.634318 0.162435 0.032568 0.004733
1 0.628294 0.151786 0.03558 0.004518
1 0.633095 0.157595 0.030497 0.004088
1 0.688065 0.160176 0.037274 0.005379
1 0.687406 0.156519 0.030685 0.004088
1 0.685335 0.150387 0.032568 0.004303
1 0.694654 0.181261 0.036521 0.005809
1 0.682135 0.132423 0.036333 0.00667
1 0.681005 0.111661 0.019767 0.006454
1 0.678934 0.106067 0.02052 0.005164
1 0.619164 0.104884 0.033133 0.005809
1 0.617188 0.098967 0.031062 0.006454
1 0.624247 0.128442 0.036521 0.004303
1 0.626506 0.134036 0.033886 0.004733
0 0.624247 0.097461 0.057605 0.030981
0 0.628483 0.126721 0.056288 0.02926
0 0.633283 0.152754 0.060617 0.027539
0 0.640249 0.184273 0.065136 0.038081
0 0.703031 0.182767 0.072477 0.032057
0 0.692395 0.151033 0.068901 0.02969
0 0.686935 0.125538 0.065136 0.023881
0 0.67884 0.103163 0.057605 0.031196
