1 0.259615 0.516186 0.074038 0.017628
0 0.26274 0.492949 0.099038 0.077564
1 0.544952 0.460577 0.053365 0.017308
0 0.527764 0.434776 0.098798 0.082372
1 0.811058 0.455609 0.084615 0.015064
0 0.807332 0.432372 0.110817 0.080769
3 0.048438 0.734936 0.028125 0.010256
3 0.050481 0.758494 0.029808 0.011859
3 0.043029 0.786859 0.030769 0.007051
3 0.034976 0.798558 0.031971 0.00609
2 0.035337 0.795513 0.036538 0.013462
2 0.042668 0.784295 0.03726 0.012821
2 0.049639 0.754327 0.035337 0.022756
2 0.048918 0.732692 0.033413 0.016026
7 0.086178 0.76859 0.033413 0.028205
6 0.085457 0.76843 0.036779 0.03109
3 0.245793 0.728365 0.030529 0.008654
2 0.245192 0.722436 0.0375 0.022436
7 0.291707 0.73766 0.03149 0.016346
6 0.291707 0.73766 0.032933 0.017628
5 0.342428 0.72484 0.02524 0.008013
4 0.336538 0.72516 0.037981 0.011218
3 0.38774 0.75 0.032212 0.008974
2 0.38738 0.742949 0.035337 0.023718
3 0.435697 0.766026 0.03101 0.009615
2 0.434255 0.759615 0.035337 0.024359
7 0.471635 0.725481 0.035096 0.008013
6 0.471635 0.725481 0.036538 0.009936
3 0.513942 0.78157 0.033173 0.007372
2 0.513822 0.776763 0.036779 0.018269
5 0.433053 0.740545 0.029567 0.008654
4 0.433654 0.733974 0.031731 0.022436
3 0.57512 0.716026 0.019952 0.012179
2 0.582212 0.711699 0.0375 0.029167
3 0.630409 0.716506 0.031971 0.008013
2 0.628966 0.711218 0.036779 0.021795
7 0.687861 0.744391 0.051202 0.021474
6 0.68738 0.744551 0.054567 0.023718
