8 0.304167 0.705168 0.039744 0.017067
3 0.29391 0.736538 0.038462 0.005288
2 0.29391 0.732452 0.046154 0.016346
8 0.082532 0.687861 0.040705 0.016106
8 0.316827 0.6375 0.035577 0.017308
3 0.345833 0.660216 0.034615 0.005529
2 0.346955 0.65637 0.040705 0.014664
8 0.439263 0.697356 0.036218 0.017308
8 0.549519 0.696274 0.038782 0.018029
8 0.664904 0.694111 0.039423 0.018029
8 0.785897 0.70625 0.042308 0.01875
8 0.905449 0.688942 0.044872 0.020192
8 0.979647 0.60601 0.040705 0.016346
8 0.867949 0.611779 0.041667 0.015865
8 0.778846 0.626322 0.037179 0.015144
8 0.687019 0.620312 0.049038 0.015625
3 0.690064 0.592548 0.035256 0.004808
2 0.68766 0.588942 0.042628 0.013462
3 0.778846 0.642067 0.037179 0.005769
2 0.776603 0.638221 0.04359 0.015865
8 0.554487 0.633534 0.036538 0.015625
1 0.358173 0.433774 0.059936 0.009856
0 0.341667 0.422957 0.112821 0.041587
1 0.870673 0.423438 0.093269 0.013221
0 0.865545 0.412139 0.124038 0.045433
1 0.36859 0.229087 0.03141 0.004327
1 0.372436 0.223317 0.027564 0.004808
0 0.369231 0.225841 0.089103 0.029087
1 0.69407 0.176082 0.067628 0.007452
0 0.691667 0.168269 0.082692 0.027404
3 0.047115 0.695192 0.028846 0.004808
2 0.050962 0.691466 0.042308 0.015144
4 0.08718 0.655409 0.089744 0.011298
5 0.099199 0.655048 0.059936 0.006731
4 0.173558 0.677885 0.043269 0.048558
5 0.179647 0.684736 0.026603 0.03149
4 0.4375 0.658774 0.087821 0.011779
5 0.450801 0.658414 0.058654 0.007212
4 0.63718 0.657692 0.083974 0.013462
5 0.649359 0.657692 0.057051 0.007212
4 0.767628 0.66238 0.06282 0.011298
5 0.775962 0.663101 0.04359 0.00649
4 0.866506 0.656851 0.08109 0.011779
5 0.878846 0.65649 0.054487 0.007212
1 0.024199 0.242067 0.048397 0.003846
1 0.027885 0.236538 0.05 0.003846
1 0.034615 0.23137 0.045513 0.004087
0 0.043109 0.234736 0.086218 0.027644
1 0.058173 0.204087 0.04391 0.003846
1 0.053045 0.209255 0.045833 0.004567
1 0.048718 0.214784 0.048718 0.005529
0 0.063942 0.207812 0.088141 0.025721
1 0.058494 0.188582 0.041346 0.007452
1 0.061699 0.184375 0.040064 0.006731
0 0.068269 0.185817 0.082692 0.025
