1 0.472797 0.310779 0.043863 0.013124
0 0.461879 0.293244 0.087538 0.057659
3 0.260448 0.304862 0.023155 0.004303
2 0.260072 0.302388 0.029179 0.013124
8 0.306194 0.515491 0.037839 0.032702
8 0.313535 0.469664 0.035956 0.02926
8 0.323419 0.431476 0.036145 0.029905
8 0.331419 0.391997 0.033321 0.024957
7 0.374623 0.501291 0.068901 0.013339
6 0.374529 0.501183 0.071724 0.015706
8 0.523814 0.472354 0.029932 0.029905
8 0.522026 0.52216 0.033509 0.033563
8 0.639966 0.493761 0.031815 0.030981
3 0.580478 0.75 0.035203 0.012048
2 0.580196 0.74247 0.041039 0.02969
3 0.725245 0.765598 0.03445 0.00753
2 0.72308 0.758176 0.041416 0.025387
7 0.588761 0.706218 0.071724 0.013985
6 0.589044 0.706003 0.074172 0.015706
8 0.220727 0.707616 0.042733 0.033993
8 0.635919 0.747956 0.036898 0.041954
8 0.756306 0.751829 0.041227 0.041093
3 0.083678 0.315189 0.014495 0.003442
2 0.085373 0.3125 0.022779 0.010972
8 0.20849 0.519363 0.070218 0.031842
8 0.164816 0.721816 0.044616 0.034423
8 0.1843 0.66932 0.043675 0.033993
8 0.368788 0.746773 0.08509 0.042599
8 0.292922 0.717083 0.041416 0.035284
8 0.299322 0.66491 0.041039 0.031196
3 0.36634 0.689436 0.019955 0.009682
2 0.372082 0.684273 0.040851 0.027754
8 0.453219 0.696751 0.039345 0.033778
8 0.511201 0.691803 0.038215 0.031626
8 0.512048 0.736661 0.040663 0.035714
8 0.444089 0.755379 0.045557 0.038296
8 0.392413 0.632745 0.035956 0.032272
8 0.310712 0.615426 0.037462 0.025172
8 0.194654 0.618223 0.03878 0.032057
8 0.087161 0.636188 0.041416 0.027539
8 0.068336 0.685886 0.03991 0.032272
