3 0.48494 0.561102 0.020708 0.010327
2 0.490493 0.554647 0.039721 0.027969
3 0.486728 0.527108 0.020143 0.009466
2 0.49247 0.520869 0.037651 0.024957
3 0.202937 0.713425 0.019202 0.009036
2 0.207925 0.708369 0.036333 0.025172
3 0.267037 0.538081 0.019014 0.009466
2 0.273249 0.534316 0.038215 0.026033
3 0.604386 0.605852 0.021649 0.009897
2 0.609375 0.600043 0.041416 0.026678
3 0.664439 0.632853 0.020143 0.008391
2 0.670087 0.626721 0.038592 0.025387
3 0.756683 0.547225 0.020896 0.034208
2 0.760072 0.543782 0.033697 0.046687
3 0.918863 0.474505 0.016943 0.010112
2 0.922252 0.469234 0.03238 0.026248
3 0.048852 0.596708 0.023155 0.009251
2 0.04904 0.591652 0.028803 0.022375
3 0.05177 0.699333 0.026355 0.00753
2 0.05177 0.694062 0.030497 0.021515
3 0.081043 0.705895 0.016378 0.008176
2 0.084526 0.699871 0.03012 0.024096
3 0.055723 0.641244 0.024849 0.008821
2 0.055723 0.636188 0.030873 0.023666
3 0.92564 0.29432 0.022967 0.009897
2 0.923758 0.291093 0.031627 0.022375
3 0.964044 0.297762 0.023343 0.012048
2 0.96282 0.295396 0.031438 0.021945
3 0.064759 0.460198 0.016943 0.007315
2 0.069089 0.455357 0.031627 0.020869
3 0.075489 0.371665 0.016943 0.006239
2 0.079631 0.366932 0.033133 0.019578
3 0.010636 0.417276 0.014495 0.00753
2 0.014401 0.412435 0.02805 0.021945
3 0.212538 0.320138 0.018072 0.005164
2 0.216585 0.31605 0.03445 0.017212
3 0.360881 0.288404 0.018825 0.0071
2 0.365023 0.283563 0.035015 0.019793
3 0.515625 0.264092 0.029744 0.008821
2 0.514307 0.26065 0.035015 0.021299
3 0.562594 0.312392 0.01939 0.010327
2 0.566265 0.307014 0.036521 0.024957
3 0.675734 0.322719 0.018261 0.008176
2 0.682323 0.318309 0.034827 0.023451
3 0.68863 0.3679 0.019202 0.006454
2 0.692865 0.36349 0.037839 0.020439
3 0.791604 0.292922 0.026355 0.00753
2 0.790568 0.290125 0.032191 0.015275
3 0.194748 0.070676 0.014872 0.008391
2 0.198701 0.066695 0.029556 0.020654
3 0.414062 0.087349 0.016378 0.005594
2 0.418769 0.084445 0.033321 0.017857
3 0.414062 0.032917 0.005836 0.013769
2 0.410956 0.031949 0.019202 0.027754
3 0.521932 0.066157 0.014119 0.004518
2 0.523438 0.063576 0.025038 0.012263
3 0.828972 0.047762 0.023155 0.004303
2 0.827843 0.045288 0.027297 0.011833
3 0.882624 0.075732 0.02052 0.003442
2 0.881495 0.073688 0.026167 0.010542
3 0.309111 0.12855 0.016566 0.008391
2 0.3125 0.124462 0.032756 0.020869
3 0.217903 0.39361 0.018637 0.004948
2 0.222139 0.388447 0.034262 0.016997
