3 0.083173 0.457212 0.034615 0.013782
2 0.084856 0.451923 0.044712 0.027564
3 0.065745 0.505128 0.03726 0.010256
2 0.066346 0.500801 0.044231 0.021474
3 0.014183 0.312019 0.027885 0.00609
2 0.015144 0.308974 0.030288 0.015385
3 0.299279 0.379647 0.030769 0.008654
2 0.299279 0.375 0.037981 0.019872
3 0.292067 0.481731 0.033173 0.009615
2 0.291587 0.476122 0.039423 0.022756
3 0.285096 0.551122 0.034615 0.0125
2 0.284375 0.545032 0.041346 0.027244
3 0.282572 0.64343 0.03726 0.009295
2 0.28125 0.636538 0.042788 0.025641
3 0.384135 0.533974 0.035096 0.008974
2 0.384615 0.528526 0.042788 0.023077
