1 0.394591 0.465705 0.050721 0.011538
0 0.394111 0.455609 0.057933 0.034295
1 0.549399 0.483333 0.049279 0.013462
0 0.548918 0.471635 0.056971 0.039423
1 0.703726 0.485256 0.045913 0.007692
0 0.70012 0.476763 0.06274 0.027885
1 0.910457 0.480449 0.044471 0.009615
0 0.903606 0.471154 0.067308 0.033974
3 0.2875 0.56282 0.01875 0.003846
2 0.288221 0.560256 0.022596 0.009615
7 0.286178 0.598718 0.088702 0.021795
6 0.289183 0.597917 0.112981 0.025962
3 0.458173 0.595673 0.019231 0.006731
2 0.457692 0.59375 0.021635 0.0125
3 0.517548 0.613301 0.020673 0.004808
2 0.517308 0.611218 0.022115 0.010897
3 0.59988 0.610737 0.01899 0.004808
2 0.598798 0.609615 0.022596 0.008333
3 0.680529 0.61859 0.019712 0.003846
2 0.678966 0.616667 0.022837 0.008333
3 0.593269 0.573237 0.016827 0.00609
2 0.593149 0.571955 0.020433 0.011218
3 0.181731 0.758654 0.024519 0.007051
2 0.182452 0.75641 0.030288 0.016667
3 0.28149 0.758173 0.025 0.00609
2 0.28125 0.754487 0.029327 0.015385
3 0.340625 0.740545 0.016827 0.00609
2 0.344351 0.736218 0.026683 0.016026
3 0.409255 0.763782 0.023317 0.007051
2 0.408534 0.761538 0.028125 0.012821
3 0.390865 0.734776 0.022596 0.008654
2 0.390986 0.732051 0.027644 0.016667
3 0.494591 0.741186 0.021875 0.005449
2 0.49351 0.738301 0.026923 0.014423
3 0.500481 0.770192 0.023077 0.009615
2 0.498918 0.767788 0.027644 0.016346
3 0.58149 0.735577 0.023558 0.008974
2 0.581971 0.733654 0.026442 0.015385
3 0.927764 0.620192 0.017067 0.003846
2 0.925841 0.618269 0.025721 0.010256
7 0.872356 0.683173 0.027404 0.008013
6 0.871154 0.684135 0.032692 0.011218
7 0.899399 0.729808 0.035817 0.019231
6 0.899639 0.73141 0.046875 0.026282
7 0.920072 0.690224 0.029567 0.020833
6 0.920553 0.689583 0.039183 0.02532
7 0.935457 0.710417 0.033894 0.010577
6 0.934615 0.711058 0.040385 0.016346
7 0.913822 0.764263 0.033413 0.019551
6 0.914663 0.765224 0.040865 0.029167
7 0.976803 0.726923 0.038702 0.025
6 0.977524 0.727724 0.043029 0.03109
7 0.957452 0.694551 0.032212 0.019872
6 0.958654 0.694712 0.035577 0.023397
