3 0.419804 0.164372 0.02259 0.003873
2 0.419522 0.161252 0.025791 0.011833
3 0.352786 0.203636 0.023343 0.006239
2 0.352033 0.200731 0.027485 0.012478
5 0.281438 0.40383 0.034639 0.006885
4 0.271367 0.404152 0.057041 0.012263
5 0.225621 0.482035 0.041604 0.00796
5 0.357022 0.472246 0.045745 0.008176
4 0.343468 0.472354 0.075489 0.013985
4 0.215361 0.483111 0.062876 0.013985
5 0.366152 0.373171 0.041792 0.0071
4 0.353445 0.373817 0.068712 0.012263
3 0.535768 0.399096 0.027108 0.005594
3 0.591585 0.382638 0.026544 0.005379
3 0.595915 0.436747 0.028426 0.007315
3 0.600904 0.493546 0.029744 0.007315
2 0.589891 0.379088 0.031438 0.015921
2 0.594032 0.432659 0.032944 0.018072
2 0.599021 0.488705 0.035015 0.019578
2 0.534356 0.394363 0.031438 0.015921
3 0.073513 0.659101 0.028803 0.011833
2 0.073042 0.653722 0.03238 0.024312
3 0.056099 0.793782 0.028614 0.00796
2 0.055911 0.788081 0.032756 0.021945
3 0.177711 0.72386 0.03125 0.009682
2 0.177805 0.718804 0.033321 0.024527
3 0.291227 0.712672 0.033133 0.00796
2 0.290663 0.70611 0.035768 0.023236
3 0.443053 0.702668 0.03558 0.008176
2 0.442865 0.696429 0.037839 0.021515
5 0.259977 0.614458 0.023343 0.012909
4 0.251035 0.61392 0.044616 0.014845
3 0.407568 0.628012 0.033509 0.010327
2 0.406721 0.621558 0.036333 0.025818
7 0.5593 0.75441 0.070407 0.017427
6 0.559488 0.754626 0.075678 0.020869
3 0.771367 0.587995 0.028803 0.011618
2 0.76939 0.582294 0.035015 0.023881
3 0.842338 0.579712 0.028426 0.010542
2 0.840832 0.575409 0.034074 0.02259
3 0.860599 0.651033 0.02805 0.009466
2 0.85834 0.645654 0.034827 0.024096
3 0.851468 0.739781 0.028991 0.013985
2 0.848833 0.734079 0.036521 0.028399
5 0.786898 0.65867 0.038404 0.011833
4 0.778144 0.659746 0.057041 0.017427
5 0.925828 0.644256 0.027485 0.009251
4 0.92131 0.644901 0.038404 0.012694
5 0.863893 0.409208 0.029744 0.007745
4 0.856175 0.410392 0.049322 0.013985
3 0.985975 0.548838 0.022402 0.009466
2 0.984846 0.545396 0.02805 0.020654
