1 0.048099 0.318524 0.036333 0.011403
0 0.051205 0.30497 0.050828 0.047117
1 0.190889 0.329604 0.045557 0.010327
0 0.191736 0.315942 0.057794 0.045396
1 0.321066 0.29744 0.05177 0.008821
0 0.322007 0.28324 0.063441 0.046687
8 0.475339 0.262478 0.064006 0.045181
1 0.54584 0.29389 0.052899 0.011188
0 0.545557 0.27883 0.064382 0.050344
1 0.683264 0.26065 0.048758 0.010972
0 0.681852 0.249892 0.061747 0.039802
1 0.871423 0.264092 0.043298 0.011403
0 0.868223 0.251291 0.056852 0.045611
3 0.903803 0.884789 0.018072 0.005809
2 0.903332 0.884789 0.02052 0.00796
