7 0.11041 0.38963 0.062688 0.016781
6 0.10994 0.388447 0.067018 0.023451
7 0.086973 0.46278 0.063253 0.020224
6 0.084431 0.460843 0.070218 0.025818
3 0.189477 0.390383 0.023532 0.00667
2 0.193901 0.386726 0.036145 0.018718
3 0.291416 0.375645 0.022967 0.006885
2 0.295934 0.373171 0.036521 0.016566
3 0.275226 0.427065 0.022214 0.006454
2 0.282756 0.421687 0.039533 0.020224
3 0.262707 0.508498 0.022402 0.00667
2 0.268449 0.504088 0.040663 0.022375
5 0.349492 0.501936 0.027297 0.007745
4 0.338761 0.502259 0.051393 0.010112
5 0.355139 0.46762 0.026167 0.00796
4 0.344503 0.467728 0.050452 0.009897
5 0.273908 0.469772 0.030497 0.008391
4 0.267508 0.472569 0.045181 0.015706
7 0.794145 0.479454 0.0593 0.02259
6 0.794428 0.482681 0.067395 0.03722
3 0.943901 0.476442 0.027861 0.00753
2 0.940888 0.471708 0.036145 0.020009
5 0.031438 0.642427 0.027485 0.009466
4 0.02372 0.643287 0.047063 0.015921
5 0.013742 0.697289 0.027108 0.011618
4 0.01506 0.697074 0.029367 0.021945
5 0.089891 0.74333 0.053276 0.015921
4 0.080855 0.743653 0.075866 0.017857
3 0.103351 0.774312 0.040663 0.020654
2 0.102692 0.769578 0.050264 0.037005
3 0.197572 0.785499 0.048005 0.0142
2 0.195971 0.765168 0.057229 0.065189
3 0.214232 0.696751 0.042545 0.011403
2 0.211973 0.69062 0.050075 0.027539
3 0.426393 0.727948 0.044051 0.011833
2 0.425922 0.721386 0.051017 0.031842
3 0.500282 0.745052 0.043863 0.011188
2 0.498588 0.737952 0.052146 0.030981
3 0.605986 0.762801 0.046687 0.017427
2 0.60448 0.756347 0.05384 0.034208
3 0.715832 0.797655 0.044239 0.012263
2 0.714797 0.791954 0.049699 0.031842
3 0.883189 0.770762 0.044239 0.016997
2 0.880554 0.764738 0.051017 0.033348
7 0.956514 0.708369 0.076807 0.034639
6 0.956137 0.706325 0.086596 0.049914
