5 0.222703 0.057982 0.024849 0.00796
5 0.220915 0.074871 0.024661 0.008176
5 0.218468 0.087457 0.024661 0.008391
5 0.214232 0.100796 0.025602 0.008821
5 0.210655 0.11435 0.025226 0.009682
5 0.21009 0.131992 0.025226 0.009251
5 0.207455 0.145654 0.025226 0.009036
5 0.204725 0.162973 0.026167 0.008821
5 0.201148 0.178034 0.026167 0.008821
5 0.197195 0.194707 0.026544 0.009036
5 0.193148 0.209552 0.027108 0.009466
5 0.189759 0.225904 0.027108 0.009036
5 0.185053 0.244514 0.027485 0.009251
5 0.318995 0.190727 0.031438 0.008821
5 0.326619 0.22386 0.031627 0.008821
5 0.324454 0.248279 0.031438 0.008606
5 0.437029 0.245912 0.031815 0.007745
5 0.436276 0.226334 0.031815 0.007745
5 0.437218 0.208369 0.031815 0.00753
5 0.442959 0.189651 0.031627 0.00753
5 0.441736 0.174484 0.030685 0.007745
5 0.444465 0.161145 0.030874 0.007745
5 0.451431 0.135004 0.03012 0.008821
5 0.459337 0.120159 0.029367 0.010112
5 0.587914 0.006885 0.028614 0.004303
5 0.589891 0.022698 0.028803 0.005379
5 0.591114 0.036682 0.028991 0.005379
5 0.592432 0.050775 0.028991 0.006024
5 0.592903 0.066265 0.029932 0.005594
5 0.594409 0.082186 0.029932 0.005594
5 0.593844 0.099398 0.029932 0.005594
5 0.594974 0.11435 0.029932 0.005809
5 0.599115 0.1321 0.029932 0.005594
5 0.598833 0.148666 0.030873 0.005164
5 0.599021 0.165878 0.031626 0.005594
5 0.598362 0.183843 0.031438 0.005809
5 0.601657 0.224182 0.031627 0.005594
5 0.601562 0.243653 0.031438 0.005809
5 0.604951 0.264415 0.031438 0.005594
5 0.679876 0.010004 0.029179 0.0071
5 0.681946 0.024527 0.029556 0.006885
5 0.684112 0.043137 0.029744 0.005809
5 0.687688 0.055723 0.029744 0.004733
5 0.69343 0.071536 0.029556 0.004948
5 0.695407 0.086381 0.030497 0.004088
5 0.699172 0.104346 0.030497 0.005594
5 0.700678 0.120805 0.03125 0.005379
5 0.708208 0.136941 0.03125 0.005379
5 0.707549 0.154905 0.031438 0.005594
5 0.706796 0.171794 0.032191 0.005379
5 0.702466 0.19148 0.032191 0.005164
5 0.700584 0.210198 0.033321 0.005164
5 0.709902 0.228701 0.033133 0.005594
5 0.822854 0.018395 0.027108 0.00796
5 0.826713 0.040878 0.02805 0.006885
5 0.827843 0.071536 0.02805 0.006239
5 0.837538 0.090254 0.028238 0.00796
5 0.839891 0.110262 0.028426 0.00796
5 0.875847 0.260972 0.030685 0.006454
5 0.936747 0.087027 0.028238 0.006239
5 0.950678 0.16889 0.027108 0.006454
5 0.955478 0.207724 0.02805 0.00667
5 0.964608 0.225581 0.028238 0.00667
5 0.980233 0.261725 0.028238 0.00667
5 0.951431 0.190189 0.030497 0.006024
5 0.94616 0.126614 0.028238 0.006239
4 0.219597 0.059273 0.032191 0.012694
4 0.217715 0.075839 0.032191 0.012694
4 0.215079 0.088533 0.032191 0.012694
4 0.21122 0.101549 0.033133 0.012478
4 0.20802 0.115534 0.033133 0.013769
4 0.20689 0.13296 0.033133 0.013769
4 0.203878 0.146407 0.033886 0.012694
4 0.201148 0.163619 0.034074 0.012694
4 0.197572 0.178787 0.034074 0.012478
4 0.193806 0.19546 0.03558 0.012263
4 0.19023 0.210306 0.03445 0.012694
4 0.186465 0.226441 0.03445 0.012694
4 0.18157 0.245267 0.03445 0.012909
3 0.234375 0.261833 0.018449 0.007315
3 0.237858 0.285822 0.017508 0.0071
2 0.233716 0.259144 0.021649 0.015706
2 0.237575 0.283133 0.021837 0.015491
2 0.315324 0.191373 0.040663 0.012263
2 0.322854 0.224182 0.040663 0.012048
2 0.320783 0.248602 0.040663 0.012263
2 0.433358 0.208584 0.041416 0.010112
2 0.432323 0.226872 0.041227 0.010542
2 0.432888 0.246235 0.041227 0.010542
2 0.439571 0.190082 0.041039 0.010542
2 0.438253 0.174914 0.039533 0.010757
2 0.441077 0.16136 0.039157 0.010327
2 0.448042 0.135327 0.038027 0.011618
2 0.456137 0.12102 0.037651 0.013985
4 0.585843 0.006992 0.033886 0.006239
4 0.586596 0.023343 0.037274 0.008391
4 0.586973 0.037758 0.038027 0.008821
4 0.588761 0.051097 0.037462 0.008391
4 0.589514 0.06648 0.038592 0.007745
4 0.590456 0.082616 0.039721 0.008176
4 0.590456 0.099505 0.038592 0.00796
4 0.59102 0.114565 0.038592 0.00796
4 0.594785 0.132423 0.039345 0.00796
4 0.594597 0.148881 0.040098 0.007315
4 0.594974 0.166308 0.040851 0.007745
4 0.594032 0.18395 0.040851 0.007745
4 0.597609 0.224613 0.041604 0.008606
4 0.597044 0.243761 0.041604 0.008606
4 0.599962 0.2642 0.042922 0.008176
4 0.676581 0.010219 0.037651 0.008821
4 0.677993 0.024742 0.038592 0.009466
4 0.681005 0.043244 0.038215 0.008176
4 0.683829 0.055938 0.038592 0.007315
4 0.690041 0.071321 0.038215 0.00667
4 0.691736 0.086381 0.039721 0.006239
4 0.695218 0.104454 0.03878 0.00667
4 0.696913 0.12102 0.040286 0.0071
4 0.704443 0.136941 0.040286 0.0071
4 0.703313 0.15512 0.040663 0.007745
4 0.702749 0.171794 0.041039 0.0071
4 0.698325 0.191695 0.041604 0.006885
4 0.696818 0.210413 0.042357 0.006885
4 0.705761 0.228916 0.042922 0.007745
4 0.819559 0.017857 0.034827 0.010327
4 0.823042 0.040985 0.036521 0.009251
4 0.825678 0.071321 0.034639 0.008821
4 0.834526 0.090146 0.035768 0.010327
4 0.839703 0.110693 0.031062 0.010542
4 0.875941 0.26151 0.032756 0.008821
5 0.873965 0.236553 0.030685 0.006239
4 0.873965 0.237199 0.032568 0.008821
4 0.933641 0.087242 0.036333 0.008391
4 0.943806 0.126398 0.036333 0.008391
4 0.947572 0.16846 0.035956 0.009036
4 0.951431 0.190189 0.032003 0.007745
4 0.952466 0.207724 0.037086 0.008821
4 0.961314 0.225581 0.037086 0.008821
4 0.976939 0.261188 0.036709 0.009466
