1 0.208894 0.194391 0.075962 0.01891
0 0.211779 0.176923 0.100481 0.064744
1 0.432212 0.184295 0.073077 0.015385
0 0.43125 0.168269 0.086538 0.067308
1 0.749399 0.100801 0.06274 0.020192
0 0.745793 0.089423 0.078606 0.061538
3 0.464183 0.363622 0.027404 0.00609
2 0.463101 0.360256 0.030529 0.015385
3 0.527404 0.328686 0.025962 0.007372
2 0.526082 0.32468 0.029567 0.016667
8 0.584495 0.384936 0.027644 0.019872
8 0.65649 0.378686 0.027404 0.018269
8 0.774038 0.378045 0.028846 0.01891
8 0.777163 0.396955 0.028846 0.01891
8 0.835817 0.396474 0.030289 0.01859
3 0.947957 0.411378 0.023317 0.009295
2 0.945673 0.407212 0.028846 0.019551
8 0.988341 0.388622 0.022837 0.015705
3 0.75613 0.576763 0.029567 0.010577
2 0.753245 0.572596 0.036298 0.022756
3 0.431611 0.597436 0.031971 0.008333
2 0.429567 0.593269 0.036058 0.023077
3 0.492067 0.633173 0.032692 0.009936
2 0.490505 0.627404 0.036779 0.022756
5 0.498918 0.577083 0.035337 0.008013
4 0.489303 0.577083 0.05601 0.009936
3 0.582452 0.570032 0.030288 0.009936
2 0.58101 0.565224 0.034135 0.021474
3 0.632212 0.629647 0.019231 0.009295
2 0.636058 0.62468 0.038942 0.022436
3 0.685216 0.63734 0.019952 0.006731
2 0.688702 0.631731 0.037019 0.021154
8 0.821875 0.635897 0.038462 0.026923
3 0.890865 0.565224 0.030288 0.011218
2 0.889423 0.559936 0.035096 0.023077
8 0.906611 0.644712 0.034856 0.022756
3 0.757091 0.673077 0.03149 0.007051
2 0.755048 0.667949 0.037981 0.021795
5 0.839784 0.713462 0.03726 0.008974
4 0.848798 0.713942 0.059135 0.0125
