8 0.546781 0.699978 0.017884 0.016997
8 0.883471 0.268718 0.032756 0.053356
8 0.923663 0.270009 0.035203 0.050344
8 0.965362 0.274634 0.037651 0.055723
5 0.48974 0.40781 0.015625 0.003227
4 0.486258 0.405658 0.024473 0.009251
5 0.455949 0.418137 0.018072 0.004088
4 0.452184 0.418029 0.027108 0.008606
5 0.491152 0.386833 0.015437 0.003012
4 0.487669 0.386833 0.023532 0.006024
5 0.555817 0.425882 0.014872 0.003657
4 0.552428 0.426205 0.022402 0.006454
3 0.579631 0.433412 0.009789 0.003227
2 0.581608 0.431368 0.016002 0.008606
5 0.582455 0.410284 0.014684 0.003442
4 0.579631 0.410176 0.023343 0.005379
5 0.580102 0.395224 0.014495 0.004303
4 0.579254 0.393933 0.016943 0.010327
5 0.654556 0.409531 0.015813 0.003227
4 0.651167 0.409423 0.024473 0.004733
8 0.512519 0.570245 0.017508 0.011403
8 0.554593 0.53636 0.015813 0.013339
8 0.549416 0.571536 0.016755 0.009251
8 0.587349 0.570783 0.018072 0.012048
