3 0.499247 0.326592 0.006777 0.02883
3 0.530874 0.311532 0.025226 0.006024
3 0.604292 0.310349 0.024096 0.010972
3 0.659074 0.350258 0.015813 0.007745
3 0.689288 0.321751 0.016002 0.00667
3 0.715079 0.323688 0.014872 0.00667
2 0.496047 0.328206 0.015813 0.033778
2 0.530026 0.307767 0.027673 0.016566
2 0.604292 0.306153 0.029744 0.022375
2 0.662368 0.345848 0.029556 0.02173
2 0.691736 0.318309 0.022402 0.016566
2 0.717244 0.320138 0.021461 0.015491
3 0.713667 0.127582 0.016943 0.006024
2 0.716209 0.123279 0.025038 0.016781
3 0.714891 0.150172 0.016755 0.006454
2 0.716962 0.146407 0.022402 0.015706
