1 0.347115 0.44391 0.0625 0.012179
0 0.347957 0.428205 0.076683 0.051282
1 0.548558 0.3625 0.064904 0.01859
0 0.546635 0.347756 0.076442 0.057051
5 0.188101 0.625321 0.035817 0.008974
4 0.183774 0.625641 0.047837 0.012179
5 0.24976 0.665385 0.036058 0.008974
4 0.245433 0.665385 0.047115 0.011538
5 0.238582 0.703045 0.036779 0.007372
4 0.234014 0.703526 0.048317 0.009615
5 0.16238 0.703686 0.036779 0.007372
4 0.157572 0.703686 0.048317 0.009936
5 0.150721 0.740865 0.037019 0.008654
4 0.146034 0.741506 0.049279 0.011859
5 0.139183 0.786218 0.037019 0.008974
4 0.134976 0.786058 0.049279 0.011859
5 0.133774 0.829006 0.039663 0.008654
4 0.129207 0.829006 0.052163 0.011218
5 0.125361 0.876282 0.039663 0.010256
4 0.119591 0.876442 0.052644 0.0125
5 0.232091 0.739103 0.03726 0.008333
4 0.227404 0.739423 0.049038 0.010897
5 0.224038 0.779808 0.038462 0.008333
4 0.219712 0.779808 0.050962 0.011539
5 0.219712 0.825 0.039904 0.008333
4 0.214904 0.82532 0.051923 0.010897
5 0.209976 0.871474 0.040144 0.008333
4 0.204567 0.871474 0.053365 0.010897
5 0.453846 0.829487 0.039904 0.008333
4 0.447837 0.829808 0.054808 0.011539
5 0.350361 0.872917 0.041587 0.009295
4 0.34399 0.873077 0.05625 0.012179
3 0.045072 0.727564 0.008413 0.020513
2 0.041707 0.723878 0.021394 0.036859
