5 0.716962 0.309058 0.03445 0.00667
4 0.704254 0.309811 0.064006 0.020224
5 0.697195 0.229884 0.030309 0.005379
4 0.6859 0.229776 0.058547 0.016781
5 0.88573 0.326807 0.024096 0.003873
4 0.883001 0.326807 0.031062 0.005594
5 0.849492 0.260972 0.020896 0.005164
4 0.846668 0.260542 0.027297 0.007745
5 0.815606 0.638339 0.031438 0.009036
4 0.809394 0.638124 0.048381 0.020224
3 0.84808 0.71633 0.027485 0.009682
2 0.846009 0.711381 0.033509 0.02173
3 0.031909 0.696859 0.024285 0.007315
2 0.032003 0.692879 0.031627 0.021299
5 0.925169 0.255809 0.017131 0.03012
4 0.929405 0.251614 0.028991 0.044105
