1 0.086785 0.320783 0.028991 0.008176
1 0.08189 0.329281 0.029367 0.00796
1 0.326431 0.311102 0.024096 0.006885
1 0.324078 0.32046 0.023155 0.00796
1 0.319277 0.329712 0.023343 0.00796
1 0.389119 0.310671 0.024473 0.006454
1 0.388084 0.320138 0.023532 0.006454
1 0.377353 0.329281 0.040851 0.0071
1 0.391754 0.23225 0.035768 0.009251
1 0.682135 0.174699 0.036709 0.007745
1 0.68477 0.181691 0.034827 0.011403
1 0.685335 0.192771 0.036333 0.008606
1 0.687406 0.202345 0.03445 0.009682
1 0.689194 0.209875 0.035015 0.010972
1 0.697383 0.230529 0.038968 0.012263
1 0.699736 0.239565 0.038027 0.011403
1 0.712255 0.25355 0.024661 0.00796
1 0.714703 0.262371 0.024661 0.00796
1 0.71715 0.270009 0.025414 0.008606
1 0.720538 0.28238 0.023908 0.00753
1 0.720915 0.292169 0.025791 0.008176
1 0.722797 0.302711 0.026167 0.007315
1 0.697101 0.221601 0.036898 0.013339
1 0.22468 0.653722 0.061935 0.016136
1 0.481739 0.657702 0.07756 0.01506
1 0.802334 0.674484 0.079819 0.017642
0 0.09055 0.325732 0.067771 0.046041
0 0.323983 0.313468 0.074548 0.046902
0 0.387425 0.314006 0.073042 0.043244
0 0.39712 0.236231 0.0657 0.039587
0 0.688065 0.175559 0.060617 0.035284
0 0.694371 0.203959 0.064571 0.033133
0 0.706608 0.23225 0.063441 0.03722
0 0.71555 0.262801 0.068901 0.035929
0 0.721009 0.294535 0.070783 0.037435
0 0.227504 0.63253 0.080761 0.071859
0 0.482022 0.634144 0.085655 0.075947
0 0.799322 0.650495 0.096009 0.079819
