1 0.402673 0.365964 0.033509 0.008176
1 0.402391 0.374032 0.030685 0.00667
0 0.406815 0.37059 0.06363 0.044535
1 0.698419 0.355529 0.031626 0.008821
1 0.69776 0.377474 0.03445 0.010972
1 0.697666 0.386295 0.034639 0.010972
1 0.699172 0.394901 0.036145 0.009682
0 0.701242 0.350366 0.052711 0.025602
0 0.704819 0.382638 0.055723 0.044105
1 0.889401 0.387801 0.034827 0.009682
0 0.876318 0.373924 0.071536 0.04432
1 0.312312 0.769148 0.059864 0.018503
1 0.539062 0.809811 0.042357 0.018503
1 0.313347 0.749139 0.080384 0.075732
1 0.526732 0.786252 0.081702 0.077668
1 0.803934 0.805938 0.068336 0.0142
0 0.801205 0.782487 0.080949 0.072719
