3 0.23061 0.30852 0.022214 0.005594
2 0.230892 0.306368 0.023532 0.011618
3 0.284827 0.299053 0.021084 0.005594
2 0.28398 0.297117 0.027297 0.013769
3 0.247459 0.255701 0.020143 0.005809
2 0.248588 0.25355 0.025038 0.011833
3 0.334808 0.29389 0.020143 0.005594
2 0.33509 0.291308 0.025979 0.012479
3 0.368411 0.304217 0.019955 0.005164
2 0.367564 0.303034 0.023532 0.00796
3 0.252447 0.475151 0.017319 0.00667
2 0.2532 0.471708 0.023343 0.016997
3 0.292545 0.486768 0.027108 0.00667
2 0.292451 0.482035 0.032944 0.017857
3 0.312782 0.403292 0.024285 0.008391
2 0.313253 0.40028 0.029744 0.017857
3 0.36427 0.403399 0.026732 0.008606
2 0.364458 0.399742 0.03238 0.018072
3 0.34968 0.485478 0.02805 0.00753
2 0.34968 0.480852 0.032944 0.018503
3 0.415663 0.47386 0.028614 0.00796
2 0.415569 0.469987 0.031815 0.018718
3 0.477033 0.474828 0.029367 0.009466
2 0.476939 0.470955 0.033321 0.020654
3 0.567771 0.479454 0.03012 0.00796
2 0.566924 0.474828 0.034074 0.018072
3 0.642602 0.492147 0.031815 0.00753
2 0.641754 0.487091 0.036145 0.018072
3 0.702184 0.494944 0.03012 0.0071
2 0.700113 0.490211 0.036145 0.018718
3 0.767508 0.50667 0.03012 0.011618
2 0.765343 0.502367 0.036709 0.023236
3 0.829254 0.479131 0.029367 0.009036
2 0.828219 0.47472 0.034827 0.020009
3 0.079819 0.627689 0.019202 0.008391
2 0.082078 0.622633 0.030497 0.020224
3 0.147873 0.648128 0.028803 0.010542
2 0.148343 0.643072 0.036521 0.022806
3 0.240493 0.730637 0.032568 0.01463
2 0.241246 0.724505 0.039721 0.028184
3 0.311653 0.733434 0.032191 0.017642
2 0.312782 0.726979 0.039721 0.031411
3 0.399096 0.74204 0.021461 0.009466
2 0.404085 0.736231 0.040851 0.024957
3 0.578219 0.734079 0.023908 0.012909
2 0.584055 0.728485 0.039721 0.028399
3 0.698607 0.748817 0.035768 0.015706
2 0.697383 0.74247 0.040098 0.030981
3 0.813253 0.747956 0.035392 0.012263
2 0.811276 0.741609 0.041604 0.026678
3 0.92291 0.749677 0.022402 0.010542
2 0.92677 0.743653 0.041792 0.025172
