3 0.124906 0.399634 0.014119 0.005379
2 0.128953 0.396192 0.026732 0.015275
2 0.119447 0.444385 0.026544 0.016136
2 0.197007 0.438791 0.026544 0.016136
2 0.220727 0.438791 0.026544 0.016136
2 0.161521 0.39275 0.026732 0.016136
2 0.20416 0.390168 0.027297 0.017427
2 0.183453 0.390921 0.01939 0.01463
3 0.157474 0.397268 0.014872 0.004518
3 0.115023 0.44815 0.014307 0.006454
3 0.195783 0.442556 0.015813 0.006024
3 0.216585 0.44191 0.016002 0.007745
3 0.200207 0.394148 0.016002 0.006454
3 0.1827 0.394793 0.014872 0.006454
3 0.229669 0.386295 0.015813 0.005379
2 0.232963 0.383176 0.026167 0.015921
3 0.300169 0.381885 0.016755 0.007315
2 0.30177 0.377904 0.024849 0.016997
3 0.349962 0.374462 0.016566 0.0071
2 0.35288 0.371342 0.028426 0.015491
3 0.380553 0.377689 0.017131 0.006239
2 0.385166 0.374247 0.031627 0.016136
3 0.41218 0.376076 0.016755 0.006885
2 0.415192 0.372096 0.023908 0.016997
3 0.407474 0.432552 0.019014 0.00753
2 0.40945 0.428034 0.029367 0.018718
3 0.438818 0.432121 0.019202 0.011833
2 0.444465 0.428787 0.033509 0.023236
3 0.484563 0.369299 0.017319 0.00753
2 0.488799 0.364888 0.032944 0.017642
3 0.525414 0.379948 0.018449 0.008606
2 0.530497 0.375215 0.030873 0.018933
3 0.557888 0.368438 0.01939 0.00667
2 0.5609 0.364781 0.029932 0.017427
3 0.586691 0.36833 0.018261 0.006454
2 0.589138 0.36435 0.027673 0.016566
3 0.593656 0.425667 0.019767 0.0071
2 0.594785 0.420611 0.027297 0.018933
3 0.651544 0.428034 0.020331 0.00667
2 0.655779 0.423193 0.033697 0.018072
3 0.771178 0.361768 0.017884 0.006239
2 0.773249 0.359725 0.027673 0.017212
3 0.847327 0.422655 0.018449 0.008391
2 0.847703 0.418782 0.029368 0.020009
3 0.883754 0.366394 0.017884 0.008606
2 0.883001 0.362091 0.029556 0.018072
3 0.060147 0.570676 0.016755 0.008391
2 0.064665 0.567341 0.032191 0.020224
3 0.104763 0.568416 0.016378 0.012909
2 0.109752 0.564544 0.032003 0.025387
3 0.152297 0.635542 0.016943 0.009466
2 0.157944 0.631347 0.030874 0.02259
3 0.185053 0.639738 0.016943 0.008821
2 0.189288 0.633929 0.029179 0.021299
3 0.222044 0.570676 0.02052 0.009251
2 0.226751 0.56648 0.032944 0.022375
3 0.252824 0.577883 0.016943 0.010757
2 0.255742 0.571751 0.028803 0.025172
3 0.282756 0.571429 0.019955 0.009897
2 0.287274 0.56648 0.034262 0.022375
3 0.280685 0.642965 0.019955 0.00796
2 0.282285 0.637156 0.02805 0.02259
3 0.30657 0.644148 0.019767 0.009466
2 0.312312 0.638662 0.03125 0.02173
3 0.395237 0.645546 0.022026 0.00796
2 0.39919 0.639953 0.035956 0.02259
7 0.855986 0.596923 0.059488 0.040663
6 0.854104 0.600366 0.066265 0.050559
5 0.868788 0.672655 0.036145 0.012263
4 0.873494 0.673623 0.052711 0.021084
7 0.934864 0.638447 0.068901 0.027754
6 0.9343 0.639738 0.079443 0.042384
7 0.908133 0.550129 0.070407 0.025818
6 0.908133 0.551743 0.074548 0.032057
