1 0.294231 0.48782 0.054808 0.012821
0 0.295192 0.473237 0.068269 0.050962
1 0.422837 0.443429 0.053846 0.013141
0 0.422957 0.429487 0.061779 0.048077
1 0.585817 0.305128 0.030769 0.009615
1 0.585938 0.296635 0.029087 0.008013
0 0.591106 0.30032 0.05625 0.041667
1 0.579567 0.515705 0.054808 0.016667
0 0.578005 0.500641 0.06899 0.054487
1 0.708774 0.526763 0.056971 0.017628
0 0.70649 0.510897 0.073558 0.057692
7 0.155288 0.853846 0.053846 0.020513
6 0.155048 0.853365 0.057212 0.027244
7 0.291947 0.893109 0.02476 0.013141
6 0.291346 0.895833 0.030769 0.024359
3 0.343389 0.918109 0.023798 0.009295
2 0.342548 0.913301 0.026923 0.021474
8 0.417548 0.849519 0.044231 0.030449
3 0.571034 0.810417 0.022356 0.009936
2 0.570673 0.80609 0.025962 0.020513
3 0.574159 0.866987 0.022837 0.008333
2 0.573077 0.863462 0.026442 0.021795
3 0.578486 0.895833 0.023317 0.007051
2 0.577163 0.891026 0.027885 0.01859
