1 0.07116 0.321966 0.028991 0.005809
1 0.06683 0.330895 0.028238 0.005163
1 0.061653 0.340146 0.030685 0.006024
0 0.073136 0.325947 0.070218 0.04346
1 0.359469 0.248494 0.022402 0.005164
1 0.356834 0.25667 0.021649 0.005594
1 0.355328 0.265598 0.01939 0.005379
1 0.343091 0.284316 0.036333 0.00667
1 0.341397 0.29346 0.036333 0.006024
0 0.35834 0.251506 0.0657 0.037435
0 0.347986 0.29077 0.067206 0.039372
1 0.545275 0.177711 0.031062 0.008606
1 0.546028 0.185456 0.031062 0.005594
1 0.546216 0.192233 0.032944 0.005809
1 0.549322 0.210628 0.019202 0.005164
1 0.548004 0.217728 0.021837 0.005164
1 0.548852 0.224828 0.022026 0.004303
1 0.599586 0.1733 0.030873 0.006239
1 0.601657 0.180293 0.029744 0.006024
1 0.603633 0.1875 0.029179 0.005809
1 0.60288 0.210306 0.021649 0.005809
1 0.604104 0.217836 0.021461 0.004948
1 0.599304 0.225258 0.03445 0.006024
1 0.649567 0.214608 0.031815 0.006239
1 0.652014 0.220525 0.032191 0.005594
1 0.652485 0.227732 0.034639 0.006239
1 0.531156 0.249032 0.035956 0.005809
1 0.531062 0.25753 0.036145 0.005594
1 0.530026 0.265491 0.037462 0.006454
1 0.58895 0.248602 0.03558 0.00667
1 0.58895 0.25753 0.035956 0.007315
1 0.590267 0.266136 0.036333 0.007315
1 0.643825 0.252689 0.036145 0.008821
1 0.527203 0.291846 0.037839 0.005809
1 0.52645 0.302173 0.037462 0.0071
1 0.526638 0.311855 0.036709 0.00753
1 0.587726 0.291846 0.037651 0.005809
1 0.589044 0.302173 0.036145 0.0071
1 0.588761 0.31293 0.037839 0.00667
1 0.645237 0.261295 0.03445 0.008391
1 0.64712 0.269686 0.03445 0.009682
1 0.645896 0.297332 0.036521 0.008606
1 0.64712 0.306906 0.036709 0.009682
1 0.648155 0.316695 0.036145 0.010327
0 0.551675 0.179647 0.056288 0.032702
0 0.605986 0.17599 0.058735 0.037866
0 0.548569 0.212995 0.057605 0.036575
0 0.604575 0.213748 0.057417 0.03679
0 0.658227 0.217943 0.05817 0.037005
0 0.535392 0.252689 0.060617 0.041523
0 0.597138 0.252474 0.059111 0.040232
0 0.652956 0.25753 0.057794 0.04475
0 0.531909 0.297225 0.064947 0.047547
0 0.596009 0.298408 0.059488 0.046902
0 0.656156 0.303141 0.062688 0.046902
1 0.347327 0.563576 0.028991 0.009251
1 0.338008 0.57756 0.045369 0.010972
1 0.336126 0.592405 0.047251 0.011403
1 0.332737 0.624677 0.048381 0.011833
1 0.330384 0.639953 0.049322 0.013554
0 0.348174 0.568739 0.086032 0.065189
0 0.34055 0.63608 0.088855 0.067771
1 0.697101 0.684811 0.041792 0.0142
0 0.6827 0.661252 0.081137 0.078528
