4 0.490776 0.480529 0.022967 0.015275
5 0.494258 0.485908 0.014495 0.002797
4 0.492564 0.542169 0.024285 0.016781
5 0.496611 0.548623 0.015437 0.003442
3 0.509977 0.615318 0.019202 0.005594
2 0.509413 0.612629 0.02259 0.014845
3 0.548569 0.605099 0.019202 0.004948
2 0.547816 0.601764 0.022214 0.013769
3 0.59808 0.598645 0.019202 0.004088
2 0.597138 0.595417 0.022967 0.013124
3 0.591114 0.58111 0.019578 0.003873
2 0.590644 0.577883 0.021649 0.012478
2 0.546122 0.545073 0.020708 0.013554
3 0.546498 0.547655 0.017696 0.005809
3 0.465832 0.538942 0.005083 0.019363
2 0.463573 0.540017 0.012613 0.022375
3 0.468844 0.570891 0.005836 0.020869
2 0.465926 0.571859 0.013178 0.023666
3 0.402391 0.598214 0.02052 0.004088
2 0.402108 0.595202 0.02372 0.011833
3 0.40945 0.663834 0.020331 0.008821
2 0.407474 0.660392 0.02692 0.019578
7 0.448325 0.654905 0.032944 0.009466
6 0.448607 0.655228 0.035015 0.010972
3 0.436559 0.613597 0.005271 0.021945
2 0.433453 0.614565 0.013742 0.025602
7 0.324266 0.625968 0.01186 0.041954
6 0.324266 0.62543 0.014119 0.04432
7 0.243599 0.666093 0.056099 0.011618
6 0.243599 0.665985 0.057982 0.013554
3 0.289721 0.5767 0.018072 0.004088
2 0.289627 0.573688 0.022779 0.012263
3 0.247835 0.56605 0.016001 0.009466
2 0.248306 0.563253 0.02259 0.017642
3 0.184206 0.566695 0.017131 0.004733
2 0.183829 0.564114 0.021649 0.012478
3 0.169992 0.618653 0.017696 0.005809
2 0.170087 0.615211 0.022779 0.015275
5 0.165286 0.623171 0.024096 0.00667
4 0.165286 0.623171 0.025226 0.00753
3 0.547252 0.693954 0.020708 0.006239
2 0.546404 0.690082 0.024285 0.016136
4 0.500753 0.710306 0.036521 0.043244
5 0.500941 0.727732 0.033133 0.00667
4 0.427993 0.689114 0.029932 0.022375
5 0.432323 0.697074 0.018637 0.004733
3 0.378294 0.736123 0.021649 0.00796
2 0.377636 0.732143 0.025979 0.018933
3 0.375 0.814759 0.02259 0.006885
2 0.374153 0.810456 0.026544 0.018072
3 0.337538 0.805077 0.021837 0.005594
2 0.33669 0.801205 0.026167 0.016781
6 0.222044 0.767212 0.060806 0.021945
7 0.222421 0.767212 0.0593 0.020654
3 0.287556 0.7017 0.004706 0.025602
2 0.290004 0.700839 0.012613 0.030336
4 0.575584 0.527108 0.029556 0.009036
5 0.578972 0.527324 0.021273 0.004733
3 0.602974 0.647483 0.019955 0.004518
2 0.602127 0.644793 0.023155 0.0142
3 0.641566 0.584875 0.019202 0.003657
2 0.640531 0.581648 0.022779 0.012263
3 0.640813 0.60241 0.018825 0.006885
2 0.639401 0.600258 0.023908 0.01506
3 0.653803 0.678679 0.019955 0.00753
2 0.652391 0.674914 0.024661 0.018072
4 0.690136 0.647698 0.046687 0.030336
5 0.696348 0.657595 0.031626 0.005379
4 0.744164 0.647052 0.047816 0.029475
5 0.750659 0.65738 0.031438 0.005809
3 0.807417 0.69417 0.012425 0.004088
2 0.810523 0.690727 0.024285 0.013985
3 0.877071 0.640491 0.012425 0.005164
2 0.878671 0.636725 0.023908 0.013124
3 0.915568 0.759789 0.019767 0.006239
2 0.91378 0.756132 0.025602 0.016997
4 0.929688 0.651893 0.02805 0.019793
5 0.935147 0.65781 0.015248 0.004518
4 0.955384 0.651248 0.027108 0.018503
5 0.960843 0.657487 0.01506 0.003873
4 0.984093 0.648343 0.02805 0.019148
5 0.990211 0.65469 0.014684 0.003873
4 0.913498 0.598214 0.025791 0.016997
5 0.918392 0.604454 0.014119 0.003227
4 0.948983 0.597354 0.026355 0.017427
5 0.954443 0.603163 0.014684 0.004088
4 0.900226 0.53636 0.025602 0.015491
5 0.90512 0.541523 0.014307 0.003442
4 0.933076 0.533993 0.026167 0.01506
5 0.937876 0.539049 0.014307 0.003227
4 0.955008 0.726979 0.029368 0.021084
5 0.960373 0.733326 0.015625 0.005809
4 0.98334 0.72386 0.028803 0.021299
5 0.989175 0.730852 0.015625 0.004733
4 0.708678 0.516889 0.030685 0.00753
5 0.711973 0.516889 0.021837 0.003657
3 0.72901 0.571751 0.01939 0.004518
2 0.728539 0.569062 0.022967 0.012479
3 0.679876 0.556261 0.01939 0.003657
2 0.679405 0.553464 0.022214 0.011403
4 0.659827 0.504733 0.028991 0.007315
5 0.663215 0.504733 0.020708 0.003442
4 0.622364 0.529045 0.030497 0.007315
5 0.625847 0.529152 0.022026 0.003657
4 0.757436 0.735155 0.052146 0.033993
5 0.764213 0.744621 0.034074 0.008176
4 0.699736 0.736984 0.049699 0.034639
5 0.706231 0.747633 0.033697 0.007745
3 0.670746 0.809165 0.021837 0.007745
2 0.669992 0.80454 0.025602 0.019148
3 0.612669 0.766244 0.021649 0.005379
2 0.61154 0.764953 0.025791 0.012263
3 0.548852 0.759359 0.021649 0.00667
2 0.548287 0.755271 0.024661 0.016997
4 0.147967 0.672762 0.027861 0.021515
5 0.147873 0.679324 0.025414 0.00667
4 0.124812 0.654583 0.030497 0.008821
5 0.1282 0.654583 0.021084 0.005379
4 0.078219 0.648774 0.038592 0.030336
5 0.082361 0.658778 0.028426 0.007745
4 0.124623 0.573257 0.028238 0.026893
5 0.124435 0.580572 0.025602 0.010542
4 0.11041 0.546687 0.016378 0.017642
5 0.110128 0.551958 0.014307 0.005809
3 0.081419 0.693309 0.018261 0.004948
2 0.081231 0.690082 0.024285 0.014415
3 0.026261 0.713748 0.018261 0.004948
2 0.026732 0.709768 0.02372 0.015491
3 0.062123 0.579281 0.017319 0.003227
2 0.063441 0.576915 0.022967 0.009682
3 0.026544 0.628227 0.01619 0.005594
2 0.027391 0.625215 0.022026 0.01506
4 0.13959 0.727517 0.033321 0.010112
5 0.143449 0.72827 0.024096 0.006454
4 0.105704 0.725366 0.032568 0.011403
5 0.109187 0.725904 0.022967 0.006454
4 0.062029 0.732788 0.035203 0.027539
5 0.067489 0.742255 0.02052 0.006454
