8 0.426322 0.24359 0.02524 0.012821
8 0.340986 0.190865 0.02524 0.013141
8 0.57512 0.310096 0.027644 0.013782
8 0.622356 0.332532 0.028365 0.016346
8 0.701322 0.247596 0.030529 0.015064
8 0.784014 0.271474 0.03149 0.014103
3 0.623678 0.319712 0.028606 0.005449
2 0.622236 0.316346 0.031971 0.014744
8 0.724159 0.504006 0.038221 0.023397
8 0.864784 0.507692 0.039663 0.021795
3 0.819111 0.516186 0.036779 0.007372
2 0.816947 0.511218 0.04351 0.019872
3 0.692067 0.510897 0.023558 0.008974
2 0.692188 0.505609 0.032933 0.021474
8 0.61238 0.500481 0.034856 0.026603
8 0.44976 0.467788 0.03125 0.020833
8 0.453606 0.521314 0.033173 0.022756
3 0.496034 0.528045 0.034375 0.007372
2 0.494832 0.522115 0.039663 0.020513
8 0.343389 0.551122 0.035817 0.02532
8 0.383053 0.502564 0.035337 0.022436
8 0.321034 0.460096 0.035337 0.020192
3 0.349279 0.451763 0.020192 0.007372
2 0.356611 0.447276 0.039663 0.018269
3 0.339663 0.504167 0.021635 0.008333
2 0.346514 0.499359 0.040144 0.021154
8 0.238702 0.522436 0.039904 0.022436
3 0.240024 0.500641 0.021875 0.00641
2 0.246635 0.494872 0.041346 0.01859
3 0.123077 0.546474 0.023077 0.010897
2 0.128606 0.540064 0.043269 0.025641
8 0.11899 0.564904 0.041346 0.024679
8 0.157933 0.463462 0.036538 0.021154
3 0.161538 0.43782 0.020673 0.005769
2 0.168389 0.433654 0.040144 0.016026
8 0.963582 0.715064 0.050721 0.033333
8 0.822356 0.696955 0.047115 0.035577
8 0.780288 0.697115 0.047115 0.035897
8 0.741707 0.701603 0.046394 0.035256
8 0.703125 0.704968 0.044231 0.03109
8 0.706971 0.635737 0.042308 0.030449
8 0.616106 0.683974 0.041346 0.030769
8 0.640024 0.757853 0.045433 0.033654
3 0.642188 0.734615 0.042067 0.010256
2 0.640505 0.727083 0.048317 0.029808
3 0.575841 0.773558 0.04351 0.016987
2 0.574038 0.765545 0.052885 0.036218
8 0.494351 0.717949 0.040144 0.032051
8 0.421875 0.674519 0.039423 0.034295
8 0.341587 0.744712 0.044231 0.034936
8 0.34976 0.697917 0.040385 0.03109
8 0.180769 0.737981 0.045192 0.034936
8 0.105649 0.732212 0.047356 0.034295
3 0.019231 0.758333 0.028846 0.008974
2 0.027764 0.750801 0.052644 0.03109
8 0.015144 0.782372 0.030288 0.033333
3 0.086538 0.819872 0.046635 0.014103
2 0.085457 0.811538 0.05601 0.035256
8 0.277404 0.789103 0.045192 0.03141
3 0.386298 0.752885 0.043269 0.019231
2 0.386659 0.745673 0.048798 0.039423
