1 0.229763 0.171794 0.040474 0.02216
0 0.218468 0.161467 0.075866 0.067341
1 0.438441 0.138554 0.047816 0.021084
0 0.427146 0.131992 0.087726 0.06605
3 0.270049 0.428894 0.023908 0.010542
2 0.270237 0.424376 0.029556 0.02173
3 0.84215 0.629948 0.031438 0.009466
3 0.72901 0.637478 0.03445 0.009897
3 0.72468 0.600366 0.03445 0.010112
3 0.594597 0.636295 0.03445 0.010112
3 0.58782 0.578528 0.037462 0.007315
2 0.587444 0.573042 0.039345 0.023021
2 0.593468 0.630271 0.042733 0.025602
2 0.722233 0.595202 0.037839 0.025172
2 0.726845 0.632315 0.042169 0.023666
2 0.840832 0.623709 0.040474 0.023236
3 0.463197 0.636725 0.032568 0.012263
2 0.462255 0.631132 0.038215 0.026893
3 0.317959 0.571966 0.025226 0.02216
2 0.315606 0.578206 0.034827 0.03722
3 0.301017 0.63565 0.03012 0.015275
2 0.301205 0.629518 0.038027 0.030981
3 0.266002 0.47741 0.024849 0.007745
2 0.265531 0.473214 0.030309 0.017427
3 0.164721 0.463102 0.02259 0.00796
2 0.165098 0.459015 0.027485 0.016997
3 0.218091 0.628442 0.024661 0.009036
2 0.217903 0.623817 0.02805 0.020439
3 0.228727 0.581863 0.025979 0.010542
2 0.228539 0.578421 0.029367 0.020439
3 0.091867 0.567664 0.02259 0.00753
2 0.092244 0.563576 0.025226 0.016566
