3 0.034262 0.721923 0.030497 0.019578
2 0.036239 0.714716 0.044239 0.038726
2 0.152014 0.750108 0.046122 0.03679
3 0.151732 0.75796 0.035392 0.017642
2 0.316453 0.7571 0.050828 0.035714
3 0.317018 0.765168 0.041416 0.014845
3 0.426864 0.790448 0.042357 0.012479
2 0.425452 0.781734 0.050075 0.034208
2 0.520708 0.773881 0.050075 0.032272
3 0.523061 0.782702 0.042733 0.010757
2 0.591585 0.756347 0.041227 0.030766
3 0.585655 0.762263 0.022214 0.011188
3 0.715079 0.782702 0.044992 0.01506
2 0.71282 0.775065 0.054405 0.03636
3 0.765719 0.740318 0.04198 0.012048
2 0.762895 0.732466 0.05177 0.032487
3 0.791604 0.850366 0.045181 0.016566
2 0.790098 0.841652 0.053087 0.040017
2 0.231928 0.6108 0.046687 0.02926
3 0.231928 0.617577 0.037651 0.012263
3 0.428934 0.652969 0.039345 0.010757
2 0.427617 0.645869 0.044992 0.02926
2 0.68477 0.644686 0.049134 0.033348
3 0.687782 0.650818 0.040098 0.013339
2 0.832361 0.656411 0.048005 0.026248
3 0.835843 0.663404 0.038027 0.009251
2 0.86587 0.776355 0.057417 0.03722
3 0.869541 0.784101 0.044804 0.014845
3 0.955196 0.773774 0.041039 0.014845
2 0.951807 0.766028 0.052711 0.035929
3 0.920746 0.660929 0.02372 0.009036
2 0.923663 0.65426 0.049511 0.028399
3 0.986258 0.634036 0.021461 0.009466
2 0.983434 0.627259 0.033133 0.026893
2 0.132907 0.446106 0.033509 0.017427
3 0.131589 0.450624 0.026355 0.005809
2 0.18157 0.445891 0.035203 0.019578
3 0.180629 0.450732 0.02805 0.006885
3 0.22741 0.450624 0.028614 0.005809
2 0.227692 0.446213 0.03558 0.017642
3 0.274567 0.470525 0.027673 0.007745
2 0.27419 0.465146 0.03445 0.020654
3 0.360128 0.429217 0.031627 0.005594
2 0.359187 0.424699 0.038404 0.018072
3 0.447101 0.442664 0.032756 0.006239
2 0.445689 0.43793 0.038968 0.019148
2 0.166133 0.355099 0.032568 0.014415
3 0.165663 0.358756 0.025226 0.005809
2 0.209902 0.355637 0.030874 0.01506
3 0.209431 0.359079 0.025414 0.005164
3 0.253577 0.357035 0.026732 0.004948
2 0.253859 0.353163 0.032944 0.013985
3 0.292922 0.393287 0.028614 0.005594
2 0.29311 0.388877 0.035015 0.016997
2 0.442959 0.34219 0.034262 0.016997
3 0.442583 0.346063 0.028614 0.00753
3 0.836973 0.467513 0.035015 0.006885
2 0.836032 0.462027 0.044804 0.020439
3 0.897967 0.456971 0.032756 0.006454
2 0.894955 0.451915 0.042169 0.020009
3 0.972233 0.469019 0.031062 0.006454
2 0.969315 0.463533 0.041039 0.020009
3 0.858998 0.373924 0.03125 0.006885
2 0.855516 0.370267 0.039721 0.018072
3 0.771649 0.483972 0.033509 0.00667
2 0.770896 0.477625 0.041416 0.021084
3 0.68477 0.484617 0.03558 0.00753
2 0.682794 0.479238 0.043298 0.02173
3 0.509413 0.473107 0.034639 0.007315
2 0.508001 0.466867 0.039721 0.021515
3 0.59535 0.454281 0.035956 0.00753
2 0.593562 0.448688 0.041792 0.021299
3 0.506495 0.371773 0.031438 0.008176
2 0.506965 0.367793 0.038404 0.02216
3 0.591303 0.369729 0.03238 0.006239
2 0.590079 0.364673 0.037839 0.018933
3 0.673946 0.401248 0.033133 0.005594
2 0.671875 0.396192 0.039157 0.018287
3 0.748117 0.398451 0.03238 0.005164
2 0.746329 0.393395 0.040851 0.016997
3 0.812029 0.369514 0.031438 0.006239
2 0.809582 0.364996 0.040098 0.017427
3 0.902862 0.349075 0.028991 0.00753
2 0.899661 0.345633 0.039533 0.018718
2 0.945501 0.345095 0.036333 0.01463
3 0.947007 0.348429 0.02805 0.004948
3 0.328125 0.229776 0.024096 0.004733
3 0.397684 0.227625 0.025791 0.004733
2 0.398343 0.225043 0.029744 0.012909
3 0.53878 0.230207 0.024473 0.004303
2 0.538121 0.22741 0.027673 0.012478
2 0.326901 0.227302 0.029556 0.011403
3 0.343185 0.174699 0.024096 0.007315
2 0.343185 0.173193 0.025979 0.013339
3 0.359469 0.122418 0.020896 0.004303
2 0.360881 0.120267 0.027108 0.010757
3 0.409733 0.163834 0.022402 0.005379
2 0.410015 0.16222 0.025226 0.010327
3 0.591585 0.247633 0.028426 0.004733
2 0.591491 0.245159 0.03125 0.012694
3 0.702937 0.226549 0.026732 0.004303
2 0.701901 0.224613 0.032944 0.010327
3 0.638742 0.201915 0.026355 0.004088
2 0.638178 0.200086 0.029367 0.011618
3 0.587255 0.202345 0.026544 0.003657
2 0.586973 0.199871 0.029367 0.010757
