1 0.284295 0.238101 0.045513 0.008413
1 0.28157 0.243389 0.048397 0.008894
1 0.279647 0.248678 0.048397 0.008894
1 0.275481 0.270072 0.049679 0.008894
1 0.276282 0.275481 0.046795 0.008173
1 0.360417 0.248438 0.047115 0.010817
1 0.360417 0.253726 0.047115 0.010817
1 0.361378 0.259135 0.044551 0.011538
1 0.436058 0.261538 0.044551 0.011058
1 0.435417 0.266827 0.044551 0.011058
1 0.439423 0.272115 0.037821 0.008173
0 0.289744 0.242788 0.085256 0.033654
0 0.283494 0.271154 0.088782 0.031731
0 0.367949 0.252524 0.078846 0.03726
0 0.44375 0.264904 0.074679 0.037019
1 0.727404 0.300841 0.044551 0.00649
1 0.73109 0.30613 0.04359 0.006971
0 0.73718 0.305168 0.082692 0.03101
8 0.176122 0.459135 0.032372 0.0125
8 0.166506 0.497596 0.034295 0.012019
8 0.278686 0.481611 0.031731 0.013702
8 0.394231 0.516466 0.029487 0.01274
8 0.48734 0.498918 0.027885 0.01226
8 0.490224 0.515745 0.027885 0.01226
8 0.492788 0.530409 0.028526 0.011779
8 0.555449 0.512139 0.028846 0.010337
8 0.61843 0.517428 0.029167 0.010817
8 0.701923 0.510817 0.03141 0.012019
8 0.707372 0.522115 0.032051 0.010577
8 0.715385 0.534736 0.030769 0.014663
8 0.764103 0.508173 0.028205 0.011538
8 0.78125 0.540144 0.029167 0.013942
8 0.836218 0.533774 0.030769 0.011298
3 0.842148 0.55012 0.027885 0.005529
2 0.840865 0.547115 0.033654 0.012019
3 0.397596 0.526082 0.029167 0.005529
2 0.396154 0.525 0.033333 0.008173
3 0.377564 0.492909 0.027564 0.005048
2 0.376442 0.490625 0.032372 0.011058
3 0.425801 0.494231 0.027885 0.004808
2 0.42484 0.491947 0.032372 0.010337
3 0.1625 0.510937 0.032692 0.005529
2 0.162179 0.508173 0.038462 0.0125
3 0.203686 0.436298 0.029808 0.006731
2 0.202564 0.433534 0.035256 0.013221
5 0.297115 0.446154 0.052564 0.010096
4 0.284776 0.441346 0.079808 0.021635
8 0.708654 0.485577 0.028205 0.011058
3 0.332051 0.63113 0.033974 0.00601
2 0.332051 0.628125 0.035256 0.013462
3 0.286058 0.676803 0.038782 0.00601
2 0.287179 0.673438 0.048077 0.016587
8 0.298077 0.628486 0.033974 0.016106
8 0.295833 0.667788 0.036538 0.016827
8 0.195192 0.671755 0.038462 0.017548
8 0.17532 0.716707 0.041026 0.01851
8 0.158494 0.753606 0.040705 0.022115
8 0.053846 0.716466 0.046795 0.021394
8 0.290545 0.728486 0.038782 0.01899
3 0.313462 0.760216 0.039103 0.008413
2 0.311859 0.755409 0.044872 0.01851
3 0.39359 0.714183 0.035897 0.007692
2 0.391346 0.709856 0.041667 0.016827
8 0.396314 0.725841 0.034295 0.014663
8 0.399038 0.652404 0.033974 0.014423
8 0.477724 0.642428 0.031731 0.014663
8 0.482532 0.73137 0.035577 0.016106
3 0.501763 0.772115 0.0375 0.005769
2 0.501282 0.768269 0.041667 0.015385
3 0.576282 0.772115 0.035897 0.00625
2 0.57468 0.768269 0.041026 0.015385
8 0.563462 0.744351 0.034615 0.018029
3 0.652244 0.659375 0.035256 0.009615
2 0.651442 0.655769 0.038141 0.018269
8 0.655769 0.675962 0.032692 0.016346
3 0.850641 0.754567 0.033974 0.005288
2 0.849359 0.75024 0.041026 0.014904
8 0.808173 0.736178 0.036859 0.016106
8 0.78718 0.660938 0.033974 0.014663
3 0.836859 0.66863 0.01282 0.022356
2 0.832372 0.669471 0.024359 0.025
3 0.940865 0.665144 0.020833 0.022115
2 0.937821 0.666466 0.03141 0.027163
8 0.916346 0.625962 0.03141 0.013462
3 0.916346 0.616587 0.029487 0.004327
2 0.913942 0.613221 0.036859 0.011538
8 0.9375 0.71863 0.033974 0.016106
8 0.98734 0.660216 0.024679 0.014663
9 0.957372 0.751683 0.070513 0.037019
9 0.940545 0.687139 0.059295 0.042548
3 0.476282 0.671755 0.035256 0.010337
2 0.475641 0.668269 0.040385 0.017788
