3 0.612764 0.789694 0.038027 0.009682
3 0.577937 0.863597 0.025979 0.011188
3 0.704066 0.873494 0.025979 0.010327
3 0.76619 0.775925 0.040286 0.010972
3 0.867941 0.691695 0.032568 0.007315
3 0.879047 0.757853 0.036333 0.008391
3 0.887895 0.834875 0.040474 0.010112
2 0.580196 0.85682 0.040286 0.032487
2 0.612105 0.783886 0.043863 0.026033
2 0.709526 0.866717 0.044428 0.028614
2 0.76459 0.769148 0.047251 0.028399
7 0.699078 0.803679 0.029179 0.013554
6 0.698983 0.803787 0.032003 0.016781
3 0.153332 0.735585 0.031438 0.012909
2 0.153614 0.729884 0.039157 0.029475
3 0.211691 0.710521 0.031438 0.013124
2 0.211879 0.704281 0.038968 0.028614
3 0.20369 0.754195 0.031627 0.013124
2 0.20529 0.747956 0.041604 0.028614
3 0.275602 0.732681 0.033509 0.008391
2 0.27372 0.726657 0.040663 0.025602
3 0.041604 0.789694 0.028991 0.011403
2 0.04198 0.784316 0.038404 0.029045
3 0.086408 0.800129 0.030497 0.011188
2 0.08622 0.794966 0.035768 0.02883
3 0.016849 0.709768 0.023532 0.008176
2 0.019014 0.704497 0.035768 0.023881
7 0.157662 0.669535 0.035203 0.013769
6 0.15738 0.669643 0.038404 0.016997
2 0.866434 0.686102 0.040474 0.024527
2 0.877541 0.751398 0.04198 0.024742
2 0.886483 0.828421 0.046687 0.027324
7 0.427334 0.734509 0.04744 0.011188
7 0.427805 0.745482 0.047628 0.011188
7 0.427334 0.758713 0.04744 0.012263
7 0.427711 0.770654 0.04744 0.012478
7 0.425546 0.781734 0.047628 0.012263
7 0.426675 0.791954 0.049887 0.012479
7 0.423193 0.816588 0.050075 0.012263
7 0.415004 0.837565 0.041604 0.012048
7 0.414721 0.848752 0.042169 0.012048
7 0.410015 0.826807 0.045181 0.011618
7 0.490305 0.740641 0.040851 0.012263
7 0.486728 0.749462 0.038215 0.011403
7 0.479104 0.76151 0.038404 0.011403
6 0.449266 0.791523 0.131212 0.134682
