3 0.03738 0.358494 0.026202 0.007372
2 0.036418 0.355449 0.029087 0.014744
3 0.605409 0.279006 0.019471 0.015064
2 0.602764 0.277724 0.026683 0.021474
3 0.624159 0.357372 0.022356 0.005128
2 0.621875 0.354487 0.029327 0.012821
3 0.631611 0.416827 0.028606 0.005449
2 0.630889 0.4125 0.03149 0.014103
3 0.708414 0.382212 0.025481 0.004167
2 0.70637 0.378365 0.031971 0.0125
3 0.696755 0.321795 0.023798 0.005128
2 0.694832 0.318109 0.030529 0.013141
3 0.751442 0.223558 0.021635 0.004167
2 0.750721 0.220994 0.025 0.011218
3 0.789423 0.334295 0.024519 0.005769
2 0.787981 0.33125 0.030288 0.013782
3 0.861779 0.37484 0.015865 0.004167
2 0.863582 0.371635 0.03101 0.011859
3 0.854928 0.321314 0.014663 0.004167
2 0.859014 0.319071 0.029087 0.013141
3 0.016466 0.54407 0.014663 0.020192
2 0.0125 0.545192 0.024038 0.022436
3 0.084495 0.56843 0.029087 0.0125
2 0.085337 0.563462 0.037981 0.025641
3 0.194832 0.633654 0.032452 0.008333
2 0.194111 0.627564 0.039183 0.022436
3 0.204928 0.566667 0.03101 0.007051
2 0.204447 0.561699 0.038221 0.018269
3 0.260697 0.56266 0.03149 0.005449
2 0.259856 0.556891 0.037019 0.017628
3 0.255409 0.635577 0.033413 0.007051
3 0.307332 0.630449 0.033413 0.007051
3 0.374639 0.636699 0.032933 0.006731
3 0.434255 0.519712 0.030048 0.009295
2 0.253966 0.630769 0.038702 0.022436
2 0.305288 0.62484 0.037981 0.021474
2 0.373317 0.63109 0.0375 0.019872
2 0.433894 0.515385 0.034615 0.021154
3 0.445072 0.625481 0.00649 0.034936
2 0.440144 0.626602 0.018269 0.039744
3 0.516346 0.538462 0.028846 0.007051
3 0.512981 0.591667 0.030288 0.007051
2 0.511659 0.586859 0.033894 0.019231
2 0.515144 0.533974 0.032692 0.01859
3 0.578245 0.521314 0.029087 0.00609
2 0.576683 0.516026 0.033173 0.01859
3 0.695793 0.515224 0.02476 0.015064
2 0.692067 0.511218 0.035096 0.026282
3 0.713942 0.592949 0.031731 0.007051
2 0.712019 0.58718 0.037981 0.019231
3 0.781731 0.604808 0.007692 0.032692
2 0.7875 0.604487 0.020192 0.03782
3 0.838702 0.506731 0.011538 0.028846
3 0.846274 0.541506 0.01226 0.029808
3 0.852764 0.596795 0.03149 0.007692
2 0.851562 0.591987 0.03774 0.017949
2 0.841346 0.541186 0.023077 0.032372
2 0.843389 0.505769 0.022356 0.032051
3 0.970192 0.592468 0.026923 0.016346
2 0.965024 0.58718 0.038702 0.028846
3 0.019591 0.77516 0.038221 0.011859
3 0.060096 0.791667 0.037981 0.012179
2 0.022115 0.768269 0.044231 0.028205
2 0.060216 0.784135 0.039663 0.028526
3 0.105409 0.809295 0.019952 0.045513
2 0.111298 0.807692 0.033654 0.05
3 0.160817 0.78734 0.016346 0.042628
2 0.163341 0.785897 0.023317 0.048718
3 0.33726 0.837981 0.038462 0.010577
2 0.336058 0.83109 0.04375 0.028846
3 0.492308 0.765545 0.007692 0.039423
2 0.496274 0.766186 0.01899 0.047756
3 0.580409 0.759455 0.035817 0.011218
2 0.579327 0.753526 0.040385 0.026923
3 0.582813 0.835577 0.036298 0.012179
2 0.582572 0.828686 0.040144 0.027885
3 0.671635 0.769551 0.036538 0.008974
2 0.669832 0.76218 0.043029 0.026282
3 0.743269 0.79359 0.035096 0.014103
2 0.739904 0.786378 0.04375 0.03109
3 0.750962 0.849038 0.0375 0.016026
2 0.749399 0.841506 0.042067 0.031731
3 0.871635 0.81843 0.036538 0.007372
2 0.869111 0.810898 0.046394 0.025
3 0.988101 0.75032 0.023317 0.012179
2 0.985216 0.74359 0.029087 0.028205
