5 0.206984 0.104991 0.025791 0.011188
4 0.206514 0.105099 0.027861 0.013124
5 0.957455 0.359294 0.038404 0.012048
4 0.957172 0.359402 0.042357 0.015706
5 0.456325 0.44105 0.037274 0.013769
5 0.451242 0.366071 0.037274 0.013985
5 0.436182 0.230529 0.035015 0.014415
4 0.435617 0.230529 0.03878 0.016997
4 0.451525 0.365856 0.038968 0.016997
4 0.456514 0.44062 0.039157 0.016351
5 0.196536 0.284854 0.027485 0.012909
5 0.187312 0.41577 0.03012 0.012694
4 0.187406 0.416201 0.032191 0.016566
4 0.196724 0.284208 0.032003 0.017212
5 0.188535 0.485908 0.031062 0.010542
4 0.188724 0.486338 0.033697 0.012263
5 0.238046 0.391028 0.031438 0.013124
4 0.237575 0.391244 0.035015 0.016997
