3 0.139495 0.380379 0.031627 0.009036
2 0.139495 0.375753 0.033509 0.018718
3 0.113893 0.450732 0.032003 0.008176
2 0.114928 0.445245 0.039345 0.02173
3 0.177523 0.451162 0.035768 0.008606
2 0.175828 0.445676 0.042545 0.020869
3 0.245576 0.446966 0.034074 0.00753
2 0.245953 0.441588 0.038592 0.020009
3 0.308735 0.439544 0.037651 0.008606
2 0.307794 0.433305 0.042922 0.022375
7 0.421028 0.384682 0.08189 0.015491
6 0.42084 0.384036 0.089044 0.025818
7 0.545275 0.40781 0.048758 0.012694
6 0.548193 0.40824 0.058735 0.024312
3 0.196348 0.37941 0.03125 0.00667
2 0.196536 0.375645 0.037651 0.016351
3 0.258566 0.372956 0.03445 0.00667
2 0.257624 0.368761 0.040474 0.016781
3 0.333678 0.327345 0.03445 0.005379
2 0.332925 0.324656 0.038215 0.01463
3 0.649285 0.171149 0.026732 0.006239
2 0.648343 0.168675 0.031627 0.012048
3 0.751318 0.157487 0.027108 0.005594
2 0.749059 0.155443 0.033133 0.011403
3 0.787556 0.23494 0.027673 0.007745
2 0.786239 0.231067 0.033321 0.016781
3 0.951713 0.409854 0.029179 0.008176
3 0.964044 0.448688 0.029744 0.009682
2 0.962444 0.443954 0.035956 0.019578
2 0.950207 0.406304 0.033321 0.019578
3 0.984469 0.369836 0.026544 0.006454
2 0.98061 0.366932 0.036145 0.016136
