1 0.380177 0.200947 0.038215 0.006454
1 0.377918 0.209122 0.038215 0.006454
0 0.384413 0.203313 0.07756 0.038296
1 0.370576 0.238597 0.042357 0.006885
1 0.368129 0.249032 0.044239 0.00667
1 0.366811 0.259574 0.044992 0.00667
0 0.376224 0.245052 0.080384 0.049484
1 0.78398 0.227302 0.039721 0.009682
1 0.788309 0.236984 0.04198 0.009682
0 0.794239 0.232788 0.083961 0.053356
1 0.344785 0.682982 0.102598 0.023881
0 0.345256 0.648989 0.128765 0.11037
1 0.843091 0.619621 0.052899 0.018933
1 0.848456 0.639845 0.053087 0.018933
0 0.85448 0.629733 0.115964 0.108003
