1 0.359187 0.216545 0.074172 0.010542
0 0.360128 0.20213 0.09262 0.045396
1 0.733998 0.077022 0.047816 0.013339
1 0.737011 0.086059 0.048569 0.012909
1 0.741152 0.09574 0.047063 0.012048
1 0.741999 0.126398 0.052899 0.014415
1 0.745482 0.137156 0.050452 0.013124
1 0.746706 0.146622 0.05177 0.014415
1 0.774096 0.179324 0.034262 0.010972
1 0.778803 0.192448 0.033509 0.011403
1 0.782474 0.203744 0.035203 0.011188
0 0.777862 0.185564 0.102033 0.064759
0 0.754895 0.128227 0.093373 0.055077
0 0.744446 0.083692 0.088291 0.052926
3 0.210843 0.409316 0.018825 0.00796
2 0.215079 0.406842 0.032568 0.020224
3 0.302899 0.399849 0.020708 0.010112
2 0.307511 0.395546 0.037462 0.020009
3 0.482775 0.405551 0.030685 0.013339
2 0.482587 0.400065 0.036709 0.024742
3 0.773532 0.415663 0.018825 0.006885
2 0.776732 0.410607 0.035015 0.017857
3 0.098268 0.62145 0.017696 0.009682
2 0.105704 0.616394 0.036333 0.025818
3 0.365117 0.610262 0.023532 0.010112
2 0.371141 0.603916 0.040474 0.026678
3 0.552711 0.652969 0.007907 0.02926
2 0.557605 0.660284 0.022214 0.048193
3 0.678464 0.625645 0.037274 0.009466
2 0.676393 0.620052 0.042545 0.024096
3 0.826242 0.620912 0.02259 0.012479
2 0.82869 0.614888 0.041416 0.026248
