3 0.433829 0.486338 0.016002 0.004948
2 0.438441 0.482143 0.028991 0.016351
3 0.471762 0.455465 0.025226 0.009466
2 0.47148 0.451484 0.030685 0.019578
3 0.477504 0.494083 0.026167 0.005809
2 0.476468 0.490318 0.03012 0.015921
5 0.431758 0.494191 0.023908 0.004733
4 0.431758 0.494083 0.026544 0.00667
8 0.480139 0.517534 0.034827 0.028184
3 0.22788 0.508176 0.009224 0.027539
2 0.224115 0.509682 0.01939 0.032702
3 0.198607 0.719772 0.027485 0.009682
2 0.199078 0.715899 0.031062 0.02173
3 0.251694 0.688468 0.017696 0.013769
2 0.254706 0.685779 0.027108 0.024742
3 0.269955 0.642534 0.01506 0.013554
2 0.276261 0.640921 0.031438 0.030981
3 0.551487 0.620052 0.018637 0.008176
2 0.555723 0.615964 0.032003 0.022806
3 0.64119 0.59972 0.028238 0.008391
2 0.640154 0.595633 0.03445 0.021299
3 0.641472 0.639522 0.02692 0.009251
2 0.640719 0.635004 0.031062 0.021299
3 0.636766 0.690512 0.019014 0.0071
2 0.638837 0.686639 0.027673 0.019578
3 0.609093 0.685026 0.006212 0.034423
2 0.605422 0.684918 0.015813 0.03679
8 0.602692 0.726764 0.040851 0.036145
3 0.652767 0.736768 0.031438 0.008821
2 0.652673 0.732681 0.033133 0.020869
3 0.713291 0.711058 0.029744 0.007745
2 0.712255 0.706433 0.034827 0.02259
3 0.736258 0.643287 0.018449 0.006454
2 0.738893 0.638769 0.031627 0.019793
3 0.793957 0.618115 0.025791 0.008176
2 0.79311 0.613167 0.028991 0.020224
3 0.794145 0.656089 0.010354 0.02259
2 0.790004 0.651355 0.024285 0.039372
3 0.799605 0.704819 0.025791 0.009036
2 0.798287 0.700194 0.034074 0.023451
3 0.828972 0.58821 0.015625 0.006885
2 0.833867 0.583692 0.032568 0.021084
3 0.881212 0.610047 0.025602 0.005809
2 0.879706 0.605744 0.031626 0.017857
5 0.83895 0.609402 0.026544 0.006239
4 0.834243 0.60994 0.037839 0.011188
5 0.847797 0.680077 0.032944 0.008176
4 0.843562 0.680508 0.043675 0.011618
5 0.898438 0.6733 0.033321 0.008821
4 0.893637 0.673516 0.045934 0.012263
5 0.550358 0.681368 0.037839 0.006454
4 0.544051 0.681476 0.053087 0.009682
3 0.123117 0.502044 0.01506 0.011403
2 0.124247 0.499032 0.018825 0.02216
