5 0.613799 0.098752 0.02805 0.004733
4 0.609657 0.098752 0.037462 0.006885
5 0.636295 0.144793 0.029744 0.005594
4 0.632342 0.144793 0.039533 0.006885
5 0.630648 0.179324 0.030873 0.003657
4 0.626412 0.179324 0.040474 0.006239
5 0.637707 0.199441 0.031438 0.004733
4 0.633471 0.199225 0.042169 0.007315
5 0.633001 0.218266 0.031438 0.004518
4 0.628483 0.218374 0.041227 0.006454
5 0.634695 0.241824 0.031438 0.005164
4 0.630365 0.24204 0.041604 0.007745
5 0.749341 0.22827 0.029556 0.006885
4 0.745011 0.227302 0.039345 0.009682
5 0.749153 0.244299 0.030309 0.00753
4 0.7452 0.244083 0.039721 0.009251
3 0.019672 0.57003 0.019767 0.014415
2 0.018355 0.565835 0.023155 0.024096
8 0.018825 0.593374 0.037651 0.030551
5 0.397779 0.149419 0.027861 0.008821
4 0.393919 0.148666 0.037086 0.012909
