1 0.753953 0.635219 0.069654 0.013985
0 0.7516 0.614028 0.083396 0.071429
1 0.678182 0.292814 0.036333 0.009897
1 0.678087 0.301743 0.038027 0.010542
0 0.685335 0.298623 0.065324 0.052926
1 0.088385 0.340684 0.031815 0.00667
1 0.091303 0.331756 0.032003 0.006454
1 0.095068 0.322504 0.031627 0.005594
1 0.051393 0.324226 0.027108 0.008176
1 0.046781 0.34219 0.027297 0.00753
1 0.049605 0.332509 0.027297 0.00796
1 0.114552 0.280551 0.031815 0.006454
1 0.112011 0.288726 0.033509 0.005594
1 0.109093 0.296041 0.033321 0.005594
1 0.148249 0.242147 0.02805 0.004088
1 0.145425 0.247096 0.02805 0.005809
1 0.14119 0.254088 0.030497 0.007745
1 0.06683 0.291523 0.028238 0.006885
1 0.063535 0.299914 0.028426 0.006885
1 0.069842 0.28324 0.028614 0.00667
0 0.052805 0.329497 0.048758 0.042814
0 0.100527 0.32756 0.063253 0.040663
0 0.117941 0.284101 0.063065 0.038511
0 0.07163 0.286682 0.054029 0.041093
0 0.153991 0.24559 0.0625 0.032917
