1 0.501803 0.426923 0.042067 0.011538
0 0.488822 0.408333 0.078606 0.055128
1 0.791106 0.397596 0.024519 0.011218
1 0.786779 0.407051 0.037981 0.012179
1 0.790986 0.418109 0.040144 0.013141
0 0.79351 0.400962 0.078365 0.064744
5 0.788341 0.803686 0.033413 0.009936
4 0.788221 0.805128 0.039904 0.017308
5 0.776923 0.782212 0.030288 0.011859
4 0.776442 0.783013 0.035096 0.016026
5 0.772837 0.754968 0.026442 0.007372
4 0.772957 0.75641 0.034375 0.011538
5 0.76238 0.729647 0.027644 0.008013
4 0.76238 0.729968 0.030048 0.0125
5 0.762981 0.704487 0.027404 0.010897
4 0.76238 0.704487 0.030529 0.013462
5 0.264063 0.579968 0.025721 0.008654
4 0.259014 0.580288 0.039663 0.011859
