3 0.811653 0.750861 0.031815 0.008606
2 0.809394 0.747418 0.039345 0.023236
3 0.84695 0.722784 0.029367 0.00753
2 0.844691 0.716652 0.038027 0.022375
3 0.941077 0.768718 0.03125 0.010757
2 0.938912 0.761726 0.04198 0.026033
3 0.900132 0.629733 0.028426 0.010757
2 0.898249 0.627259 0.034827 0.024312
3 0.917828 0.597354 0.027673 0.006239
2 0.916227 0.593051 0.033886 0.018718
3 0.820595 0.593051 0.027108 0.00667
2 0.818995 0.589501 0.03445 0.020224
3 0.79791 0.495805 0.027297 0.005809
2 0.795934 0.491609 0.033509 0.017212
3 0.881683 0.497956 0.02692 0.005809
2 0.879236 0.493868 0.034074 0.016997
3 0.138272 0.742577 0.023908 0.013554
2 0.139213 0.737952 0.031062 0.027539
3 0.350151 0.641028 0.010166 0.033778
2 0.354575 0.64006 0.020896 0.038296
3 0.30977 0.658778 0.027297 0.008176
2 0.309206 0.653722 0.03445 0.021299
3 0.203031 0.580142 0.027673 0.009251
2 0.203031 0.576485 0.035203 0.02173
3 0.29904 0.712565 0.027673 0.008176
2 0.297628 0.707616 0.033509 0.023236
3 0.29904 0.76861 0.027297 0.012263
2 0.299228 0.763447 0.032191 0.027754
3 0.393731 0.778507 0.011483 0.041523
2 0.389684 0.777754 0.024473 0.046902
3 0.533133 0.788081 0.031627 0.008606
2 0.533321 0.780443 0.03991 0.024742
7 0.405873 0.695783 0.042545 0.008606
6 0.406062 0.695676 0.045557 0.011403
