8 0.663498 0.634574 0.047628 0.035499
8 0.673287 0.684488 0.049134 0.034639
8 0.733434 0.63565 0.045557 0.033348
8 0.742188 0.68352 0.047628 0.034854
8 0.827372 0.739996 0.051205 0.037651
5 0.595068 0.649634 0.039533 0.012263
4 0.594974 0.649419 0.041227 0.015275
5 0.526261 0.678894 0.040098 0.014415
4 0.526261 0.678679 0.04311 0.016566
5 0.539157 0.631885 0.039157 0.011618
4 0.539062 0.631777 0.040851 0.013985
5 0.467056 0.783778 0.03878 0.0142
4 0.467432 0.783778 0.040663 0.015921
5 0.465361 0.830034 0.040663 0.011618
4 0.465173 0.829819 0.042922 0.01506
5 0.186276 0.801635 0.035203 0.011618
4 0.186182 0.801743 0.037651 0.013124
5 0.189665 0.755916 0.033321 0.008391
5 0.188724 0.711704 0.033321 0.009036
5 0.1923 0.671364 0.030685 0.009251
4 0.192395 0.671472 0.033133 0.011618
4 0.1891 0.711812 0.03558 0.010972
4 0.189665 0.756132 0.035203 0.010112
5 0.134789 0.81917 0.019578 0.004948
4 0.134507 0.819277 0.021273 0.006885
5 0.021367 0.759789 0.025038 0.013554
4 0.02099 0.759789 0.027297 0.016997
5 0.048475 0.772052 0.017508 0.00796
4 0.048475 0.77216 0.019014 0.009897
5 0.139307 0.79432 0.019955 0.005594
4 0.139025 0.794428 0.022026 0.0071
5 0.139213 0.769793 0.017508 0.005594
4 0.139213 0.770116 0.018637 0.00753
5 0.455761 0.747096 0.02372 0.00753
4 0.455949 0.746988 0.025226 0.008606
5 0.402014 0.706433 0.02052 0.005379
4 0.402297 0.70654 0.021837 0.006454
7 0.402485 0.825409 0.059864 0.014415
6 0.402579 0.825086 0.063065 0.018503
7 0.850998 0.787543 0.077749 0.027324
6 0.852974 0.788511 0.08622 0.031842
7 0.862011 0.642965 0.079066 0.025602
6 0.861728 0.642104 0.083773 0.029475
7 0.946254 0.653507 0.03558 0.011833
6 0.945218 0.653399 0.040286 0.013769
