1 0.281721 0.268395 0.058547 0.013554
1 0.248212 0.763447 0.072477 0.017857
0 0.250565 0.736338 0.09262 0.088855
1 0.507342 0.755271 0.084714 0.020869
0 0.50593 0.727625 0.099586 0.095955
1 0.824831 0.744944 0.077748 0.015275
0 0.820501 0.71719 0.099586 0.090146
1 0.740117 0.281411 0.043863 0.007745
1 0.7452 0.289157 0.041227 0.006454
1 0.7468 0.298838 0.043298 0.007745
0 0.750471 0.286467 0.081514 0.049699
0 0.283697 0.2571 0.078313 0.045181
1 0.030873 0.615534 0.029367 0.010757
0 0.038498 0.621235 0.076619 0.072504
