3 0.121047 0.658348 0.019578 0.008176
2 0.12613 0.654152 0.036145 0.024312
3 0.123023 0.577453 0.017508 0.006885
2 0.127353 0.572182 0.032191 0.020869
3 0.168486 0.587349 0.018072 0.008606
2 0.174322 0.581863 0.033509 0.023881
3 0.217432 0.582616 0.018449 0.007315
2 0.222797 0.577345 0.03445 0.02173
3 0.358904 0.5767 0.031438 0.00796
2 0.35834 0.572289 0.037086 0.022375
3 0.443995 0.5412 0.020143 0.010112
2 0.448795 0.534854 0.036521 0.026678
3 0.527485 0.518072 0.03238 0.012909
2 0.526073 0.513769 0.038215 0.027108
3 0.624153 0.568524 0.032944 0.00796
2 0.623212 0.563361 0.038592 0.02259
3 0.712444 0.570676 0.031438 0.012263
2 0.709714 0.565942 0.03878 0.026463
3 0.755271 0.565082 0.019578 0.008821
2 0.76026 0.560348 0.037839 0.025602
3 0.71875 0.633713 0.019578 0.008391
2 0.723927 0.627367 0.037839 0.025387
3 0.876318 0.561102 0.030497 0.012478
2 0.875 0.557014 0.036898 0.026678
3 0.946348 0.521192 0.027861 0.010112
2 0.945124 0.516781 0.032944 0.023666
3 0.923852 0.479991 0.028426 0.009466
2 0.921404 0.475581 0.035203 0.02259
3 0.856645 0.482466 0.029556 0.010112
2 0.855422 0.47741 0.038027 0.024527
3 0.771461 0.483326 0.031627 0.012694
2 0.768449 0.479238 0.03878 0.026463
3 0.69823 0.514307 0.028991 0.010972
2 0.696066 0.509897 0.035956 0.024957
3 0.549605 0.66577 0.033697 0.009682
2 0.548287 0.660714 0.038592 0.025387
3 0.53445 0.571321 0.032003 0.00667
2 0.533227 0.566695 0.036709 0.021084
3 0.452278 0.631454 0.02052 0.011618
2 0.457172 0.625753 0.040474 0.031196
3 0.372741 0.686855 0.033509 0.010112
2 0.372176 0.682014 0.03878 0.025387
3 0.287086 0.691588 0.03238 0.008391
2 0.286521 0.686102 0.037651 0.023666
3 0.301299 0.61747 0.02805 0.010757
2 0.299981 0.612844 0.036333 0.025602
3 0.958396 0.575947 0.027485 0.009036
2 0.956984 0.571321 0.032191 0.023021
3 0.116434 0.462565 0.02805 0.006454
2 0.114552 0.457401 0.033321 0.019363
3 0.120576 0.411575 0.025791 0.009036
2 0.119635 0.407487 0.030685 0.021945
3 0.114081 0.346278 0.026355 0.006239
2 0.112764 0.34219 0.031626 0.018287
3 0.201525 0.371127 0.026167 0.007315
2 0.200207 0.367147 0.030685 0.018718
3 0.196442 0.391459 0.020143 0.005809
2 0.199078 0.387586 0.029556 0.016997
3 0.235222 0.400818 0.017884 0.006885
2 0.240493 0.396407 0.032944 0.020439
3 0.252447 0.364565 0.028614 0.005379
2 0.250753 0.35994 0.033133 0.017212
3 0.306005 0.31207 0.015625 0.00796
3 0.927428 0.349182 0.015625 0.005594
2 0.92997 0.344987 0.030873 0.017427
3 0.851186 0.304217 0.016755 0.006454
2 0.853727 0.300022 0.033886 0.019148
3 0.916322 0.267857 0.014495 0.006024
2 0.919145 0.2642 0.029556 0.018933
3 0.769672 0.260435 0.016378 0.00667
2 0.772496 0.256239 0.032944 0.018072
3 0.765437 0.318524 0.018072 0.008391
2 0.768637 0.313038 0.036145 0.023666
3 0.728539 0.364458 0.028614 0.012048
2 0.725809 0.360585 0.035203 0.024096
3 0.650414 0.377151 0.027861 0.016781
2 0.647026 0.374462 0.037274 0.027324
3 0.646084 0.325194 0.030497 0.0071
2 0.64439 0.320998 0.035392 0.020224
3 0.713102 0.318309 0.028238 0.00796
2 0.710938 0.314651 0.03445 0.020009
3 0.688065 0.240534 0.025602 0.005164
2 0.686088 0.236876 0.031438 0.015491
3 0.551017 0.34531 0.029367 0.013339
2 0.548475 0.34219 0.036333 0.024742
3 0.507154 0.403399 0.03012 0.008176
2 0.50593 0.399096 0.034827 0.021515
3 0.425452 0.393503 0.030497 0.012479
2 0.423193 0.389738 0.036521 0.026033
3 0.418486 0.362414 0.03012 0.006239
2 0.417169 0.358541 0.035015 0.019148
3 0.471668 0.354023 0.030309 0.010542
2 0.469597 0.350258 0.036333 0.022375
3 0.502636 0.315082 0.028991 0.008821
2 0.501788 0.310564 0.034074 0.019578
2 0.310335 0.307659 0.030685 0.019363
3 0.296969 0.423408 0.017884 0.008176
2 0.302711 0.419966 0.033886 0.022375
3 0.341867 0.399527 0.018072 0.007745
2 0.346762 0.394471 0.033886 0.02173
3 0.292733 0.361231 0.016943 0.008176
2 0.296875 0.356282 0.03125 0.021084
3 0.362764 0.358219 0.028991 0.012909
2 0.36041 0.354669 0.034827 0.025172
8 0.412651 0.271945 0.041792 0.033133
3 0.238046 0.2017 0.017131 0.005379
2 0.243411 0.198257 0.03125 0.016136
3 0.245953 0.167491 0.016002 0.00753
2 0.251318 0.165448 0.031627 0.019363
3 0.259977 0.126829 0.026355 0.005809
2 0.259695 0.124139 0.029556 0.01463
3 0.258471 0.099505 0.024849 0.004518
2 0.258095 0.096386 0.028238 0.013769
3 0.166416 0.229238 0.025226 0.005379
2 0.165569 0.225366 0.030309 0.015706
3 0.160486 0.099613 0.023532 0.005594
2 0.160392 0.09574 0.027108 0.016781
3 0.248494 0.080572 0.02372 0.004088
2 0.248682 0.07756 0.028238 0.013554
3 0.248776 0.039479 0.020896 0.005809
2 0.250471 0.037113 0.029179 0.013554
3 0.729763 0.088748 0.024285 0.004088
2 0.728916 0.085843 0.028614 0.012909
3 0.703313 0.029367 0.024849 0.00796
2 0.70256 0.027431 0.029367 0.017427
3 0.642602 0.0767 0.016002 0.005809
2 0.644296 0.073688 0.024661 0.014845
3 0.561088 0.079174 0.024661 0.010757
2 0.560617 0.077345 0.030873 0.020009
3 0.55064 0.037005 0.01506 0.005594
2 0.554782 0.033993 0.027861 0.01506
3 0.554123 0.013124 0.023908 0.006024
2 0.55337 0.010112 0.028426 0.015491
3 0.483904 0.066373 0.025414 0.006239
2 0.483716 0.063576 0.029932 0.015275
3 0.477127 0.038296 0.015248 0.004733
2 0.481269 0.034746 0.02805 0.013985
3 0.470821 0.0142 0.014307 0.004733
2 0.475151 0.010542 0.027485 0.015921
3 0.398908 0.006347 0.024096 0.005379
2 0.398249 0.005379 0.029556 0.010757
3 0.40625 0.072397 0.025226 0.00796
2 0.405591 0.07046 0.029932 0.016136
3 0.468279 0.149419 0.005083 0.013985
2 0.472892 0.153722 0.018449 0.029475
3 0.48334 0.119944 0.016002 0.006239
2 0.48654 0.115856 0.031438 0.019148
3 0.337914 0.163941 0.025602 0.008176
2 0.337632 0.16136 0.029932 0.017642
3 0.334714 0.121988 0.025226 0.005164
2 0.334243 0.119621 0.029932 0.012478
3 0.312123 0.097784 0.005271 0.013124
2 0.3093 0.093696 0.01506 0.023451
8 0.280403 0.571213 0.041227 0.040447
8 0.599304 0.481067 0.057041 0.045611
3 0.012048 0.344449 0.006401 0.017212
2 0.014778 0.347569 0.017131 0.034208
3 0.152391 0.056046 0.013366 0.0071
3 0.141284 0.037005 0.016755 0.004303
3 0.156909 0.0142 0.012989 0.003873
2 0.160109 0.011403 0.026167 0.011188
2 0.142978 0.034316 0.026544 0.012694
2 0.155874 0.052173 0.024473 0.018287
3 0.168204 0.126936 0.024661 0.006454
2 0.167451 0.124462 0.028803 0.013985
8 0.029085 0.251183 0.035203 0.03722
8 0.038968 0.187823 0.040286 0.033563
3 0.219503 0.017965 0.014684 0.004088
2 0.22355 0.015598 0.028426 0.012694
