1 0.09375 0.275925 0.059111 0.008391
0 0.097609 0.263447 0.074736 0.042384
1 0.364175 0.307121 0.060806 0.017857
0 0.365305 0.297117 0.07323 0.050344
1 0.653803 0.246558 0.056852 0.009036
0 0.649849 0.235693 0.073042 0.041523
5 0.111352 0.697504 0.029932 0.008176
4 0.111069 0.685886 0.032003 0.032702
3 0.024755 0.707616 0.023908 0.007315
2 0.024755 0.703098 0.034074 0.023236
3 0.049887 0.601011 0.021084 0.006239
2 0.049511 0.598214 0.03012 0.019148
3 0.103163 0.467083 0.020331 0.004733
2 0.103163 0.463963 0.025602 0.013124
3 0.149944 0.574333 0.015248 0.005809
2 0.153426 0.57003 0.027485 0.015706
3 0.23974 0.660499 0.025791 0.010757
2 0.238987 0.657272 0.030309 0.021515
3 0.260166 0.542276 0.024096 0.00667
2 0.259601 0.539157 0.028614 0.016781
3 0.327466 0.558843 0.023908 0.005379
2 0.328313 0.554432 0.030874 0.015491
3 0.325772 0.670503 0.026544 0.00667
2 0.325019 0.667922 0.03558 0.02259
3 0.447007 0.659316 0.018637 0.00667
2 0.452184 0.65426 0.031626 0.019793
3 0.451996 0.537435 0.016943 0.006454
2 0.456608 0.533348 0.028803 0.017642
3 0.564477 0.55809 0.012613 0.005164
2 0.567395 0.55497 0.021837 0.013554
3 0.598927 0.645762 0.018261 0.00796
2 0.603068 0.640706 0.033697 0.021945
3 0.730986 0.635757 0.017319 0.007745
2 0.734469 0.630917 0.032568 0.020439
3 0.819559 0.611661 0.026544 0.006024
2 0.817959 0.607358 0.031627 0.017642
