8 0.053486 0.253045 0.029567 0.017628
8 0.080168 0.178205 0.027644 0.017308
1 0.389183 0.201282 0.073558 0.032692
0 0.390385 0.183494 0.088462 0.082372
1 0.751322 0.154487 0.046875 0.010897
1 0.753606 0.165385 0.047596 0.014103
1 0.754808 0.177244 0.047596 0.015385
0 0.761659 0.16234 0.083894 0.066346
3 0.164062 0.460256 0.028606 0.010897
2 0.163221 0.45641 0.032692 0.021154
3 0.2625 0.477404 0.015865 0.008013
2 0.267428 0.474038 0.028606 0.019872
3 0.332452 0.473878 0.011538 0.010577
2 0.339303 0.471314 0.026683 0.020833
3 0.358774 0.401282 0.016106 0.007692
2 0.36262 0.398718 0.027163 0.021154
3 0.432692 0.449199 0.026923 0.009936
2 0.431851 0.445353 0.03149 0.020192
8 0.528365 0.492468 0.026923 0.022115
8 0.532692 0.411058 0.028365 0.016987
3 0.627164 0.451603 0.026923 0.008333
2 0.626923 0.446955 0.030288 0.018269
8 0.775361 0.402244 0.025721 0.021154
8 0.824159 0.480128 0.027163 0.022436
8 0.879447 0.501122 0.029567 0.023397
8 0.864183 0.404167 0.030288 0.017949
8 0.979928 0.441026 0.029087 0.017949
8 0.06863 0.736218 0.03774 0.03141
3 0.323678 0.671955 0.032452 0.009936
2 0.324038 0.666987 0.036538 0.023718
8 0.381731 0.711699 0.032692 0.028526
8 0.455529 0.707372 0.031731 0.029487
8 0.528245 0.709776 0.029087 0.025962
8 0.594471 0.709615 0.032212 0.026923
8 0.663822 0.717148 0.030048 0.027885
3 0.747836 0.73141 0.030769 0.012179
2 0.746514 0.726282 0.035337 0.023718
3 0.930168 0.707853 0.030529 0.008013
2 0.928606 0.701763 0.036538 0.022115
