5 0.090865 0.317308 0.05625 0.025641
4 0.089663 0.311058 0.066346 0.043269
5 0.099279 0.255769 0.050962 0.023718
4 0.098558 0.251122 0.053846 0.0375
8 0.525 0.423718 0.021635 0.014744
8 0.693269 0.499359 0.019231 0.012821
3 0.444111 0.545513 0.028125 0.010256
2 0.442548 0.542147 0.032212 0.019551
8 0.535938 0.605128 0.028606 0.020513
3 0.602764 0.58109 0.015144 0.007051
2 0.605529 0.578686 0.026923 0.015705
8 0.66875 0.635256 0.026442 0.017308
3 0.749639 0.617788 0.01851 0.00609
2 0.747716 0.614744 0.025721 0.014744
