3 0.36634 0.184488 0.017319 0.004948
2 0.370294 0.178249 0.034639 0.02216
5 0.37227 0.159316 0.035956 0.0071
4 0.344127 0.160607 0.096762 0.013124
3 0.142602 0.451054 0.032568 0.00796
2 0.141096 0.446859 0.039721 0.021515
3 0.20209 0.448042 0.024661 0.008821
2 0.207643 0.442879 0.042922 0.02259
3 0.260072 0.501398 0.026167 0.009251
2 0.265248 0.495697 0.042169 0.024096
3 0.486634 0.391136 0.036145 0.009036
2 0.485599 0.386726 0.041604 0.021299
3 0.658509 0.437177 0.02259 0.006885
2 0.663027 0.433197 0.03991 0.018718
3 0.756777 0.472246 0.035768 0.009466
2 0.756118 0.468158 0.04311 0.022805
3 0.820595 0.486446 0.03012 0.008606
2 0.819089 0.481713 0.037651 0.021515
3 0.931664 0.493761 0.03012 0.012048
2 0.927899 0.489673 0.03991 0.024957
3 0.032097 0.655551 0.031062 0.016351
2 0.03398 0.648666 0.037462 0.033993
3 0.024002 0.698472 0.03445 0.015706
2 0.026638 0.692126 0.043486 0.035714
3 0.025697 0.792922 0.028803 0.015275
2 0.028709 0.786898 0.040851 0.041954
3 0.168769 0.800237 0.044239 0.010972
2 0.169804 0.790878 0.056099 0.032272
3 0.277579 0.813038 0.029179 0.012048
2 0.282944 0.812608 0.05384 0.019363
3 0.400697 0.75312 0.028426 0.013985
2 0.407191 0.744514 0.052334 0.035929
3 0.465267 0.777001 0.032568 0.016566
2 0.471103 0.767857 0.054405 0.040447
3 0.637989 0.80938 0.048569 0.0142
3 0.64006 0.769578 0.048569 0.0142
3 0.64166 0.741179 0.048758 0.01506
2 0.638272 0.803141 0.053276 0.034423
2 0.639872 0.764845 0.052711 0.02926
2 0.641096 0.733111 0.053276 0.032057
3 0.698983 0.749785 0.041792 0.010327
2 0.697289 0.7429 0.049699 0.030981
3 0.694654 0.654045 0.03991 0.009466
2 0.691924 0.647483 0.049511 0.027324
3 0.756212 0.658778 0.041416 0.010327
2 0.755177 0.653399 0.047251 0.028399
3 0.772873 0.703744 0.040098 0.011618
2 0.77052 0.697074 0.048193 0.031411
3 0.774285 0.74559 0.041416 0.013554
2 0.771649 0.738597 0.051581 0.033132
3 0.779085 0.790985 0.041227 0.013554
2 0.777673 0.784423 0.050075 0.033563
3 0.839044 0.794428 0.041416 0.011403
2 0.837255 0.786682 0.051017 0.032917
3 0.85561 0.756347 0.026732 0.014845
2 0.857587 0.748064 0.049887 0.035284
