3 0.154327 0.264904 0.005769 0.020192
2 0.157091 0.263301 0.014663 0.024679
3 0.466947 0.305609 0.020913 0.010577
2 0.46863 0.302083 0.028125 0.01891
3 0.534976 0.364263 0.010337 0.024038
2 0.538101 0.366346 0.01851 0.032692
3 0.645673 0.363942 0.027404 0.008654
2 0.645072 0.360577 0.03149 0.017308
3 0.663101 0.288141 0.015144 0.009615
2 0.665024 0.284455 0.029567 0.020833
5 0.604327 0.210577 0.030288 0.009615
4 0.60024 0.210577 0.042788 0.016026
3 0.780048 0.376442 0.025962 0.008654
2 0.779086 0.372917 0.030288 0.016987
3 0.936779 0.383974 0.019711 0.00641
2 0.940024 0.38109 0.032933 0.017308
3 0.109014 0.708814 0.030048 0.019551
2 0.109976 0.704808 0.03774 0.030128
3 0.076322 0.806731 0.034375 0.019231
2 0.075601 0.802564 0.03774 0.032051
3 0.211899 0.73718 0.031971 0.011538
2 0.211899 0.732051 0.038221 0.023077
3 0.277163 0.787981 0.020192 0.011859
2 0.284135 0.78125 0.0375 0.028526
3 0.388341 0.763782 0.03149 0.014744
2 0.388582 0.759135 0.03774 0.029167
3 0.423678 0.672756 0.019471 0.033974
2 0.428005 0.673237 0.03149 0.043269
3 0.535457 0.645192 0.030048 0.017949
2 0.533293 0.640865 0.036779 0.030449
3 0.544231 0.760417 0.022115 0.020833
2 0.550361 0.758333 0.039663 0.042949
3 0.704087 0.628365 0.030769 0.013782
2 0.702764 0.624199 0.036779 0.024679
3 0.705769 0.714744 0.020673 0.010256
2 0.710337 0.708494 0.0375 0.025321
3 0.781971 0.613462 0.03125 0.007692
2 0.78113 0.609295 0.035817 0.020513
