3 0.176675 0.801312 0.029932 0.018718
2 0.177146 0.795288 0.033133 0.032057
8 0.283415 0.445676 0.065324 0.046256
3 0.307041 0.492577 0.030873 0.00796
2 0.306194 0.488812 0.037086 0.020654
3 0.249812 0.63608 0.033886 0.010972
2 0.249529 0.62941 0.041227 0.025172
3 0.261954 0.816265 0.037086 0.012909
2 0.261295 0.808843 0.043675 0.029475
3 0.421969 0.519148 0.03558 0.011618
2 0.42084 0.513447 0.04198 0.026893
3 0.670275 0.847031 0.043863 0.012909
2 0.667545 0.841007 0.051581 0.030981
3 0.792451 0.82046 0.021649 0.054002
2 0.79791 0.816803 0.039345 0.064329
5 0.851939 0.649527 0.024661 0.07401
4 0.839703 0.622741 0.054782 0.133176
7 0.773814 0.404475 0.049511 0.016351
6 0.773908 0.40512 0.053087 0.022806
5 0.578313 0.590469 0.020708 0.004518
4 0.578219 0.585306 0.022026 0.015706
