1 0.033534 0.331731 0.045433 0.011538
1 0.028486 0.341346 0.046875 0.012821
1 0.023438 0.352564 0.046394 0.013462
0 0.043149 0.3375 0.085817 0.046154
1 0.453486 0.335897 0.026683 0.007692
1 0.454447 0.345513 0.02476 0.007692
1 0.454808 0.35657 0.024038 0.008654
1 0.455288 0.391346 0.024038 0.012821
1 0.453125 0.402564 0.025481 0.013462
1 0.452524 0.412821 0.026202 0.012179
1 0.376562 0.383654 0.042067 0.008974
1 0.37488 0.395513 0.043029 0.010256
1 0.375361 0.40641 0.041106 0.009615
1 0.368149 0.441026 0.045433 0.013462
1 0.439423 0.448077 0.044712 0.013462
1 0.438942 0.458814 0.045673 0.0125
1 0.439663 0.469391 0.042788 0.011859
0 0.453486 0.341987 0.067548 0.048077
0 0.451803 0.396635 0.070913 0.061218
0 0.381851 0.389583 0.07476 0.052244
0 0.374639 0.446474 0.080529 0.060256
0 0.447115 0.453526 0.074038 0.062179
1 0.727644 0.429167 0.043269 0.007692
1 0.730409 0.440705 0.04399 0.008333
0 0.736538 0.432853 0.084615 0.056731
1 0.195312 0.769872 0.091106 0.01859
0 0.198798 0.741987 0.111058 0.085897
1 0.543389 0.792628 0.057452 0.023718
0 0.528365 0.767468 0.094231 0.091987
1 0.83774 0.789263 0.076923 0.01891
0 0.834375 0.76218 0.108173 0.083974
