1 0.052146 0.149312 0.03238 0.008176
1 0.04584 0.158455 0.037839 0.009251
1 0.039439 0.167707 0.035956 0.008821
1 0.027108 0.195676 0.041792 0.00753
0 0.057229 0.154045 0.083961 0.04389
0 0.038027 0.201377 0.075301 0.046902
1 0.38206 0.237091 0.070971 0.01506
0 0.380742 0.221278 0.085655 0.056153
1 0.708678 0.159531 0.024661 0.0071
1 0.711502 0.16889 0.023532 0.009036
1 0.706043 0.177281 0.040474 0.008606
1 0.712161 0.204712 0.040663 0.00753
1 0.714703 0.214393 0.040851 0.008391
0 0.710373 0.163941 0.072477 0.046472
0 0.721009 0.20923 0.076054 0.05142
