3 0.111418 0.853526 0.016106 0.044872
2 0.105649 0.855128 0.031971 0.051923
3 0.228846 0.792788 0.035577 0.010577
2 0.227885 0.78766 0.040385 0.025962
4 0.403125 0.811378 0.041346 0.006731
5 0.409615 0.811378 0.026442 0.004808
3 0.401442 0.76218 0.031731 0.011539
2 0.400361 0.75609 0.036779 0.027564
3 0.474399 0.764744 0.029567 0.008333
2 0.472596 0.759455 0.035096 0.022115
3 0.563942 0.812019 0.028846 0.008013
2 0.561899 0.80609 0.035337 0.023077
3 0.623317 0.846795 0.017788 0.035256
2 0.619111 0.848398 0.03101 0.046154
3 0.652524 0.785256 0.01226 0.036538
2 0.655889 0.783814 0.022837 0.041346
3 0.767909 0.719551 0.026202 0.00641
2 0.765745 0.714904 0.032933 0.018269
7 0.794351 0.769551 0.02476 0.017949
6 0.794471 0.769391 0.026923 0.020192
3 0.846514 0.771635 0.019471 0.009295
2 0.84351 0.766667 0.027885 0.023077
3 0.876562 0.760897 0.026202 0.015385
2 0.87512 0.75593 0.030529 0.029167
3 0.938462 0.785897 0.025 0.008974
2 0.936779 0.78125 0.030769 0.021474
5 0.933413 0.765224 0.027885 0.008013
4 0.924279 0.754006 0.049038 0.036218
3 0.907692 0.703526 0.018269 0.030769
2 0.905769 0.705128 0.029808 0.038462
3 0.541586 0.709615 0.026442 0.00641
2 0.540144 0.704167 0.032212 0.019872
3 0.446875 0.863622 0.008654 0.041987
2 0.442668 0.863301 0.020433 0.044551
3 0.210457 0.714744 0.016587 0.03718
2 0.20637 0.717468 0.029567 0.046474
3 0.120072 0.783333 0.015625 0.028205
2 0.117188 0.774359 0.033413 0.048077
3 0.81262 0.577564 0.022837 0.007051
2 0.811058 0.574038 0.028365 0.016667
3 0.776322 0.564263 0.021875 0.008654
2 0.774279 0.561058 0.028846 0.01891
3 0.707091 0.555449 0.022356 0.005769
2 0.705529 0.551923 0.029808 0.015385
3 0.651202 0.558013 0.020673 0.007051
2 0.648678 0.554006 0.027644 0.018269
3 0.566707 0.539423 0.021394 0.00641
2 0.566587 0.535737 0.024038 0.015705
3 0.501683 0.544712 0.021154 0.016987
2 0.503005 0.541506 0.03149 0.028526
3 0.034375 0.539904 0.033173 0.00609
2 0.033293 0.535737 0.040144 0.017628
4 0.045913 0.489744 0.044712 0.009615
5 0.053125 0.490545 0.028846 0.00609
3 0.060457 0.448397 0.029087 0.014744
2 0.058053 0.445673 0.036779 0.025962
3 0.06238 0.37532 0.029567 0.00641
2 0.061779 0.372115 0.036058 0.016026
3 0.172837 0.405449 0.028846 0.008974
2 0.171394 0.403526 0.034135 0.021154
3 0.160457 0.53109 0.03101 0.008333
2 0.159495 0.527564 0.036779 0.019872
3 0.258293 0.59968 0.03101 0.010897
2 0.25637 0.595352 0.03774 0.023397
3 0.256611 0.552244 0.030048 0.008333
2 0.25613 0.547756 0.034856 0.021154
3 0.321154 0.541026 0.018269 0.005769
2 0.326442 0.536699 0.032212 0.016987
3 0.402284 0.561538 0.02524 0.019872
2 0.403125 0.557051 0.034135 0.030128
3 0.452524 0.55593 0.006971 0.026603
2 0.448678 0.55657 0.017067 0.030449
3 0.490986 0.495673 0.019471 0.014423
2 0.488582 0.492949 0.028125 0.024359
3 0.452644 0.482853 0.012019 0.024038
2 0.455649 0.482853 0.020913 0.028526
3 0.257933 0.509135 0.028365 0.007372
2 0.256611 0.504167 0.033413 0.019231
3 0.329567 0.486699 0.027404 0.009936
2 0.327524 0.483333 0.032933 0.021154
3 0.396995 0.475962 0.022837 0.00641
2 0.396514 0.472115 0.028606 0.017308
3 0.230529 0.452244 0.007692 0.023718
2 0.226562 0.452724 0.019471 0.028526
2 0.235938 0.423878 0.021875 0.027885
3 0.239784 0.424519 0.011298 0.024038
3 0.169471 0.325801 0.026923 0.008013
2 0.16851 0.322917 0.032692 0.016346
2 0.18101 0.258814 0.025962 0.015705
3 0.18137 0.262019 0.022356 0.006731
3 0.251562 0.304167 0.024279 0.008333
2 0.25012 0.301442 0.028606 0.015705
3 0.239183 0.3875 0.006731 0.024359
2 0.235216 0.387981 0.017067 0.027244
3 0.231851 0.34984 0.005529 0.023397
2 0.227524 0.350321 0.016587 0.028205
3 0.323077 0.390224 0.022115 0.004808
2 0.323197 0.386859 0.028606 0.013462
4 0.327043 0.417147 0.032933 0.005449
5 0.332452 0.417308 0.021635 0.003846
3 0.38125 0.411218 0.024038 0.015385
2 0.382212 0.408013 0.029327 0.025
3 0.453606 0.404808 0.016827 0.007692
2 0.453005 0.401442 0.019952 0.015705
3 0.379808 0.354968 0.023077 0.010577
2 0.379928 0.352724 0.027163 0.020192
3 0.369351 0.29391 0.021394 0.003846
2 0.368149 0.291186 0.026202 0.011859
3 0.674279 0.471635 0.008654 0.016987
2 0.677284 0.472276 0.018029 0.025321
3 0.658293 0.395353 0.01274 0.004167
2 0.65649 0.398878 0.026442 0.013141
