2 0.023077 0.817468 0.030288 0.022756
3 0.022596 0.821635 0.025 0.010577
2 0.394591 0.882853 0.029567 0.022756
3 0.389904 0.888462 0.015865 0.008333
2 0.495312 0.865865 0.028606 0.022115
3 0.491587 0.871635 0.015385 0.007372
2 0.61863 0.86907 0.03101 0.040705
3 0.614183 0.868269 0.013942 0.01859
2 0.719231 0.873718 0.032212 0.022436
3 0.715865 0.879327 0.015865 0.008013
2 0.82512 0.855769 0.032452 0.021154
3 0.821875 0.860096 0.016346 0.007372
2 0.88149 0.842308 0.023077 0.038462
3 0.886418 0.847756 0.009856 0.019872
2 0.990024 0.848718 0.019471 0.019872
3 0.99363 0.853686 0.01226 0.007372
2 0.970914 0.75625 0.029808 0.01891
3 0.96851 0.760417 0.015385 0.00609
2 0.948077 0.676442 0.027404 0.020833
3 0.944351 0.679327 0.014183 0.008013
2 0.961058 0.570833 0.026442 0.023077
3 0.963341 0.574359 0.015144 0.010897
2 0.907332 0.560898 0.026202 0.014103
3 0.905048 0.564423 0.013942 0.004487
2 0.891587 0.497115 0.026923 0.015385
3 0.888942 0.500641 0.0125 0.005128
2 0.958774 0.497436 0.027644 0.016667
3 0.958293 0.5 0.014183 0.003846
2 0.97512 0.452083 0.024279 0.013141
3 0.973678 0.454968 0.013702 0.004808
2 0.945192 0.454167 0.022115 0.010256
3 0.944832 0.456731 0.011779 0.003205
2 0.917067 0.45016 0.024038 0.011859
3 0.915625 0.452724 0.012981 0.004167
2 0.88125 0.45609 0.019712 0.010897
3 0.881611 0.459135 0.011779 0.003526
2 0.846995 0.453846 0.020433 0.012179
3 0.847836 0.457212 0.010577 0.002885
1 0.92524 0.156571 0.047115 0.009295
0 0.921274 0.146154 0.068029 0.037821
2 0.619351 0.783494 0.028125 0.017628
3 0.615745 0.78782 0.014663 0.005769
2 0.721154 0.76859 0.029327 0.017949
3 0.716947 0.773397 0.015144 0.00641
2 0.808053 0.764263 0.03149 0.024038
3 0.805529 0.769551 0.014904 0.009615
2 0.788942 0.689263 0.029327 0.01891
3 0.786659 0.69343 0.015144 0.00609
2 0.702524 0.691667 0.025721 0.016026
3 0.69976 0.695353 0.014423 0.005449
2 0.627764 0.69359 0.027644 0.021154
3 0.625361 0.698718 0.014664 0.008333
2 0.490144 0.774519 0.028365 0.020192
3 0.485817 0.779808 0.014904 0.00641
2 0.486659 0.698558 0.027644 0.018269
3 0.482572 0.702724 0.014183 0.00609
8 0.751923 0.592468 0.023077 0.016346
8 0.688822 0.59984 0.023798 0.017628
2 0.694832 0.580128 0.02524 0.016026
3 0.691346 0.584615 0.013462 0.005128
2 0.769231 0.57532 0.026923 0.015385
3 0.765505 0.579006 0.014183 0.005449
2 0.758053 0.508333 0.02476 0.014744
3 0.755168 0.511378 0.01274 0.004808
2 0.748918 0.465545 0.025721 0.015705
3 0.746394 0.46875 0.013462 0.005449
2 0.674038 0.534615 0.024519 0.017949
3 0.671875 0.538622 0.0125 0.00609
2 0.636779 0.571635 0.025481 0.014423
3 0.633173 0.574519 0.013942 0.005449
2 0.628005 0.510577 0.02476 0.014103
3 0.62524 0.513622 0.0125 0.004808
1 0.401562 0.199359 0.045913 0.010256
0 0.403365 0.187981 0.061058 0.040064
1 0.647476 0.196154 0.027644 0.012179
0 0.639423 0.183814 0.057212 0.049038
1 0.022115 0.183173 0.042308 0.008654
0 0.029207 0.167949 0.058413 0.044231
2 0.16262 0.588301 0.025721 0.013782
3 0.158774 0.591827 0.011298 0.004167
2 0.174159 0.525801 0.025721 0.013141
3 0.170553 0.528846 0.01226 0.003846
2 0.266106 0.533814 0.024519 0.015705
2 0.275481 0.585096 0.025 0.015705
3 0.271755 0.588301 0.013702 0.005449
3 0.261899 0.536859 0.013221 0.004487
2 0.341226 0.530769 0.023798 0.017308
3 0.337981 0.535256 0.012981 0.00641
2 0.348438 0.583333 0.026202 0.014744
3 0.344471 0.586859 0.0125 0.004487
2 0.421154 0.577724 0.024519 0.015705
3 0.417909 0.580769 0.013221 0.005128
2 0.414663 0.520032 0.023077 0.013782
3 0.410938 0.523397 0.011779 0.004487
2 0.48726 0.513141 0.024519 0.014744
3 0.484976 0.516506 0.01226 0.005449
2 0.492188 0.576763 0.024279 0.015064
3 0.487861 0.580128 0.01274 0.005128
2 0.565385 0.570994 0.024038 0.014423
3 0.561899 0.574519 0.013221 0.004808
2 0.555769 0.509776 0.023077 0.013782
3 0.552764 0.513622 0.01226 0.004167
2 0.082812 0.594391 0.02476 0.01891
3 0.079808 0.598878 0.013462 0.005449
2 0.095072 0.524199 0.026202 0.013141
2 0.026803 0.527724 0.02524 0.015705
2 0.033053 0.485897 0.025721 0.011538
2 0.110577 0.485256 0.025 0.015385
3 0.091106 0.526763 0.013462 0.004808
3 0.106731 0.48734 0.011538 0.004808
3 0.028606 0.489263 0.014423 0.002885
2 0.905889 0.380449 0.022837 0.010897
3 0.907212 0.383333 0.016346 0.003205
2 0.889423 0.336378 0.023077 0.015064
3 0.890385 0.338942 0.014423 0.006731
2 0.959255 0.323237 0.021394 0.011859
2 0.939183 0.284936 0.021635 0.010256
2 0.988822 0.284936 0.021394 0.009615
2 0.981611 0.370673 0.024279 0.011218
3 0.98149 0.373718 0.015385 0.003846
3 0.957692 0.325641 0.011538 0.003205
3 0.939062 0.2875 0.013221 0.003846
3 0.989062 0.28734 0.015144 0.003526
2 0.695553 0.385417 0.021875 0.009936
3 0.69351 0.38734 0.0125 0.002885
2 0.60601 0.345994 0.020673 0.010577
3 0.603365 0.349038 0.010577 0.003846
2 0.604808 0.310256 0.020673 0.012821
3 0.602404 0.31282 0.011538 0.004487
2 0.710817 0.288141 0.021635 0.016026
3 0.709736 0.291026 0.01226 0.005128
2 0.793269 0.372276 0.013462 0.022115
3 0.794712 0.372436 0.005769 0.016667
2 0.278966 0.399519 0.021875 0.0125
3 0.276322 0.402404 0.011298 0.003526
2 0.253966 0.363141 0.022837 0.012179
3 0.250601 0.365545 0.010337 0.003526
2 0.390264 0.397436 0.021394 0.012179
3 0.38762 0.40016 0.011779 0.003526
2 0.390745 0.35016 0.021394 0.009936
3 0.3875 0.352244 0.011058 0.003205
2 0.396394 0.305929 0.020192 0.011859
3 0.394111 0.308974 0.010817 0.003846
2 0.290745 0.307212 0.021394 0.011218
3 0.287861 0.310096 0.010337 0.003526
2 0.492188 0.302724 0.019952 0.010577
3 0.489663 0.304968 0.010577 0.003526
2 0.503846 0.345032 0.020673 0.010577
3 0.504207 0.347276 0.017548 0.003526
2 0.506611 0.395513 0.021394 0.012821
3 0.503726 0.398397 0.010817 0.004487
2 0.539303 0.404968 0.021394 0.011218
3 0.535817 0.407532 0.011058 0.004167
2 0.130529 0.400801 0.023077 0.0125
3 0.128726 0.403686 0.014183 0.003526
2 0.144712 0.358814 0.021154 0.0125
3 0.143029 0.360897 0.011538 0.003846
2 0.020913 0.41843 0.021635 0.011859
3 0.020673 0.420833 0.015385 0.003205
2 0.028486 0.360737 0.022356 0.010577
3 0.027163 0.362981 0.014904 0.003526
2 0.115024 0.324199 0.020433 0.011859
3 0.114423 0.32516 0.014904 0.004167
2 0.009495 0.319551 0.01851 0.016026
3 0.008173 0.321474 0.013462 0.008333
2 0.692308 0.328045 0.024038 0.010577
3 0.690986 0.33093 0.011779 0.003526
