3 0.112011 0.516674 0.010919 0.020439
2 0.114081 0.516028 0.016943 0.023881
3 0.103351 0.618653 0.019202 0.005809
2 0.102786 0.615426 0.024473 0.015275
3 0.614646 0.547332 0.021837 0.005594
2 0.61314 0.543782 0.026732 0.015706
3 0.755648 0.545934 0.019955 0.006239
2 0.754424 0.543244 0.024661 0.01463
5 0.390531 0.987952 0.021273 0.006885
4 0.391002 0.987737 0.024096 0.010327
3 0.290192 0.414694 0.017131 0.003657
2 0.28991 0.412758 0.021461 0.010542
3 0.317865 0.337565 0.016001 0.003873
2 0.317865 0.335843 0.019767 0.009466
3 0.457172 0.357466 0.017884 0.003227
2 0.456514 0.35596 0.019955 0.009682
3 0.572666 0.255701 0.01506 0.004518
2 0.571536 0.254088 0.018825 0.009036
3 0.577654 0.32315 0.017131 0.005163
2 0.577843 0.320353 0.020896 0.011618
3 0.590362 0.405981 0.019202 0.007745
2 0.589232 0.404152 0.02372 0.015275
3 0.685241 0.251076 0.015437 0.003012
2 0.68477 0.24957 0.018637 0.008606
3 0.702184 0.314759 0.016943 0.002582
2 0.701054 0.313145 0.020708 0.008821
3 0.711596 0.347892 0.017696 0.003442
2 0.710373 0.345955 0.021649 0.009466
3 0.880836 0.382853 0.016566 0.008391
2 0.878483 0.380486 0.023532 0.015706
