8 0.259224 0.258176 0.046687 0.064974
8 0.304405 0.262478 0.042922 0.064544
8 0.345256 0.257423 0.041416 0.064759
8 0.384413 0.266781 0.042169 0.070138
8 0.426205 0.255486 0.038404 0.06605
8 0.508001 0.259144 0.031062 0.069062
8 0.545463 0.258283 0.03445 0.06605
8 0.597044 0.260219 0.036333 0.06648
8 0.638931 0.263447 0.038027 0.06605
8 0.686088 0.259359 0.036709 0.067341
8 0.723833 0.268503 0.041416 0.067126
8 0.762895 0.268933 0.044616 0.069707
8 0.800264 0.269686 0.03991 0.06605
8 0.866811 0.286252 0.039721 0.053141
8 0.900602 0.290985 0.041416 0.054862
8 0.946536 0.295181 0.03991 0.051205
8 0.153614 0.256347 0.039533 0.052281
8 0.119635 0.258929 0.038592 0.052281
8 0.080572 0.267965 0.053464 0.06648
8 0.03012 0.268287 0.054217 0.065835
8 0.46602 0.133498 0.026544 0.05185
