1 0.470673 0.401763 0.030769 0.011218
0 0.460697 0.38718 0.059856 0.051923
1 0.785938 0.40593 0.030048 0.011859
0 0.773438 0.391667 0.063221 0.048077
1 0.842788 0.809936 0.03125 0.013462
0 0.829808 0.788301 0.075481 0.074039
1 0.605048 0.817308 0.033173 0.014744
0 0.59387 0.796795 0.070433 0.073718
1 0.428606 0.781731 0.037019 0.015385
0 0.415264 0.759295 0.071394 0.071795
1 0.912139 0.36891 0.033413 0.008974
1 0.910216 0.35657 0.033413 0.007372
1 0.906731 0.347756 0.034615 0.007692
1 0.904207 0.338622 0.034856 0.007372
1 0.907812 0.327885 0.022837 0.007692
1 0.905649 0.319071 0.022356 0.007372
1 0.895313 0.300641 0.032933 0.007692
1 0.9 0.290545 0.019712 0.006731
1 0.897957 0.282532 0.019952 0.007372
0 0.898438 0.285096 0.063702 0.045833
0 0.90649 0.319712 0.061058 0.029167
0 0.914062 0.348878 0.063221 0.03109
0 0.920192 0.38125 0.062981 0.0375
1 0.047716 0.414744 0.02476 0.007692
1 0.051082 0.402724 0.023317 0.008013
0 0.048197 0.408494 0.077163 0.054808
8 0.102524 0.567308 0.022356 0.011538
8 0.100962 0.603045 0.024038 0.011218
8 0.085337 0.657372 0.020673 0.016026
8 0.047236 0.655929 0.022837 0.016987
8 0.03762 0.671795 0.01851 0.016667
8 0.051202 0.696635 0.024038 0.018269
8 0.083894 0.696474 0.019712 0.014744
8 0.015144 0.704327 0.023558 0.019551
