3 0.543389 0.334135 0.020913 0.004808
2 0.542668 0.33125 0.025721 0.0125
5 0.400721 0.216346 0.047115 0.010897
4 0.387861 0.202564 0.077644 0.039744
5 0.28762 0.203686 0.048798 0.013782
4 0.274399 0.189744 0.079567 0.045513
5 0.04375 0.365705 0.064904 0.015385
4 0.044351 0.365865 0.06899 0.020192
3 0.356731 0.536699 0.026442 0.011859
2 0.355529 0.533333 0.032212 0.023077
5 0.340264 0.510417 0.040625 0.008654
4 0.328846 0.511538 0.064904 0.016026
3 0.221514 0.676282 0.00649 0.022436
2 0.225841 0.680128 0.01851 0.038462
3 0.33726 0.684776 0.018269 0.009295
2 0.341827 0.679327 0.033173 0.022756
5 0.344591 0.655288 0.028606 0.010577
4 0.322596 0.656731 0.075962 0.041026
3 0.489784 0.648558 0.027163 0.006731
2 0.488462 0.64391 0.030288 0.01859
5 0.470553 0.659455 0.047837 0.008013
4 0.451923 0.658814 0.087019 0.038141
3 0.966707 0.76891 0.028125 0.023718
2 0.966226 0.764583 0.034375 0.036859
