3 0.579819 0.313576 0.013554 0.005809
2 0.582737 0.310564 0.025414 0.015275
3 0.717244 0.320891 0.021084 0.0071
2 0.716679 0.318201 0.024096 0.01463
3 0.724021 0.347892 0.021461 0.005594
2 0.722703 0.34531 0.025979 0.013339
3 0.208867 0.436317 0.020143 0.005594
2 0.208396 0.43309 0.024096 0.013769
3 0.228539 0.533563 0.022967 0.005163
2 0.22788 0.529905 0.02692 0.01463
3 0.293016 0.431583 0.013742 0.005594
2 0.297628 0.429647 0.024473 0.01463
3 0.291227 0.450839 0.013931 0.004088
2 0.295369 0.447827 0.024096 0.012263
3 0.309676 0.465577 0.021837 0.004733
2 0.3093 0.462134 0.026355 0.013769
3 0.335561 0.423193 0.01939 0.006024
2 0.33462 0.41975 0.023908 0.01463
5 0.346009 0.489673 0.034639 0.006454
5 0.389119 0.487414 0.034639 0.00667
4 0.345821 0.489458 0.036521 0.009036
4 0.389496 0.487091 0.036521 0.009036
3 0.347609 0.538188 0.023532 0.005809
2 0.347327 0.534961 0.028238 0.015275
3 0.391943 0.53636 0.024473 0.005164
2 0.391378 0.532487 0.028238 0.015491
5 0.448419 0.439114 0.029367 0.004733
5 0.443524 0.502474 0.029367 0.004518
4 0.441453 0.438361 0.045181 0.008391
4 0.436182 0.501936 0.046687 0.008176
3 0.452184 0.465469 0.02372 0.004518
2 0.451242 0.461919 0.026732 0.0142
3 0.448607 0.530981 0.024849 0.006885
2 0.448042 0.526893 0.028991 0.017212
3 0.596386 0.448903 0.023343 0.005809
2 0.595727 0.444923 0.028426 0.015491
5 0.593279 0.457939 0.035203 0.0071
4 0.584337 0.458369 0.054593 0.010112
3 0.662745 0.445998 0.024285 0.006454
2 0.662745 0.441695 0.029179 0.016781
3 0.722044 0.447827 0.024285 0.00667
2 0.72148 0.443309 0.028803 0.016566
5 0.723174 0.457616 0.03558 0.007315
4 0.71395 0.458046 0.055535 0.010327
3 0.783697 0.446859 0.022967 0.006024
2 0.783133 0.442664 0.028614 0.016136
3 0.137425 0.601979 0.013178 0.005594
2 0.140813 0.598752 0.026355 0.015921
3 0.17131 0.632423 0.013931 0.005379
2 0.175828 0.628657 0.027861 0.015921
3 0.173758 0.693094 0.014307 0.0071
2 0.177146 0.689221 0.027861 0.020009
3 0.176581 0.666416 0.014307 0.005809
2 0.180158 0.662328 0.026355 0.016997
3 0.2452 0.656196 0.025038 0.006885
2 0.243882 0.652539 0.029556 0.017642
3 0.246517 0.711058 0.024285 0.007315
2 0.245764 0.707078 0.029179 0.019148
7 0.371706 0.65028 0.057041 0.014415
7 0.369164 0.664694 0.056099 0.013554
6 0.371423 0.656949 0.062876 0.031196
7 0.434206 0.634466 0.040098 0.012479
7 0.433547 0.647806 0.043298 0.013339
6 0.439947 0.648236 0.065512 0.043029
7 0.503389 0.638016 0.049322 0.013985
7 0.502918 0.651678 0.049511 0.0142
7 0.5032 0.666738 0.051958 0.013769
6 0.508377 0.652646 0.067583 0.045396
3 0.60241 0.722354 0.028238 0.0071
2 0.602127 0.71676 0.032944 0.019578
3 0.670087 0.60327 0.026544 0.006454
2 0.668769 0.598537 0.032568 0.017642
3 0.677052 0.675452 0.02692 0.00753
2 0.676205 0.670288 0.032756 0.019148
3 0.716397 0.675882 0.02692 0.009682
2 0.715267 0.671794 0.03445 0.020869
3 0.758189 0.722246 0.028803 0.009466
2 0.756306 0.71762 0.035203 0.02173
3 0.789816 0.715469 0.02692 0.011833
2 0.788027 0.710198 0.034262 0.024527
3 0.871612 0.717405 0.024096 0.010112
2 0.869917 0.71278 0.028991 0.022375
3 0.951901 0.716222 0.016755 0.007315
2 0.954819 0.711812 0.03238 0.019148
3 0.99087 0.625538 0.015248 0.009682
2 0.989364 0.620805 0.021273 0.02173
3 0.94616 0.626721 0.025979 0.006885
2 0.944183 0.621988 0.032191 0.018503
3 0.926864 0.584337 0.01073 0.02926
2 0.923193 0.585951 0.020708 0.034639
3 0.866058 0.674806 0.025038 0.0071
2 0.865964 0.671149 0.03125 0.016566
3 0.322007 0.677281 0.016001 0.006885
2 0.325207 0.674053 0.029179 0.019363
3 0.32596 0.61833 0.022779 0.007315
2 0.32596 0.614888 0.027297 0.018072
3 0.274755 0.715362 0.015625 0.006454
2 0.27852 0.711596 0.027673 0.016566
3 0.27805 0.648128 0.024473 0.005809
2 0.278614 0.64404 0.028238 0.016136
3 0.67131 0.310671 0.020708 0.005164
2 0.670369 0.30809 0.023343 0.012478
3 0.673663 0.328206 0.022026 0.004518
2 0.673099 0.326054 0.025414 0.012263
3 0.678087 0.353055 0.022214 0.003873
2 0.677334 0.350688 0.025979 0.012479
3 0.768919 0.30497 0.020896 0.00753
2 0.768919 0.303787 0.023155 0.013339
3 0.772214 0.341867 0.020708 0.005164
2 0.771178 0.338855 0.024661 0.012478
3 0.980422 0.594019 0.02372 0.006885
2 0.980045 0.590577 0.03125 0.018933
3 0.778332 0.680185 0.02692 0.011403
2 0.777203 0.677388 0.033697 0.02259
3 0.139966 0.620374 0.022779 0.005809
2 0.140719 0.617362 0.027297 0.015275
3 0.128859 0.697719 0.023155 0.012478
2 0.128577 0.694492 0.026355 0.023666
3 0.946724 0.649634 0.025226 0.009251
2 0.949548 0.655443 0.034639 0.025172
