3 0.020802 0.27614 0.016755 0.005379
2 0.021273 0.273666 0.021084 0.012479
3 0.338573 0.095848 0.012236 0.003657
2 0.34215 0.093481 0.022402 0.010112
3 0.42131 0.047225 0.018449 0.003657
2 0.420557 0.045288 0.021837 0.009251
3 0.513084 0.065189 0.019014 0.003873
2 0.512613 0.063253 0.021084 0.009036
3 0.524285 0.129841 0.019578 0.003227
2 0.523438 0.127474 0.022402 0.010112
5 0.598362 0.100258 0.039345 0.006454
4 0.591679 0.100473 0.053464 0.009036
3 0.600433 0.142534 0.019767 0.004518
2 0.599304 0.139953 0.024285 0.011403
3 0.68317 0.176528 0.019578 0.00667
2 0.680817 0.173946 0.025414 0.014415
5 0.883283 0.17244 0.012801 0.003657
4 0.879424 0.172009 0.022026 0.006239
5 0.892602 0.204604 0.012989 0.004303
4 0.889119 0.204497 0.021084 0.00667
5 0.899285 0.240318 0.022214 0.007745
4 0.892884 0.238597 0.037274 0.012478
4 0.974115 0.152969 0.022402 0.024957
5 0.978068 0.149419 0.012989 0.014415
5 0.98381 0.172332 0.01506 0.0142
4 0.979198 0.175775 0.026167 0.023236
5 0.99087 0.197504 0.015248 0.013339
4 0.986069 0.200086 0.025979 0.021515
3 0.175828 0.401248 0.012801 0.005594
2 0.17997 0.397268 0.023343 0.014415
3 0.202278 0.446859 0.020896 0.006024
2 0.202466 0.443524 0.023155 0.014415
3 0.239834 0.455895 0.022214 0.005594
2 0.239834 0.452883 0.024096 0.013769
3 0.236352 0.427388 0.012989 0.006239
2 0.238705 0.423623 0.019955 0.01506
3 0.291039 0.453421 0.021461 0.004948
2 0.29038 0.449871 0.025038 0.01506
3 0.290757 0.374355 0.021649 0.008176
2 0.289721 0.371558 0.026355 0.018072
3 0.293204 0.332831 0.02052 0.005594
2 0.293298 0.329604 0.024096 0.01463
3 0.338197 0.32358 0.022402 0.006454
2 0.337444 0.320353 0.025791 0.01506
3 0.33895 0.350366 0.022026 0.004518
2 0.338008 0.347031 0.025791 0.012909
3 0.339326 0.377582 0.022779 0.005594
2 0.33895 0.373924 0.026167 0.01506
3 0.329631 0.402539 0.014307 0.005164
2 0.33302 0.399634 0.025602 0.014415
8 0.387801 0.437285 0.037651 0.031627
8 0.454254 0.401678 0.03878 0.027969
8 0.453031 0.435671 0.039721 0.02883
3 0.48654 0.331756 0.022026 0.007745
2 0.485504 0.329281 0.025602 0.015275
8 0.548475 0.336596 0.030685 0.016997
8 0.552334 0.398881 0.030873 0.017642
3 0.598456 0.321536 0.013554 0.00667
2 0.600433 0.318094 0.027297 0.016997
3 0.613705 0.392427 0.01506 0.008606
2 0.616058 0.388339 0.027673 0.019363
5 0.598927 0.35682 0.022026 0.006239
4 0.595068 0.35639 0.032003 0.009251
3 0.609846 0.41136 0.015249 0.005163
2 0.606739 0.415125 0.028238 0.014415
3 0.65738 0.327453 0.013931 0.006885
2 0.65945 0.32401 0.021084 0.01506
3 0.65898 0.346708 0.014495 0.00796
2 0.662933 0.344342 0.025414 0.018287
3 0.676675 0.365641 0.022402 0.008821
2 0.675546 0.364028 0.025038 0.013339
7 0.712349 0.34176 0.021837 0.008391
6 0.712255 0.34176 0.022779 0.009682
3 0.701901 0.365426 0.014495 0.00796
2 0.707361 0.363274 0.027297 0.019578
3 0.716491 0.394578 0.022967 0.007315
2 0.716114 0.391781 0.026355 0.01463
3 0.713196 0.446751 0.013743 0.00667
2 0.714232 0.443201 0.021461 0.01463
3 0.778332 0.389738 0.014119 0.005379
2 0.781626 0.386295 0.025979 0.014415
3 0.777956 0.345955 0.014119 0.006454
2 0.779556 0.342405 0.021461 0.015275
3 0.841585 0.410069 0.012613 0.005594
2 0.843656 0.406411 0.025414 0.015491
3 0.88366 0.346708 0.019202 0.005379
2 0.882812 0.343804 0.022779 0.013339
3 0.893919 0.401786 0.02052 0.012263
2 0.893637 0.398774 0.022214 0.02173
3 0.9359 0.342298 0.021649 0.006454
2 0.935335 0.338963 0.025414 0.013985
5 0.634318 0.442771 0.023155 0.006024
4 0.637989 0.442986 0.032756 0.009466
3 0.067489 0.390598 0.013742 0.005379
2 0.064006 0.390491 0.021461 0.007745
5 0.207361 0.284746 0.018261 0.004948
4 0.207267 0.284639 0.019202 0.006024
