1 0.390505 0.40016 0.071394 0.014423
0 0.390385 0.383173 0.084615 0.058013
9 0.298317 0.376603 0.067308 0.038462
1 0.057332 0.400321 0.069471 0.010897
0 0.063101 0.385417 0.100721 0.058654
8 0.177163 0.640705 0.029327 0.027564
8 0.274519 0.699038 0.027404 0.021154
3 0.476803 0.801282 0.030048 0.014744
2 0.476803 0.79343 0.035337 0.031731
3 0.410577 0.754487 0.017308 0.03141
2 0.405769 0.750801 0.028846 0.042628
3 0.717428 0.716346 0.025721 0.016026
2 0.719712 0.710417 0.032692 0.03109
1 0.720914 0.407051 0.070673 0.019872
0 0.717668 0.392468 0.091587 0.058654
9 0.642548 0.38718 0.053365 0.036538
