1 0.089326 0.225904 0.037839 0.009036
0 0.084526 0.212887 0.076431 0.05099
1 0.321254 0.190727 0.069465 0.010542
0 0.321536 0.173623 0.082455 0.053356
1 0.57003 0.221708 0.040286 0.010112
0 0.558735 0.209337 0.069654 0.052065
1 0.763837 0.248064 0.055158 0.023236
0 0.764213 0.230099 0.067583 0.069062
1 0.898814 0.245805 0.029932 0.009251
0 0.886954 0.227948 0.067959 0.052711
3 0.217244 0.395224 0.02372 0.005594
2 0.216585 0.391136 0.028426 0.01506
3 0.269296 0.397913 0.024285 0.005809
2 0.268261 0.393825 0.026355 0.014845
3 0.327937 0.450194 0.015437 0.006239
2 0.332361 0.447182 0.028803 0.018718
3 0.352598 0.478916 0.025226 0.007315
2 0.35128 0.474828 0.028991 0.017212
3 0.474868 0.461596 0.024285 0.005809
2 0.474209 0.457401 0.027861 0.015491
3 0.597138 0.495805 0.01506 0.004948
2 0.600904 0.491394 0.028991 0.016351
3 0.534733 0.490964 0.024285 0.005594
2 0.533509 0.486876 0.028614 0.016351
5 0.74134 0.456648 0.062877 0.016136
4 0.740964 0.456648 0.067395 0.018718
3 0.842809 0.471493 0.021084 0.004948
2 0.841397 0.468051 0.025038 0.013985
3 0.906909 0.46321 0.018637 0.006885
2 0.906532 0.459552 0.021273 0.015921
