8 0.393029 0.590064 0.020673 0.016667
8 0.429928 0.594551 0.017548 0.013462
8 0.428486 0.554327 0.018029 0.011218
8 0.453005 0.551122 0.01226 0.011218
8 0.477644 0.5875 0.011058 0.014103
8 0.492788 0.588301 0.017308 0.013141
8 0.510697 0.588782 0.017548 0.012821
8 0.477404 0.601122 0.010577 0.011859
8 0.492428 0.601763 0.017067 0.0125
8 0.511058 0.602564 0.018269 0.013462
1 0.864904 0.578045 0.059135 0.011218
0 0.861538 0.562821 0.077404 0.053846
1 0.016587 0.516346 0.032212 0.007692
1 0.014062 0.526282 0.027163 0.008974
0 0.029087 0.519872 0.056731 0.051282
3 0.853846 0.759135 0.012981 0.005449
2 0.854808 0.75641 0.019712 0.013462
3 0.994712 0.748558 0.009135 0.00609
2 0.993389 0.745833 0.013221 0.01282
3 0.683774 0.614583 0.019952 0.008013
2 0.682452 0.611218 0.024519 0.016667
8 0.546394 0.576923 0.020192 0.017308
8 0.586058 0.590545 0.021635 0.016346
8 0.547356 0.607532 0.020673 0.016346
8 0.477163 0.613782 0.012019 0.010897
8 0.488221 0.614263 0.010096 0.010577
8 0.497957 0.614904 0.008894 0.009936
8 0.511899 0.615385 0.018029 0.010897
8 0.243029 0.76907 0.025 0.018269
8 0.607452 0.758814 0.021635 0.021474
1 0.329207 0.950481 0.028125 0.008013
0 0.329327 0.947276 0.032212 0.020833
