7 0.574642 0.362629 0.026167 0.006239
6 0.574172 0.362306 0.027861 0.006885
3 0.144108 0.544428 0.016378 0.004088
2 0.144767 0.540555 0.021837 0.012263
3 0.235316 0.538081 0.016566 0.004303
2 0.235316 0.535176 0.021084 0.011403
3 0.253389 0.543029 0.012801 0.004303
2 0.256212 0.540878 0.022967 0.011188
3 0.275885 0.556046 0.01186 0.004088
2 0.27805 0.553356 0.018825 0.011188
3 0.464797 0.555077 0.012801 0.005163
2 0.468279 0.552711 0.022779 0.012909
3 0.973739 0.558627 0.010354 0.004948
2 0.974962 0.555185 0.019578 0.012694
3 0.977786 0.711596 0.018449 0.0071
2 0.976374 0.708046 0.023155 0.015491
3 0.990023 0.749032 0.018449 0.006239
2 0.988517 0.746665 0.022967 0.014845
3 0.962255 0.754303 0.012236 0.009036
2 0.962349 0.74957 0.021837 0.020654
8 0.944842 0.737414 0.019955 0.015706
3 0.917922 0.758929 0.012048 0.005809
2 0.920275 0.755594 0.023155 0.015491
3 0.891284 0.761833 0.009601 0.006454
2 0.893919 0.758283 0.020896 0.015275
3 0.879424 0.716437 0.011483 0.005163
2 0.880459 0.712457 0.021461 0.015275
3 0.902014 0.685994 0.011107 0.006239
2 0.902767 0.681906 0.022779 0.017427
3 0.944936 0.67997 0.012236 0.00667
2 0.945218 0.677173 0.022214 0.015706
3 0.882624 0.66889 0.021273 0.004733
2 0.881589 0.666093 0.024473 0.01463
3 0.879518 0.65114 0.009413 0.004088
2 0.880459 0.648451 0.020331 0.012909
3 0.800734 0.733864 0.020896 0.006024
2 0.799134 0.730529 0.025979 0.016997
3 0.764872 0.732681 0.021837 0.00796
2 0.764025 0.728593 0.024285 0.018287
3 0.709714 0.707401 0.013931 0.005594
2 0.713291 0.704389 0.024096 0.01506
3 0.687029 0.703636 0.021649 0.010542
2 0.686559 0.699441 0.025979 0.020654
3 0.682888 0.649312 0.021273 0.005163
2 0.68157 0.646192 0.025038 0.015275
3 0.604386 0.739673 0.022779 0.006024
2 0.603916 0.73537 0.025226 0.018072
3 0.436653 0.737952 0.022779 0.005594
2 0.43637 0.733972 0.024473 0.015706
3 0.412368 0.73849 0.021273 0.004948
2 0.412651 0.735478 0.021837 0.015706
3 0.358528 0.734402 0.021273 0.005379
2 0.35834 0.730744 0.025038 0.016566
3 0.292263 0.734725 0.022026 0.007745
2 0.291698 0.730637 0.026544 0.018503
3 0.361258 0.665017 0.022214 0.006454
2 0.361352 0.661682 0.025038 0.016136
3 0.256306 0.653614 0.013366 0.004733
2 0.260919 0.650065 0.02372 0.013124
3 0.222139 0.689759 0.021084 0.006885
2 0.223174 0.685886 0.025791 0.017212
3 0.203313 0.657702 0.013554 0.004303
2 0.204537 0.654905 0.021273 0.013769
3 0.1907 0.727732 0.013178 0.005809
2 0.192489 0.723752 0.019014 0.0142
3 0.230892 0.634359 0.020896 0.004948
2 0.230986 0.630701 0.02372 0.013985
8 0.143072 0.665448 0.026355 0.019363
8 0.103069 0.673731 0.024661 0.023451
7 0.144955 0.702991 0.016943 0.052281
6 0.144672 0.703421 0.02052 0.054862
3 0.053652 0.673623 0.009789 0.016781
2 0.052334 0.669966 0.021084 0.02969
8 0.023249 0.674591 0.025038 0.018718
