8 0.230048 0.470673 0.032212 0.026603
8 0.197957 0.556891 0.035817 0.028526
8 0.220072 0.630449 0.035337 0.028205
9 0.176562 0.640545 0.050721 0.047756
8 0.283413 0.557212 0.032692 0.025962
8 0.297596 0.518269 0.028365 0.025641
8 0.313101 0.463622 0.028125 0.020833
9 0.303486 0.482051 0.029087 0.023077
8 0.394351 0.657212 0.033413 0.03109
8 0.382812 0.591987 0.029567 0.023077
8 0.396755 0.531571 0.028125 0.022115
9 0.388702 0.435737 0.033173 0.0375
3 0.479688 0.594872 0.027644 0.010256
2 0.479207 0.590385 0.03149 0.021154
8 0.48726 0.648558 0.030288 0.023397
9 0.446755 0.68157 0.035337 0.034295
8 0.48726 0.682212 0.029808 0.023397
9 0.573077 0.683333 0.037981 0.044231
8 0.640865 0.69407 0.030288 0.025962
9 0.623197 0.693109 0.02524 0.033013
8 0.690865 0.691186 0.030769 0.024679
8 0.693389 0.652244 0.030048 0.025
8 0.702404 0.610737 0.028846 0.022756
8 0.676683 0.571474 0.028365 0.019231
8 0.68125 0.521955 0.026442 0.01891
8 0.759976 0.517628 0.022356 0.026923
8 0.772716 0.594712 0.027644 0.025962
9 0.749639 0.67468 0.03774 0.044231
8 0.782812 0.696314 0.030529 0.026603
9 0.828606 0.709776 0.04375 0.044551
8 0.86262 0.707372 0.029087 0.026923
8 0.899159 0.713301 0.030048 0.023397
9 0.897837 0.56875 0.033654 0.030449
9 0.872596 0.577244 0.025481 0.046795
8 0.951803 0.723558 0.03149 0.025321
