1 0.314288 0.247741 0.075113 0.023451
0 0.313912 0.231497 0.088667 0.071859
1 0.54471 0.283563 0.051393 0.016351
0 0.543581 0.268825 0.067206 0.057444
1 0.718091 0.312285 0.040851 0.014845
0 0.713008 0.295073 0.058547 0.059165
1 0.837255 0.347569 0.030685 0.017857
0 0.835467 0.335521 0.036521 0.047117
1 0.923663 0.360155 0.021273 0.012048
0 0.921404 0.347784 0.032944 0.042814
3 0.186747 0.37898 0.031627 0.009682
2 0.187124 0.375323 0.035768 0.020869
3 0.208114 0.416201 0.024661 0.009251
2 0.206514 0.412113 0.029367 0.020869
3 0.121329 0.544535 0.014119 0.035284
2 0.125847 0.54432 0.026544 0.040017
3 0.195971 0.545181 0.009036 0.034423
2 0.197289 0.544428 0.016566 0.039802
3 0.378765 0.427818 0.029367 0.0071
2 0.378389 0.423838 0.033133 0.017212
8 0.379424 0.467513 0.028426 0.023236
3 0.375659 0.499247 0.031062 0.008391
2 0.375753 0.495052 0.035015 0.019363
8 0.376883 0.543137 0.03012 0.02259
3 0.593374 0.485262 0.021084 0.005809
2 0.592338 0.482035 0.023532 0.014415
3 0.665474 0.438253 0.018072 0.006454
2 0.664721 0.435026 0.021837 0.013769
3 0.670651 0.516459 0.018261 0.004948
2 0.669804 0.512801 0.021461 0.013985
5 0.732775 0.45654 0.028426 0.007745
4 0.727127 0.455787 0.044616 0.010112
5 0.744541 0.51151 0.029744 0.008391
4 0.738328 0.51151 0.045934 0.011833
