1 0.806891 0.444351 0.058013 0.006971
1 0.808974 0.452764 0.057692 0.006971
1 0.76843 0.24976 0.052885 0.005288
1 0.766827 0.244111 0.052885 0.005529
1 0.767949 0.239663 0.048077 0.004327
1 0.691186 0.241587 0.047115 0.005769
1 0.691186 0.246995 0.049038 0.005048
1 0.692468 0.252043 0.049038 0.005048
1 0.613462 0.255529 0.048077 0.006731
1 0.627885 0.23149 0.041026 0.008173
1 0.625641 0.226562 0.041667 0.008413
1 0.624359 0.221154 0.041667 0.007692
1 0.69359 0.216587 0.047436 0.00625
1 0.697115 0.222115 0.046154 0.004808
1 0.696635 0.228245 0.047756 0.005529
1 0.76907 0.223077 0.04968 0.005769
1 0.767468 0.217067 0.047756 0.005288
1 0.767949 0.21274 0.045513 0.004808
1 0.749038 0.197115 0.044231 0.006731
1 0.747756 0.192788 0.044231 0.006731
1 0.679968 0.202644 0.044551 0.006731
1 0.68157 0.207332 0.047115 0.005529
1 0.681731 0.199159 0.038462 0.004567
1 0.621474 0.244952 0.03141 0.005769
1 0.622436 0.249639 0.030128 0.005529
0 0.686699 0.199519 0.081731 0.025481
0 0.631731 0.225721 0.080128 0.026442
0 0.622436 0.248438 0.080769 0.025721
0 0.698077 0.244231 0.079487 0.025962
0 0.703045 0.220433 0.073397 0.025481
0 0.776923 0.242067 0.087821 0.025962
0 0.759135 0.194591 0.079167 0.025721
0 0.777083 0.215024 0.083654 0.028125
0 0.81875 0.449038 0.117628 0.044712
1 0.286218 0.427043 0.08782 0.010337
0 0.289583 0.414784 0.104167 0.042548
1 0.034455 0.291346 0.045192 0.005769
0 0.036699 0.284255 0.072756 0.03101
8 0.099519 0.651442 0.0375 0.015385
8 0.176763 0.707212 0.038141 0.015865
8 0.038141 0.672837 0.040385 0.013462
8 0.016506 0.713462 0.032372 0.016827
8 0.361538 0.707692 0.030769 0.022596
8 0.547917 0.733534 0.035577 0.019471
8 0.55032 0.691586 0.035897 0.013942
8 0.62516 0.671154 0.034936 0.017788
8 0.788622 0.720433 0.036859 0.015385
8 0.91218 0.733534 0.044231 0.019952
