1 0.092668 0.374359 0.057452 0.012179
0 0.097716 0.361859 0.079087 0.04359
1 0.409736 0.34359 0.055048 0.008333
0 0.409976 0.333333 0.064663 0.035897
1 0.643029 0.344231 0.051442 0.008974
0 0.642428 0.328846 0.063221 0.046795
1 0.964183 0.345994 0.053846 0.010577
0 0.958414 0.336058 0.081731 0.038141
9 0.376442 0.757692 0.059135 0.091026
9 0.494351 0.497596 0.028606 0.045833
9 0.641466 0.508173 0.028606 0.045192
9 0.673438 0.491827 0.02524 0.045833
9 0.879928 0.644712 0.033413 0.048397
9 0.122356 0.497276 0.045673 0.046474
