5 0.217244 0.208154 0.028614 0.0071
4 0.212349 0.20966 0.043675 0.013124
3 0.139025 0.3267 0.022026 0.0071
2 0.138366 0.32358 0.024849 0.015491
3 0.199078 0.3267 0.023532 0.008821
2 0.198042 0.323903 0.027861 0.016997
5 0.254142 0.430615 0.032756 0.00753
4 0.24567 0.430938 0.054217 0.012048
3 0.312029 0.473537 0.026544 0.007315
2 0.3109 0.469557 0.030309 0.019148
5 0.333867 0.452883 0.040098 0.007745
4 0.329537 0.452883 0.049511 0.010327
3 0.311182 0.438038 0.026732 0.006885
2 0.310712 0.433735 0.029556 0.017212
5 0.332267 0.419535 0.03991 0.007315
4 0.32869 0.419213 0.049699 0.010112
5 0.328972 0.383283 0.039721 0.00667
4 0.325019 0.383283 0.050264 0.009251
5 0.329349 0.34886 0.038215 0.008391
4 0.324925 0.349182 0.047816 0.010327
5 0.406627 0.440404 0.041039 0.006024
4 0.402108 0.440942 0.051581 0.00796
5 0.410862 0.404583 0.049887 0.006239
4 0.407285 0.404905 0.060806 0.008176
5 0.416886 0.302065 0.040098 0.005594
4 0.413027 0.30185 0.050828 0.007745
5 0.483434 0.448042 0.041792 0.0071
4 0.479198 0.44815 0.052523 0.008606
5 0.487575 0.414694 0.041416 0.0071
4 0.483151 0.414694 0.052523 0.008821
5 0.484846 0.377151 0.040474 0.009036
4 0.480798 0.377151 0.050452 0.011618
5 0.483528 0.33864 0.041604 0.009036
4 0.479669 0.338963 0.050828 0.010972
5 0.555629 0.298838 0.041227 0.006885
4 0.552711 0.299699 0.050828 0.010327
5 0.622553 0.28012 0.037651 0.006454
4 0.618599 0.27969 0.047816 0.009466
5 0.624059 0.310349 0.03991 0.005809
4 0.619729 0.310241 0.049699 0.006885
5 0.632624 0.36704 0.039345 0.006454
4 0.628012 0.367577 0.050075 0.008391
5 0.707831 0.439974 0.041792 0.007315
4 0.704254 0.439867 0.052334 0.009682
5 0.714138 0.388662 0.014119 0.047547
4 0.714138 0.394148 0.016755 0.061532
5 0.731645 0.317018 0.01073 0.043675
4 0.730704 0.312823 0.014872 0.054217
5 0.805441 0.427818 0.041227 0.00796
4 0.801393 0.428571 0.050828 0.009466
5 0.80224 0.389522 0.041604 0.00667
4 0.797534 0.389415 0.053276 0.008176
5 0.788404 0.375753 0.041039 0.008391
4 0.792357 0.376291 0.050452 0.010757
3 0.783603 0.360155 0.028426 0.007315
2 0.785203 0.36392 0.032756 0.016997
3 0.78125 0.318954 0.025979 0.011403
2 0.780685 0.314974 0.030497 0.021945
5 0.858904 0.313791 0.009977 0.044105
4 0.85881 0.309703 0.012425 0.054432
5 0.867093 0.356175 0.039157 0.00667
4 0.864364 0.355852 0.051393 0.009036
5 0.870576 0.394363 0.038592 0.007745
4 0.86634 0.394148 0.048946 0.009466
3 0.884789 0.413834 0.025226 0.0071
2 0.883283 0.409316 0.03125 0.017857
5 0.871141 0.433842 0.037839 0.006239
4 0.867658 0.433842 0.047063 0.008391
5 0.538309 0.403722 0.006965 0.044535
4 0.538968 0.408455 0.010542 0.058305
