3 0.093844 0.431583 0.037462 0.006885
2 0.094221 0.42685 0.043863 0.020654
3 0.164721 0.437177 0.032756 0.007745
2 0.165569 0.432982 0.040098 0.02173
3 0.247741 0.44191 0.034639 0.009036
2 0.246706 0.436317 0.040474 0.023666
3 0.346103 0.414802 0.03445 0.007315
2 0.345633 0.410714 0.037651 0.018503
3 0.483622 0.420073 0.032756 0.012263
2 0.480892 0.415448 0.040098 0.024527
3 0.544239 0.225688 0.00753 0.024096
2 0.540851 0.225796 0.017696 0.026893
7 0.302899 0.224613 0.080196 0.012478
6 0.302428 0.22429 0.084149 0.015706
7 0.321442 0.177281 0.068336 0.010757
6 0.321254 0.177065 0.070971 0.013339
3 0.516284 0.21988 0.005459 0.01506
2 0.52099 0.223967 0.015625 0.026248
3 0.237952 0.240534 0.028991 0.009466
2 0.239081 0.236769 0.036145 0.020009
