1 0.105704 0.263662 0.049134 0.012263
1 0.271931 0.229346 0.038215 0.012909
0 0.110034 0.247418 0.069465 0.056368
0 0.261578 0.21278 0.068336 0.060241
1 0.524473 0.220848 0.041039 0.010112
0 0.513084 0.204497 0.075866 0.054432
3 0.192112 0.460521 0.01939 0.005809
3 0.198513 0.408778 0.019767 0.006024
2 0.198419 0.405443 0.021461 0.013985
2 0.192018 0.456971 0.022214 0.015921
3 0.529556 0.463963 0.02372 0.005809
2 0.528709 0.459983 0.026544 0.015921
3 0.592809 0.385219 0.02372 0.004518
2 0.591679 0.381562 0.026355 0.013554
3 0.590738 0.468696 0.02372 0.004948
2 0.589985 0.465254 0.027108 0.014845
3 0.523908 0.417922 0.022214 0.005379
2 0.524096 0.414049 0.025226 0.013985
3 0.744258 0.39006 0.022402 0.004733
3 0.784544 0.396515 0.023532 0.006024
3 0.791133 0.458369 0.022402 0.008391
3 0.753388 0.462134 0.02372 0.005594
2 0.743223 0.386188 0.025602 0.0142
2 0.783415 0.39361 0.028426 0.014845
2 0.789251 0.454819 0.02805 0.018072
2 0.752071 0.458584 0.027485 0.014845
3 0.874059 0.398451 0.021837 0.009036
2 0.873494 0.394256 0.024096 0.018287
