4 0.427564 0.368389 0.064744 0.033894
5 0.435577 0.372476 0.047436 0.023317
3 0.349199 0.425962 0.02532 0.012019
2 0.348397 0.424639 0.030128 0.020913
4 0.316346 0.402163 0.051282 0.026923
5 0.321154 0.404688 0.039103 0.019952
3 0.243109 0.379087 0.028526 0.015865
2 0.242628 0.377043 0.032051 0.023798
4 0.446635 0.443149 0.070833 0.03726
5 0.453846 0.447115 0.052564 0.027404
3 0.511538 0.83738 0.036538 0.014663
2 0.510096 0.833053 0.043269 0.028125
3 0.583654 0.860938 0.032692 0.011298
2 0.584936 0.857812 0.045513 0.025721
3 0.636538 0.885817 0.026923 0.00625
2 0.633974 0.88149 0.037821 0.01875
3 0.647756 0.764423 0.016667 0.006731
2 0.649038 0.761178 0.032051 0.01899
3 0.68125 0.797957 0.022756 0.008413
2 0.678365 0.79387 0.034936 0.020913
3 0.682532 0.777163 0.020192 0.006731
2 0.683333 0.77488 0.028846 0.01851
8 0.808974 0.921034 0.030769 0.021394
8 0.857372 0.918389 0.030769 0.023317
3 0.788141 0.822115 0.019231 0.008654
2 0.7875 0.819351 0.026923 0.018029
3 0.74407 0.817909 0.015064 0.005048
2 0.742949 0.815385 0.025641 0.020192
3 0.6875 0.839183 0.017308 0.005288
2 0.688942 0.834976 0.033654 0.018029
3 0.761218 0.871274 0.019231 0.005529
2 0.759615 0.867428 0.030769 0.018029
