1 0.372115 0.176763 0.045673 0.007372
0 0.373197 0.165865 0.059375 0.035577
3 0.239543 0.350481 0.01274 0.004167
2 0.241346 0.348718 0.01875 0.010256
3 0.382212 0.348237 0.0125 0.003526
2 0.383654 0.346154 0.016827 0.009615
3 0.656971 0.325801 0.018269 0.006731
2 0.655889 0.324038 0.022837 0.014103
3 0.339663 0.358814 0.011058 0.003526
2 0.341346 0.356891 0.016346 0.009936
3 0.18762 0.45625 0.021394 0.005449
2 0.187139 0.453205 0.025721 0.014744
3 0.161418 0.514744 0.023798 0.012821
2 0.1625 0.511218 0.030769 0.023077
3 0.204327 0.524038 0.023558 0.007051
2 0.204207 0.520673 0.027644 0.017628
3 0.180529 0.547917 0.023077 0.004808
2 0.180649 0.545192 0.026202 0.014103
3 0.289543 0.495353 0.021394 0.005449
2 0.289062 0.492147 0.02524 0.014423
3 0.370913 0.427564 0.020673 0.004487
2 0.370793 0.42532 0.022356 0.010897
3 0.380288 0.475641 0.021154 0.003846
2 0.379567 0.473718 0.023558 0.010256
3 0.405649 0.434135 0.020433 0.004167
2 0.405409 0.432372 0.021875 0.010256
5 0.354808 0.502885 0.023558 0.005128
4 0.349159 0.503365 0.03726 0.008654
3 0.485096 0.453526 0.020192 0.004487
2 0.484856 0.451603 0.022115 0.010256
3 0.484615 0.505288 0.021154 0.004167
2 0.484495 0.503045 0.023317 0.011859
3 0.44399 0.520833 0.020673 0.004487
2 0.443029 0.518109 0.024038 0.0125
3 0.441466 0.546474 0.021394 0.005128
2 0.440986 0.54375 0.02476 0.013141
3 0.547957 0.50032 0.020913 0.007692
2 0.547236 0.497917 0.02476 0.015064
3 0.566106 0.460897 0.005769 0.017949
2 0.563822 0.461218 0.011779 0.020513
3 0.666707 0.498077 0.021394 0.005128
2 0.665745 0.495353 0.02524 0.013782
3 0.120913 0.66218 0.025962 0.011538
2 0.120913 0.658814 0.033654 0.024679
3 0.235577 0.703526 0.026442 0.007692
2 0.235337 0.7 0.03125 0.019872
5 0.246394 0.652724 0.031731 0.006731
4 0.240986 0.652724 0.044952 0.013141
3 0.235577 0.761058 0.027885 0.007372
2 0.236058 0.75593 0.032692 0.020192
3 0.32488 0.776923 0.016587 0.008333
2 0.327644 0.772756 0.024519 0.019231
3 0.236058 0.813782 0.028365 0.007051
2 0.236058 0.808814 0.032692 0.020192
3 0.130048 0.822756 0.028365 0.007051
2 0.130529 0.817468 0.033654 0.019551
3 0.072837 0.855128 0.026442 0.008333
2 0.072716 0.850801 0.030048 0.022115
3 0.098678 0.741506 0.027163 0.011218
2 0.099159 0.738141 0.03149 0.025
3 0.146394 0.773558 0.027404 0.015705
2 0.147476 0.770032 0.033894 0.027244
3 0.189784 0.869391 0.024279 0.008013
2 0.189784 0.865545 0.028125 0.021474
3 0.255409 0.851282 0.017548 0.007692
2 0.260457 0.846635 0.03149 0.020833
3 0.313942 0.841026 0.028365 0.008333
2 0.313942 0.836378 0.031731 0.021474
3 0.335817 0.70593 0.026442 0.006731
2 0.335577 0.702083 0.029327 0.018269
3 0.446154 0.7 0.024519 0.007051
2 0.446154 0.695994 0.027404 0.018269
3 0.496514 0.807051 0.026202 0.008333
2 0.496514 0.802083 0.030048 0.020833
3 0.578846 0.710577 0.025 0.00641
2 0.578846 0.70641 0.028365 0.017949
3 0.603606 0.768109 0.016827 0.011218
2 0.60637 0.765385 0.02524 0.022436
3 0.605529 0.83093 0.016346 0.009295
2 0.608774 0.826923 0.024279 0.022436
3 0.599279 0.880449 0.026442 0.011538
2 0.598438 0.875641 0.030048 0.024359
3 0.675962 0.889583 0.027885 0.009295
2 0.67512 0.884936 0.032452 0.022436
3 0.716466 0.667949 0.016106 0.005769
2 0.719591 0.664263 0.028606 0.016346
3 0.711538 0.739103 0.026442 0.007051
2 0.710337 0.735417 0.031731 0.017628
3 0.742428 0.867949 0.017548 0.012179
2 0.746514 0.865064 0.03101 0.03141
5 0.402764 0.709135 0.008894 0.036859
4 0.401683 0.715545 0.014423 0.054808
8 0.640625 0.548237 0.025481 0.00609
8 0.684375 0.544391 0.025481 0.00609
8 0.542067 0.872596 0.028846 0.008013
8 0.731731 0.760737 0.029808 0.008654
8 0.495312 0.756731 0.027163 0.007051
8 0.452284 0.727083 0.028125 0.008013
8 0.394111 0.864744 0.030048 0.008333
8 0.430649 0.791346 0.00649 0.026282
8 0.315385 0.861859 0.032212 0.010256
8 0.111779 0.683494 0.031731 0.009936
8 0.766827 0.854968 0.031731 0.009936
8 0.384135 0.78782 0.034615 0.008974
