1 0.400226 0.322504 0.060241 0.0142
0 0.401073 0.309165 0.07323 0.050344
1 0.118411 0.290663 0.033886 0.006024
1 0.113705 0.298731 0.035392 0.006239
0 0.124718 0.293567 0.068712 0.040663
1 0.101092 0.330142 0.033886 0.00796
1 0.095633 0.339608 0.037274 0.0071
1 0.093656 0.349935 0.034827 0.00753
0 0.105139 0.33509 0.071724 0.048838
1 0.289251 0.594019 0.068336 0.0142
0 0.291416 0.572289 0.088855 0.07358
1 0.54791 0.593051 0.072477 0.014415
0 0.546969 0.571644 0.086032 0.076162
1 0.720915 0.290878 0.049134 0.026678
0 0.719221 0.280658 0.057794 0.056583
