3 0.052617 0.030981 0.024285 0.020224
2 0.055629 0.022483 0.046122 0.044966
3 0.088855 0.139522 0.022214 0.014415
2 0.09262 0.130917 0.042545 0.035499
3 0.215173 0.028184 0.025979 0.01506
2 0.219785 0.019148 0.051017 0.038296
3 0.169428 0.093911 0.037274 0.014845
2 0.167263 0.086919 0.043863 0.034423
3 0.32116 0.035822 0.025602 0.012694
2 0.326242 0.027216 0.04744 0.035499
3 0.340173 0.128442 0.025226 0.010757
2 0.346009 0.12145 0.04744 0.032057
3 0.43637 0.100796 0.027108 0.018287
2 0.442583 0.087027 0.054217 0.048838
3 0.752824 0.006562 0.027485 0.012263
2 0.759507 0.00753 0.052146 0.01506
3 0.741246 0.107788 0.025791 0.012909
2 0.748117 0.101334 0.048946 0.037435
3 0.929593 0.10241 0.026732 0.01506
2 0.938253 0.09488 0.053087 0.037866
3 0.349586 0.411467 0.009413 0.039802
2 0.344691 0.413296 0.021837 0.046472
3 0.484375 0.831971 0.006401 0.015491
2 0.483151 0.827775 0.017131 0.025172
3 0.564759 0.828098 0.005271 0.01463
2 0.562782 0.826269 0.017131 0.030336
3 0.710843 0.808412 0.014307 0.004948
2 0.709337 0.811962 0.033133 0.019793
