3 0.668204 0.643933 0.027673 0.011188
2 0.675922 0.637371 0.052899 0.032917
3 0.581043 0.547978 0.026167 0.009897
2 0.588667 0.543029 0.050828 0.02926
3 0.669145 0.551312 0.04311 0.012694
2 0.667169 0.543782 0.052334 0.029475
3 0.664721 0.502904 0.040286 0.008391
2 0.663968 0.49602 0.050075 0.025172
7 0.878388 0.65071 0.086973 0.020009
6 0.878671 0.650818 0.090173 0.023236
3 0.96762 0.646407 0.020331 0.050559
2 0.967244 0.644256 0.029367 0.057874
3 0.949454 0.557014 0.038215 0.008606
2 0.948513 0.552388 0.049887 0.025172
3 0.483528 0.601764 0.038592 0.010327
2 0.482116 0.597784 0.051581 0.034639
3 0.486446 0.575301 0.038027 0.008606
2 0.485881 0.568201 0.046687 0.024096
3 0.686182 0.403292 0.040286 0.009682
2 0.685335 0.398343 0.046122 0.025602
3 0.536333 0.369944 0.022967 0.00796
2 0.542828 0.364888 0.042733 0.022806
3 0.532944 0.414479 0.024096 0.010542
2 0.539345 0.408133 0.044051 0.027108
8 0.354575 0.397913 0.034074 0.044966
8 0.689288 0.156411 0.041604 0.031411
7 0.605704 0.274634 0.063065 0.017427
6 0.60561 0.274957 0.064383 0.018933
8 0.747082 0.151355 0.028426 0.023881
