3 0.13526 0.826915 0.029932 0.008391
2 0.135542 0.821321 0.036898 0.024742
3 0.19343 0.81605 0.029556 0.009036
2 0.193524 0.811209 0.035015 0.023021
3 0.260166 0.800129 0.025979 0.009036
2 0.259789 0.79475 0.03125 0.022806
3 0.327278 0.846816 0.031438 0.007315
2 0.326807 0.840684 0.036145 0.023451
3 0.306664 0.807336 0.013554 0.037651
2 0.303934 0.806799 0.023155 0.041308
5 0.335184 0.655874 0.023155 0.005379
4 0.32756 0.655228 0.03991 0.015706
5 0.353163 0.611984 0.021084 0.004088
4 0.344974 0.611231 0.039721 0.018503
5 0.411239 0.65114 0.025414 0.005379
4 0.411427 0.64759 0.02692 0.015921
5 0.61154 0.608111 0.015248 0.004088
4 0.608057 0.609187 0.024473 0.00753
