3 0.141943 0.407595 0.024473 0.006239
3 0.179311 0.409423 0.021273 0.006885
3 0.244729 0.405228 0.024849 0.005379
3 0.1234 0.49204 0.023532 0.006454
3 0.214044 0.482143 0.021461 0.005164
3 0.268166 0.488597 0.017508 0.006024
3 0.32276 0.55185 0.029932 0.008176
3 0.415569 0.491932 0.028426 0.010972
3 0.542451 0.476872 0.028803 0.0071
2 0.141378 0.40512 0.027861 0.01506
2 0.124906 0.487952 0.031062 0.018503
2 0.214514 0.478378 0.030685 0.016997
2 0.178652 0.406519 0.025979 0.015275
2 0.2452 0.402324 0.030685 0.01506
2 0.273814 0.484294 0.034074 0.017642
2 0.322666 0.547225 0.035768 0.021299
2 0.541604 0.472676 0.033886 0.018503
2 0.415474 0.488059 0.034262 0.023451
3 0.435994 0.422117 0.013931 0.006885
2 0.441171 0.418352 0.027673 0.017427
3 0.271367 0.747096 0.02052 0.010112
3 0.256965 0.869406 0.019202 0.015491
3 0.365399 0.751291 0.022214 0.011188
3 0.348174 0.879733 0.022779 0.012478
3 0.495764 0.720202 0.03558 0.010112
3 0.616058 0.73096 0.036709 0.009251
3 0.736634 0.729776 0.036145 0.007745
3 0.848833 0.725151 0.034262 0.009251
3 0.977598 0.729131 0.033509 0.015491
3 0.19023 0.738812 0.01939 0.009036
3 0.174981 0.840039 0.015248 0.012263
2 0.197854 0.731605 0.038404 0.026463
2 0.181194 0.833907 0.03445 0.03012
2 0.265531 0.862306 0.039345 0.034423
2 0.279085 0.741394 0.04198 0.028399
2 0.373306 0.74559 0.040663 0.028614
2 0.354575 0.872096 0.044992 0.032487
2 0.494823 0.714716 0.040474 0.026248
2 0.615023 0.723752 0.041416 0.027539
2 0.734657 0.722676 0.042357 0.025818
2 0.84648 0.717836 0.043486 0.025602
2 0.975245 0.722461 0.044239 0.031411
3 0.567959 0.30142 0.025226 0.005164
2 0.568054 0.299699 0.029932 0.01506
3 0.622553 0.195998 0.024849 0.003442
2 0.622929 0.198042 0.027861 0.010112
3 0.440418 0.181583 0.022779 0.004733
2 0.4407 0.184273 0.025602 0.011403
3 0.443524 0.235155 0.021461 0.003873
2 0.444089 0.237091 0.027108 0.012048
