3 0.207452 0.363141 0.021635 0.010897
2 0.212019 0.358173 0.037981 0.026603
3 0.190745 0.408974 0.021875 0.010256
2 0.197596 0.404808 0.04375 0.026923
3 0.191106 0.452244 0.022596 0.010256
2 0.196635 0.447115 0.042788 0.026282
3 0.040986 0.440064 0.031971 0.016667
2 0.042428 0.435096 0.041587 0.033013
3 0.011538 0.492468 0.020192 0.008654
4 0.020192 0.484936 0.039423 0.026923
3 0.173918 0.53125 0.023317 0.009295
2 0.18137 0.525481 0.041587 0.027244
3 0.183534 0.569551 0.024279 0.011539
2 0.189784 0.563782 0.042548 0.030769
3 0.146875 0.627083 0.025481 0.009295
2 0.153606 0.619712 0.047596 0.030449
3 0.1375 0.679968 0.025481 0.011859
2 0.144351 0.671635 0.047837 0.032372
3 0.292067 0.56859 0.0375 0.01282
2 0.291106 0.562019 0.044712 0.030449
3 0.379087 0.516827 0.038462 0.011859
2 0.378606 0.512019 0.042788 0.029167
3 0.378125 0.610256 0.041346 0.010256
2 0.377644 0.603526 0.045673 0.028846
3 0.46887 0.590705 0.023798 0.009615
2 0.475601 0.584936 0.04351 0.026923
3 0.509976 0.557372 0.022837 0.008974
2 0.516947 0.550481 0.041587 0.026603
3 0.80637 0.644872 0.01226 0.038462
2 0.799399 0.639103 0.030048 0.057051
8 0.831851 0.640224 0.035337 0.050321
8 0.89988 0.638301 0.044471 0.033013
3 0.922236 0.621474 0.013702 0.035256
2 0.930529 0.629006 0.035096 0.05609
