7 0.836691 0.357573 0.058923 0.027539
6 0.836502 0.357896 0.063818 0.032057
8 0.769578 0.352625 0.067018 0.05938
8 0.21988 0.626506 0.048193 0.043029
8 0.059676 0.835198 0.052334 0.040447
8 0.124059 0.774849 0.047063 0.038081
8 0.121235 0.81207 0.04631 0.040663
8 0.300452 0.702022 0.033509 0.027539
8 0.30064 0.814759 0.052711 0.057229
8 0.416698 0.586812 0.047252 0.039802
8 0.41378 0.63608 0.045934 0.037651
8 0.41651 0.689114 0.049511 0.039157
8 0.514025 0.612199 0.049511 0.042384
8 0.526167 0.667169 0.054593 0.04432
8 0.541604 0.702775 0.051205 0.039802
8 0.48334 0.80454 0.051393 0.041523
8 0.606551 0.759144 0.051205 0.039802
8 0.599021 0.700624 0.051205 0.044535
8 0.670275 0.687285 0.051393 0.041523
8 0.670275 0.743976 0.052899 0.037435
8 0.859281 0.720417 0.048758 0.038081
8 0.867752 0.75667 0.048758 0.037866
8 0.979575 0.574441 0.040474 0.031842
7 0.790098 0.636188 0.039533 0.013769
6 0.790098 0.636295 0.041416 0.016566
7 0.90625 0.631992 0.044804 0.018718
6 0.905685 0.631454 0.047063 0.022806
7 0.327372 0.737414 0.03878 0.029045
6 0.327748 0.737199 0.041416 0.032057
7 0.48494 0.733864 0.040663 0.021084
6 0.485222 0.734294 0.043486 0.024957
7 0.032662 0.638124 0.039345 0.0142
6 0.033415 0.638339 0.042733 0.018503
8 0.486822 0.866717 0.051581 0.041523
7 0.615964 0.836489 0.055723 0.050775
6 0.617093 0.838425 0.062877 0.059811
