2 0.51238 0.533654 0.04399 0.028205
3 0.50601 0.542147 0.025 0.009936
8 0.57524 0.541026 0.037981 0.030128
8 0.615745 0.540865 0.041106 0.031731
8 0.578005 0.572917 0.039183 0.029808
3 0.692067 0.582212 0.024519 0.009936
2 0.697356 0.575 0.046635 0.028205
3 0.712861 0.536538 0.019471 0.008333
2 0.716707 0.527885 0.046394 0.029487
3 0.809495 0.55641 0.023317 0.010256
2 0.815144 0.549519 0.045673 0.028526
3 0.80637 0.484135 0.036298 0.008013
2 0.805409 0.477564 0.04399 0.025
9 0.805168 0.495353 0.028606 0.005449
3 0.926322 0.459295 0.035817 0.008974
2 0.923918 0.456891 0.043029 0.025321
7 0.327284 0.556891 0.033413 0.009936
6 0.327284 0.556891 0.035337 0.011859
3 0.827764 0.589103 0.02524 0.008974
2 0.832332 0.582692 0.047837 0.030128
