3 0.281438 0.494729 0.023343 0.00796
2 0.281815 0.492147 0.029744 0.017857
3 0.478916 0.454066 0.025226 0.010542
2 0.478539 0.451592 0.030497 0.020654
3 0.621612 0.495697 0.024849 0.005164
2 0.620764 0.492147 0.029179 0.015275
3 0.678652 0.509682 0.01506 0.006454
2 0.681852 0.505594 0.027861 0.015491
3 0.142978 0.733541 0.02805 0.009682
2 0.142413 0.730637 0.034074 0.024096
3 0.201713 0.739135 0.02692 0.00796
2 0.200772 0.733864 0.031815 0.020654
3 0.26346 0.734079 0.02805 0.008176
2 0.262613 0.728808 0.034262 0.021299
3 0.349021 0.766674 0.018072 0.008391
2 0.353916 0.761941 0.033886 0.020869
5 0.510542 0.68395 0.061747 0.01506
4 0.486352 0.690942 0.118788 0.041523
3 0.506965 0.663834 0.029744 0.010112
2 0.505836 0.659531 0.034639 0.020869
3 0.636766 0.679862 0.029179 0.007745
2 0.635542 0.675129 0.033886 0.021084
5 0.707455 0.774096 0.048193 0.026248
4 0.707455 0.774527 0.055346 0.032702
3 0.851751 0.69546 0.025414 0.010542
2 0.850056 0.69148 0.032568 0.021084
3 0.908038 0.691803 0.025038 0.009251
2 0.905215 0.687392 0.032568 0.020654
5 0.487293 0.3125 0.014872 0.004948
4 0.48814 0.314221 0.017319 0.012263
5 0.561182 0.369621 0.014307 0.003873
4 0.561182 0.369514 0.018072 0.00667
5 0.763366 0.352625 0.01619 0.004733
4 0.763742 0.354346 0.019955 0.011618
