1 0.114928 0.18438 0.032191 0.012048
1 0.112199 0.193524 0.030873 0.011833
0 0.119541 0.188038 0.060994 0.055938
5 0.323701 0.224075 0.036333 0.009682
4 0.315418 0.224828 0.055911 0.013339
5 0.318336 0.323795 0.038027 0.008176
4 0.308358 0.324333 0.060617 0.014415
5 0.306852 0.43438 0.040663 0.007745
4 0.296781 0.434918 0.062688 0.013985
3 0.466585 0.357573 0.025414 0.005163
2 0.466303 0.354669 0.027108 0.013985
3 0.54791 0.28636 0.02692 0.005594
2 0.547816 0.284639 0.029367 0.013769
3 0.930535 0.421041 0.02372 0.005594
2 0.929405 0.418029 0.028991 0.01463
3 0.987764 0.424268 0.022967 0.006885
2 0.986446 0.421579 0.026732 0.015706
3 0.104386 0.734509 0.022026 0.006454
2 0.10401 0.729776 0.025791 0.019363
3 0.103539 0.792061 0.022967 0.010972
2 0.103727 0.787436 0.027108 0.023236
5 0.808264 0.260542 0.052146 0.009036
4 0.808264 0.260542 0.055535 0.012048
3 0.965644 0.643718 0.024661 0.009036
2 0.964514 0.640168 0.029932 0.019578
