3 0.099398 0.159208 0.031627 0.012909
3 0.170087 0.160176 0.031062 0.009682
7 0.097421 0.395869 0.027673 0.011188
7 0.086973 0.335521 0.033886 0.009251
7 0.156721 0.397913 0.014495 0.041523
7 0.197854 0.369406 0.040286 0.008176
7 0.201995 0.405873 0.040663 0.009251
7 0.203313 0.439759 0.040663 0.009036
7 0.248306 0.440082 0.040663 0.00753
7 0.301299 0.441265 0.044616 0.010757
6 0.087067 0.335951 0.036333 0.012263
6 0.097044 0.396084 0.031062 0.0142
6 0.20256 0.406519 0.044428 0.011833
6 0.197854 0.369944 0.044428 0.011833
6 0.203502 0.439974 0.044428 0.011188
6 0.248588 0.440727 0.04311 0.010112
6 0.301581 0.441158 0.04744 0.012694
6 0.15625 0.398236 0.018825 0.045181
7 0.292357 0.417384 0.024849 0.028399
6 0.292922 0.418029 0.029367 0.031411
3 0.105233 0.462027 0.027861 0.008821
2 0.103069 0.456648 0.034074 0.02259
2 0.09808 0.153292 0.037274 0.029045
2 0.16971 0.153722 0.034827 0.026463
7 0.808453 0.389845 0.058923 0.020224
6 0.80817 0.390168 0.062877 0.023881
8 0.805535 0.435779 0.065136 0.056153
