1 0.066106 0.251603 0.032692 0.010897
1 0.070312 0.243269 0.029567 0.010256
0 0.072837 0.247917 0.069231 0.045192
1 0.09988 0.475801 0.055048 0.014423
0 0.102764 0.459615 0.075721 0.055128
1 0.483654 0.424038 0.055769 0.014103
0 0.484014 0.408814 0.06226 0.049679
0 0.628606 0.491987 0.058654 0.016667
0 0.627404 0.474519 0.066827 0.056731
1 0.715986 0.383654 0.049279 0.017308
0 0.714663 0.369872 0.0625 0.051923
3 0.963462 0.640224 0.012019 0.004167
2 0.965385 0.636859 0.024519 0.016026
3 0.904928 0.642147 0.01226 0.005449
2 0.90649 0.638462 0.025481 0.014744
3 0.799159 0.628365 0.014183 0.00609
2 0.796154 0.631731 0.024519 0.014103
3 0.732812 0.633814 0.013702 0.005449
2 0.735697 0.630288 0.023798 0.014423
3 0.55 0.788942 0.014904 0.005449
2 0.552764 0.784455 0.02476 0.016346
3 0.551442 0.844391 0.014423 0.00609
2 0.554928 0.839423 0.025721 0.017308
3 0.58137 0.848077 0.015144 0.009615
2 0.585697 0.844872 0.026202 0.022436
3 0.610817 0.845994 0.014423 0.00609
2 0.614664 0.841827 0.025962 0.017628
3 0.605889 0.796635 0.014183 0.006731
2 0.609736 0.792628 0.02476 0.017949
3 0.639663 0.78718 0.013942 0.00641
2 0.644111 0.782852 0.026683 0.016346
3 0.69363 0.760737 0.014663 0.008013
2 0.696514 0.75641 0.027164 0.017949
3 0.810096 0.750641 0.023077 0.008974
2 0.809375 0.746955 0.026923 0.019551
3 0.930529 0.852404 0.015385 0.008013
2 0.933413 0.848878 0.026442 0.020192
3 0.959495 0.86282 0.016106 0.007692
2 0.964183 0.858494 0.029327 0.017628
3 0.647957 0.845833 0.016587 0.008333
2 0.650481 0.841987 0.026923 0.019872
3 0.700962 0.844712 0.015385 0.007372
2 0.704447 0.840385 0.026683 0.017308
3 0.830889 0.842148 0.024279 0.009936
2 0.829688 0.83766 0.028125 0.020833
