7 0.653238 0.336489 0.037651 0.006024
6 0.653144 0.336489 0.041604 0.007315
7 0.646084 0.302926 0.036145 0.005594
6 0.646178 0.303034 0.038215 0.00667
3 0.864458 0.552926 0.011295 0.005163
2 0.86587 0.551097 0.018261 0.012694
3 0.842809 0.540878 0.011295 0.003873
2 0.84488 0.538726 0.022214 0.011618
3 0.822948 0.536467 0.018637 0.003657
2 0.820783 0.533455 0.024096 0.011403
3 0.727221 0.546149 0.020331 0.003657
2 0.726186 0.543137 0.024661 0.012694
8 0.330949 0.557982 0.024096 0.016566
8 0.116246 0.657487 0.025414 0.019363
8 0.097797 0.710521 0.024285 0.023021
8 0.235693 0.671041 0.026732 0.020654
8 0.236446 0.635435 0.03012 0.020439
8 0.27372 0.725796 0.026355 0.018718
8 0.305817 0.726549 0.027297 0.021515
8 0.282097 0.691157 0.027297 0.020439
8 0.284168 0.659423 0.027297 0.020224
8 0.173569 0.710951 0.028238 0.02259
8 0.182041 0.678356 0.029744 0.021945
8 0.188535 0.648128 0.024661 0.019578
8 0.363234 0.671579 0.023908 0.020009
8 0.358057 0.708584 0.025602 0.0213
8 0.410203 0.692556 0.025602 0.020654
8 0.405873 0.721601 0.026355 0.022375
8 0.468844 0.732035 0.016378 0.020439
8 0.468938 0.695783 0.02372 0.022806
8 0.46555 0.661037 0.024473 0.023021
8 0.587538 0.718158 0.026355 0.024527
8 0.620764 0.719126 0.026167 0.023451
8 0.621141 0.695353 0.026167 0.023666
8 0.656062 0.691588 0.024096 0.023021
8 0.651732 0.715577 0.025602 0.020654
5 0.598739 0.658025 0.022402 0.0071
4 0.598739 0.657917 0.024661 0.008606
3 0.704349 0.688145 0.005836 0.015706
2 0.700584 0.684596 0.015625 0.030981
8 0.699266 0.727517 0.024661 0.030766
8 0.737293 0.683197 0.023532 0.023451
8 0.798004 0.670073 0.027485 0.023451
7 0.758377 0.707078 0.061559 0.017427
6 0.758001 0.706971 0.065324 0.021515
7 0.82436 0.707078 0.019578 0.05099
6 0.82323 0.707509 0.02372 0.054432
3 0.883095 0.686317 0.021084 0.005594
2 0.882154 0.682982 0.025226 0.014845
3 0.901732 0.648236 0.012425 0.005164
2 0.90192 0.644793 0.018449 0.013339
3 0.86634 0.631347 0.018449 0.0071
2 0.865023 0.62855 0.021837 0.013985
3 0.841209 0.657272 0.011483 0.006454
2 0.843279 0.654798 0.020896 0.015706
3 0.96395 0.722138 0.020896 0.006239
2 0.961973 0.718804 0.027108 0.015491
