1 0.159736 0.326763 0.05024 0.009295
0 0.166346 0.319551 0.067788 0.028846
1 0.354567 0.338301 0.053846 0.015064
0 0.355889 0.32468 0.064183 0.045513
1 0.530649 0.363301 0.053606 0.015705
0 0.529928 0.35609 0.056971 0.034615
1 0.699159 0.340385 0.049279 0.007692
0 0.695913 0.333494 0.063942 0.024038
1 0.888462 0.362981 0.050481 0.020833
0 0.879928 0.35609 0.069952 0.039103
1 0.035337 0.580288 0.069712 0.016987
0 0.045192 0.5625 0.090385 0.061538
1 0.415625 0.577083 0.073558 0.030449
0 0.415505 0.563301 0.084856 0.068269
1 0.680649 0.540865 0.06899 0.013141
0 0.677284 0.526282 0.082933 0.050641
