3 0.540851 0.388124 0.01619 0.006454
2 0.545087 0.384036 0.028803 0.018933
1 0.072666 0.206863 0.039533 0.012694
0 0.068148 0.190835 0.087726 0.053787
1 0.474868 0.177281 0.048005 0.011188
1 0.474303 0.188791 0.048005 0.009682
1 0.485599 0.165448 0.02805 0.009036
0 0.483716 0.172225 0.081514 0.057874
1 0.795651 0.221063 0.035956 0.014845
0 0.780215 0.202022 0.079631 0.063683
3 0.774285 0.651893 0.025979 0.007315
2 0.772967 0.647268 0.030874 0.019578
3 0.557323 0.679432 0.029179 0.006024
2 0.556664 0.674591 0.032756 0.018718
8 0.567959 0.72074 0.037274 0.008606
3 0.704066 0.732573 0.027861 0.006885
2 0.703125 0.727302 0.032756 0.020009
8 0.414816 0.720525 0.037839 0.006454
8 0.341773 0.720095 0.037086 0.006454
8 0.266284 0.717083 0.037462 0.008176
8 0.280779 0.501398 0.03445 0.00667
8 0.351186 0.501936 0.034827 0.005594
8 0.421687 0.504088 0.035015 0.006024
3 0.33462 0.606067 0.02805 0.007315
2 0.334243 0.601119 0.032191 0.019793
