3 0.600339 0.555508 0.033132 0.012048
2 0.608057 0.547009 0.056476 0.031626
5 0.656438 0.518072 0.079443 0.020224
4 0.638742 0.51775 0.119729 0.026033
5 0.535862 0.675774 0.049134 0.011618
4 0.525508 0.676097 0.078125 0.015275
3 0.519296 0.638769 0.052899 0.015921
2 0.517131 0.631024 0.060994 0.036575
5 0.263366 0.533025 0.032756 0.023021
4 0.258001 0.530013 0.048381 0.034639
5 0.139872 0.50667 0.033509 0.006885
4 0.14006 0.498709 0.038027 0.027108
5 0.051958 0.514092 0.040286 0.020009
4 0.045651 0.511188 0.056664 0.02969
