5 0.245858 0.09972 0.07756 0.012694
5 0.240964 0.120482 0.082078 0.013769
5 0.234375 0.146622 0.082455 0.012263
5 0.234563 0.17287 0.082455 0.012263
5 0.223268 0.198795 0.085467 0.0142
4 0.228163 0.100151 0.120105 0.02173
4 0.222986 0.12145 0.121047 0.020869
4 0.21555 0.147483 0.121988 0.014845
4 0.213761 0.173838 0.127824 0.016351
4 0.203407 0.199548 0.127447 0.018718
5 0.426958 0.082616 0.027108 0.007315
4 0.42677 0.082078 0.029367 0.008821
5 0.537462 0.093266 0.024849 0.004948
4 0.537274 0.093051 0.026732 0.006239
3 0.611446 0.144901 0.021461 0.006239
2 0.612481 0.141889 0.029179 0.014415
5 0.675922 0.208799 0.027297 0.006239
4 0.675828 0.209337 0.028991 0.008606
5 0.419145 0.145116 0.02805 0.006239
4 0.419145 0.145009 0.029556 0.007745
5 0.525696 0.049376 0.023532 0.004518
4 0.52532 0.049053 0.025791 0.006885
5 0.43317 0.046794 0.023343 0.005809
4 0.432888 0.046794 0.025791 0.0071
