3 0.259883 0.090899 0.021649 0.008391
2 0.265248 0.083477 0.041792 0.027108
3 0.383566 0.086274 0.022026 0.009036
3 0.500941 0.0767 0.021837 0.008391
2 0.389778 0.079066 0.042357 0.026893
2 0.505648 0.069815 0.041416 0.025602
3 0.637142 0.101764 0.022779 0.015491
2 0.644861 0.096278 0.044992 0.039802
3 0.725621 0.11435 0.021649 0.010112
2 0.732116 0.108219 0.042169 0.02926
3 0.846386 0.114565 0.020708 0.011403
2 0.852504 0.108219 0.038215 0.030551
7 0.048569 0.337027 0.085843 0.029905
6 0.04904 0.337134 0.09055 0.036575
5 0.140437 0.314221 0.04744 0.010112
4 0.136013 0.313791 0.05817 0.014415
3 0.204537 0.310564 0.029556 0.010542
2 0.203878 0.306261 0.033509 0.023881
3 0.249906 0.306261 0.031438 0.009682
2 0.24887 0.30099 0.036145 0.022805
5 0.254047 0.31605 0.029932 0.007315
4 0.248306 0.31605 0.042545 0.011188
5 0.316642 0.32003 0.024473 0.00753
4 0.313159 0.32046 0.032191 0.009682
3 0.322383 0.353916 0.019014 0.011618
2 0.325019 0.354561 0.041227 0.022806
5 0.322948 0.376614 0.022779 0.0071
4 0.319748 0.376291 0.031438 0.009466
3 0.318995 0.394471 0.018261 0.00667
2 0.322101 0.389738 0.03238 0.018287
5 0.375659 0.33068 0.032568 0.007315
4 0.369635 0.33025 0.045745 0.012048
3 0.376412 0.351549 0.031815 0.006885
2 0.375188 0.345525 0.035768 0.021084
3 0.432135 0.338748 0.034827 0.010972
2 0.431476 0.332293 0.042922 0.026893
5 0.434017 0.249139 0.047251 0.010327
4 0.42837 0.249355 0.060429 0.0142
5 0.498494 0.336812 0.020708 0.005809
4 0.494352 0.336704 0.030874 0.010757
3 0.48814 0.380701 0.019202 0.010112
2 0.493411 0.373709 0.033886 0.025818
5 0.64279 0.264307 0.032944 0.00796
4 0.637048 0.262694 0.04631 0.013339
3 0.638084 0.296579 0.032191 0.008821
2 0.638178 0.29034 0.036145 0.02216
5 0.649849 0.387909 0.028991 0.006885
4 0.654179 0.388232 0.039533 0.010542
5 0.726562 0.302388 0.036333 0.00753
4 0.719691 0.302388 0.051958 0.015275
3 0.487481 0.892965 0.003577 0.00796
2 0.486258 0.891781 0.012048 0.015921
