5 0.747647 0.061424 0.029932 0.009682
4 0.741717 0.059273 0.045181 0.020439
3 0.751883 0.024742 0.020708 0.007315
2 0.750659 0.023343 0.024661 0.013985
3 0.682041 0.04744 0.020331 0.003227
2 0.681946 0.045719 0.022779 0.009251
3 0.688065 0.085521 0.020708 0.004088
2 0.687971 0.083154 0.023908 0.011403
5 0.729104 0.114565 0.025602 0.004948
4 0.729198 0.114673 0.026544 0.007315
3 0.711502 0.215684 0.022026 0.004948
2 0.710938 0.212349 0.027673 0.0142
3 0.630648 0.008176 0.019202 0.005164
2 0.630083 0.006347 0.02259 0.011403
3 0.649096 0.044966 0.019202 0.006024
2 0.648061 0.043244 0.023532 0.012909
3 0.652297 0.095202 0.012048 0.004948
2 0.653991 0.093266 0.018825 0.012263
3 0.611634 0.153614 0.020708 0.003873
2 0.61041 0.151463 0.025038 0.012048
3 0.615964 0.216652 0.021837 0.004303
2 0.615117 0.213963 0.025414 0.011833
3 0.56843 0.189114 0.022026 0.006885
2 0.568806 0.186639 0.025038 0.015275
5 0.558641 0.162973 0.027673 0.005379
4 0.545181 0.160607 0.057229 0.014845
3 0.528709 0.146084 0.021273 0.004303
2 0.529085 0.143503 0.023532 0.011188
5 0.55337 0.090146 0.027673 0.005164
4 0.541886 0.087995 0.057417 0.01506
5 0.556758 0.033025 0.040851 0.006239
4 0.547816 0.026893 0.061747 0.022375
3 0.485787 0.212995 0.022402 0.008176
2 0.485034 0.210521 0.025414 0.015706
5 0.311841 0.216114 0.026167 0.00796
4 0.306476 0.214931 0.040286 0.01506
5 0.315794 0.171364 0.026167 0.00796
4 0.310429 0.170073 0.040286 0.014845
3 0.318242 0.116717 0.01939 0.004948
2 0.318242 0.114243 0.022779 0.011618
3 0.365399 0.091114 0.019578 0.003227
2 0.364928 0.089286 0.023155 0.010327
3 0.313724 0.06293 0.01939 0.003227
2 0.313535 0.060886 0.023155 0.010327
3 0.265343 0.16577 0.019014 0.005379
2 0.264684 0.163188 0.022214 0.012694
3 0.254424 0.220202 0.01939 0.004088
2 0.254518 0.217405 0.021837 0.011833
3 0.262989 0.132207 0.017319 0.006239
2 0.262236 0.130379 0.021084 0.013769
