1 0.31238 0.526122 0.065144 0.009936
0 0.313462 0.512019 0.083173 0.048397
1 0.526202 0.548718 0.067308 0.014744
0 0.525601 0.532372 0.080529 0.057051
1 0.753486 0.510897 0.065144 0.011538
0 0.74976 0.495513 0.0875 0.051923
1 0.931971 0.473397 0.05625 0.017308
0 0.922837 0.460096 0.086058 0.051603
3 0.381851 0.770673 0.03101 0.006731
2 0.380769 0.766186 0.036058 0.020192
4 0.684495 0.865224 0.057933 0.019551
5 0.69387 0.864263 0.036298 0.008654
4 0.376683 0.820513 0.032692 0.009615
5 0.376442 0.820833 0.03125 0.007051
