3 0.009856 0.422596 0.018269 0.004167
2 0.011058 0.420353 0.022115 0.011218
3 0.396034 0.523397 0.02476 0.004487
2 0.395072 0.520513 0.028606 0.01282
5 0.495793 0.503526 0.030048 0.00641
4 0.48762 0.503846 0.048798 0.011538
8 0.439423 0.515064 0.029327 0.00641
5 0.675 0.376122 0.030769 0.005449
4 0.662019 0.379647 0.059135 0.016987
5 0.693029 0.46891 0.031731 0.005128
4 0.678365 0.472756 0.064904 0.014103
5 0.719351 0.261859 0.053606 0.010897
4 0.707812 0.26234 0.080048 0.017628
5 0.704207 0.207853 0.052163 0.009295
4 0.694231 0.208333 0.076442 0.016026
3 0.676202 0.568109 0.026442 0.004808
2 0.67524 0.565064 0.032212 0.015385
