1 0.116529 0.222246 0.050828 0.013339
0 0.119258 0.206971 0.069842 0.055077
1 0.276261 0.20923 0.056288 0.020439
0 0.280497 0.194815 0.080572 0.060456
1 0.429593 0.216975 0.057229 0.012694
0 0.430723 0.201592 0.072666 0.055077
1 0.601374 0.175559 0.035203 0.017642
0 0.590832 0.158133 0.070218 0.063683
1 0.721386 0.18395 0.055723 0.012909
0 0.719032 0.16975 0.069465 0.050344
1 0.865682 0.218911 0.026167 0.013985
0 0.853727 0.203421 0.058735 0.054432
1 0.978163 0.243438 0.025979 0.010972
0 0.966773 0.229023 0.05817 0.048838
3 0.017884 0.553464 0.012048 0.005379
2 0.020896 0.550022 0.02372 0.014845
3 0.095068 0.546794 0.012425 0.00796
2 0.098456 0.541093 0.024473 0.021515
3 0.237199 0.58111 0.013931 0.006885
2 0.242188 0.577238 0.028803 0.017212
3 0.413498 0.478701 0.014119 0.004733
2 0.417639 0.474828 0.026544 0.01463
3 0.41331 0.542707 0.023908 0.004948
2 0.412086 0.538834 0.027485 0.015275
3 0.517037 0.479023 0.022779 0.005379
2 0.515907 0.475904 0.025791 0.013769
3 0.517319 0.538942 0.015813 0.006885
2 0.521555 0.534638 0.027673 0.017212
3 0.608998 0.51151 0.013554 0.00796
2 0.61154 0.5071 0.027673 0.021084
3 0.639119 0.55185 0.014684 0.005594
2 0.64279 0.547655 0.02692 0.015275
3 0.697477 0.476549 0.013178 0.008606
2 0.699642 0.472461 0.02692 0.021084
3 0.697477 0.543029 0.013931 0.004733
2 0.700866 0.540232 0.026355 0.015491
3 0.823983 0.535929 0.012425 0.004733
2 0.826713 0.533455 0.023532 0.013985
3 0.921593 0.536682 0.012613 0.00667
2 0.924228 0.533348 0.022026 0.015491
