3 0.087161 0.151355 0.027861 0.015706
2 0.08622 0.146622 0.035015 0.029905
3 0.19616 0.143072 0.030873 0.010327
2 0.196254 0.137263 0.03558 0.024957
3 0.572948 0.230852 0.032191 0.010757
2 0.572289 0.225151 0.037274 0.026463
7 0.07276 0.366179 0.018637 0.009897
7 0.073513 0.37188 0.020896 0.009682
7 0.073513 0.378873 0.020896 0.010327
7 0.073607 0.384789 0.021461 0.011833
7 0.07436 0.390706 0.021461 0.009897
7 0.074831 0.398128 0.021649 0.010542
7 0.079537 0.405658 0.026167 0.010972
7 0.079349 0.414264 0.026167 0.011403
7 0.079443 0.423516 0.026355 0.012263
7 0.19776 0.355314 0.031062 0.010112
7 0.196724 0.365534 0.03012 0.012048
7 0.197289 0.375538 0.030873 0.011833
7 0.197101 0.384036 0.027861 0.009897
7 0.214608 0.392319 0.02372 0.008391
7 0.200489 0.402539 0.029744 0.012048
7 0.200113 0.410714 0.028991 0.008606
7 0.200772 0.41889 0.028803 0.009036
7 0.202278 0.427065 0.031062 0.009466
7 0.284827 0.348107 0.043675 0.010327
7 0.28558 0.356713 0.043675 0.011618
7 0.286898 0.366179 0.043675 0.011618
7 0.28718 0.373924 0.043863 0.008606
7 0.287462 0.381239 0.044051 0.008606
7 0.287462 0.388984 0.044051 0.008606
7 0.287462 0.396084 0.044051 0.008606
7 0.364928 0.352087 0.042733 0.00753
7 0.36474 0.361123 0.042733 0.00753
7 0.364458 0.369514 0.043675 0.00753
7 0.365023 0.377797 0.044804 0.007745
7 0.365776 0.386403 0.047063 0.008176
7 0.364928 0.395762 0.047251 0.00796
7 0.36474 0.413296 0.046499 0.009036
7 0.364081 0.421794 0.045934 0.009682
6 0.095821 0.398666 0.089985 0.123494
6 0.214985 0.398989 0.076807 0.113812
6 0.298004 0.393825 0.078313 0.121127
6 0.3798 0.402108 0.083773 0.124785
3 0.535392 0.353163 0.033133 0.012694
2 0.53558 0.347892 0.039157 0.02926
3 0.503012 0.421687 0.020708 0.009036
2 0.507248 0.416954 0.034074 0.023236
5 0.845068 0.378012 0.044804 0.011188
4 0.833867 0.377151 0.070971 0.023236
3 0.840173 0.395762 0.027485 0.00753
2 0.839232 0.393072 0.030873 0.017642
5 0.921781 0.416093 0.035203 0.007745
4 0.915757 0.415985 0.048758 0.013124
3 0.726374 0.909638 0.019014 0.023666
2 0.730328 0.903184 0.038592 0.04432
