1 0.013582 0.240865 0.026202 0.008654
1 0.011178 0.250801 0.022356 0.007372
0 0.026683 0.244391 0.053365 0.04968
1 0.330769 0.247596 0.039904 0.00609
1 0.326202 0.258654 0.039904 0.007051
1 0.322837 0.268109 0.040865 0.006731
1 0.311659 0.301763 0.042548 0.009295
0 0.335577 0.251923 0.083654 0.053205
0 0.316707 0.305288 0.086298 0.052244
1 0.683534 0.198397 0.045433 0.00641
1 0.684615 0.209295 0.044231 0.007051
0 0.69351 0.204808 0.078846 0.050641
3 0.364543 0.599038 0.026202 0.007051
2 0.365144 0.594231 0.029808 0.01859
3 0.219832 0.572276 0.02524 0.005449
2 0.220312 0.567308 0.029087 0.016026
3 0.119471 0.509615 0.022596 0.008333
2 0.11899 0.505609 0.026923 0.018269
8 0.080048 0.540545 0.052404 0.034936
3 0.965986 0.734936 0.030529 0.007692
2 0.963462 0.729327 0.037981 0.021474
3 0.848798 0.726603 0.030769 0.007051
2 0.847716 0.720513 0.03726 0.021154
5 0.720192 0.761378 0.067308 0.010577
4 0.701202 0.760256 0.107212 0.022436
3 0.574038 0.802885 0.030769 0.008974
2 0.573317 0.795994 0.033173 0.023397
5 0.574399 0.713301 0.06226 0.011859
4 0.554447 0.707212 0.105048 0.026603
3 0.454567 0.748558 0.017308 0.013782
2 0.460216 0.745673 0.033413 0.033013
3 0.38726 0.758013 0.028365 0.008974
2 0.38726 0.751603 0.032212 0.022436
3 0.307452 0.723878 0.017308 0.008013
2 0.31262 0.717628 0.032933 0.022436
5 0.152885 0.775962 0.047596 0.011538
4 0.145312 0.77468 0.066106 0.016667
3 0.153365 0.721795 0.027404 0.007051
2 0.153966 0.716346 0.031971 0.020513
5 0.204087 0.703205 0.055288 0.011538
4 0.184856 0.698718 0.098077 0.024359
8 0.282452 0.82532 0.042788 0.036538
8 0.404087 0.83718 0.038462 0.039744
8 0.442788 0.842788 0.037981 0.036218
3 0.016947 0.697115 0.017067 0.033974
2 0.013462 0.696795 0.026923 0.037179
3 0.598197 0.608654 0.027644 0.009615
2 0.598438 0.603045 0.03149 0.022115
