3 0.358173 0.455769 0.025481 0.008333
2 0.357812 0.452724 0.029087 0.018269
9 0.429327 0.448397 0.046635 0.035256
8 0.421875 0.496314 0.025 0.01891
5 0.419952 0.478686 0.061058 0.013782
4 0.419952 0.477404 0.065385 0.019551
8 0.517428 0.484455 0.022837 0.020192
9 0.501082 0.514904 0.048317 0.036859
9 0.57524 0.458173 0.045673 0.036859
3 0.582091 0.504327 0.024279 0.008013
2 0.58137 0.501282 0.027644 0.017308
8 0.583534 0.520192 0.02476 0.021154
5 0.580168 0.489423 0.058894 0.016026
4 0.580168 0.489103 0.061779 0.021795
3 0.638101 0.462981 0.023798 0.006731
2 0.636298 0.459615 0.028365 0.015385
8 0.66226 0.508814 0.025481 0.020192
3 0.825361 0.529648 0.022356 0.007372
2 0.824519 0.526603 0.027404 0.017308
3 0.755288 0.48782 0.022115 0.010897
2 0.755168 0.484776 0.023798 0.020192
5 0.814183 0.509135 0.055769 0.016346
4 0.814062 0.508494 0.058413 0.022756
8 0.920072 0.553526 0.022837 0.026923
5 0.893389 0.520192 0.055529 0.016667
4 0.89351 0.519872 0.059135 0.022436
3 0.378365 0.335737 0.020192 0.008013
2 0.378966 0.333013 0.023317 0.016026
3 0.135938 0.747917 0.035817 0.014423
2 0.135096 0.742468 0.038462 0.028526
3 0.086298 0.846314 0.023077 0.015064
2 0.088702 0.840865 0.030769 0.029167
3 0.149399 0.811538 0.014183 0.042949
2 0.143389 0.812019 0.028125 0.048397
3 0.645673 0.69391 0.027885 0.008974
2 0.644471 0.688462 0.031731 0.021795
3 0.704087 0.693109 0.028365 0.008654
2 0.702163 0.688141 0.034135 0.021795
3 0.266346 0.644872 0.03125 0.007692
2 0.265986 0.640865 0.035337 0.022115
3 0.396514 0.659776 0.029087 0.008013
2 0.396394 0.655449 0.031731 0.019872
