3 0.503365 0.657051 0.016346 0.005769
2 0.506971 0.653846 0.026442 0.013462
3 0.500361 0.724359 0.016587 0.007051
2 0.504688 0.721955 0.030529 0.016346
3 0.601322 0.732372 0.022356 0.005769
2 0.601202 0.729487 0.026923 0.013462
3 0.602404 0.682532 0.023558 0.009936
2 0.601923 0.679487 0.029808 0.017949
9 0.693389 0.620353 0.032452 0.025321
3 0.822836 0.71282 0.012019 0.014744
2 0.827885 0.715865 0.024519 0.025962
3 0.411538 0.760897 0.013942 0.003846
2 0.410697 0.758173 0.018029 0.011859
3 0.42524 0.715705 0.015865 0.004487
2 0.427524 0.711699 0.026202 0.015705
3 0.145553 0.949359 0.021394 0.007692
2 0.152404 0.943269 0.041827 0.023077
3 0.276442 0.933494 0.020673 0.008013
2 0.28137 0.929167 0.03726 0.020513
