1 0.080048 0.316506 0.041827 0.016346
1 0.075481 0.325481 0.042308 0.016346
1 0.067668 0.372917 0.027163 0.009936
1 0.063221 0.384936 0.029808 0.011538
1 0.059135 0.394712 0.029327 0.009295
0 0.063942 0.37532 0.091346 0.051923
0 0.084615 0.319071 0.089904 0.056731
1 0.430529 0.377724 0.042788 0.013782
0 0.419832 0.360256 0.083413 0.059615
1 0.742788 0.28141 0.030288 0.008333
1 0.744712 0.292788 0.028846 0.008654
1 0.736538 0.304006 0.048077 0.009295
1 0.750601 0.344712 0.027644 0.008654
1 0.751803 0.357212 0.03101 0.008654
1 0.753606 0.36907 0.03125 0.009295
0 0.744832 0.288782 0.080529 0.058974
0 0.750721 0.351122 0.086058 0.060577
5 0.242548 0.523878 0.026442 0.008013
5 0.235216 0.55 0.026683 0.008333
5 0.226082 0.571474 0.026683 0.008333
5 0.21238 0.594071 0.026683 0.008013
5 0.202524 0.620513 0.026683 0.008333
5 0.180409 0.648077 0.026683 0.008333
5 0.313101 0.697917 0.030529 0.006731
5 0.311058 0.73125 0.031731 0.008013
5 0.305048 0.761538 0.031731 0.007692
5 0.298077 0.795513 0.031731 0.007692
5 0.293389 0.833654 0.031971 0.007692
4 0.243029 0.524359 0.03125 0.011538
4 0.235337 0.55 0.03125 0.011538
4 0.226562 0.571314 0.03101 0.011218
4 0.213341 0.594391 0.03101 0.011218
4 0.203005 0.620994 0.03101 0.011218
4 0.180889 0.647596 0.03101 0.011218
4 0.312861 0.698077 0.034375 0.010897
4 0.311058 0.73141 0.034615 0.011538
4 0.305168 0.761538 0.034375 0.011538
4 0.298197 0.795513 0.034375 0.011538
4 0.293389 0.834776 0.034375 0.011218
3 0.464303 0.788141 0.029567 0.009615
2 0.465024 0.782852 0.034856 0.024679
5 0.404207 0.579808 0.02476 0.007051
2 0.404087 0.575962 0.027404 0.019872
3 0.544111 0.615385 0.02524 0.007692
2 0.542428 0.61218 0.030529 0.017949
