1 0.099115 0.235047 0.043863 0.008391
1 0.095821 0.244944 0.044051 0.008391
0 0.104386 0.23849 0.092432 0.050559
1 0.436653 0.221816 0.047251 0.009897
0 0.425828 0.208046 0.088479 0.051205
1 0.824266 0.189436 0.040098 0.016566
0 0.812406 0.168137 0.075113 0.070353
3 0.210938 0.391889 0.008095 0.014845
2 0.207831 0.388662 0.019202 0.029475
3 0.182794 0.460198 0.006401 0.017642
2 0.178746 0.457078 0.017508 0.034639
3 0.274096 0.397913 0.016566 0.006239
2 0.279367 0.394148 0.032003 0.016351
3 0.258566 0.449763 0.017131 0.00796
2 0.262895 0.444385 0.030309 0.021299
3 0.317677 0.392642 0.017131 0.005594
2 0.322666 0.388662 0.031627 0.016566
3 0.382718 0.383821 0.017319 0.005164
2 0.388272 0.380164 0.032191 0.01506
3 0.442959 0.444923 0.018449 0.006454
2 0.447948 0.440404 0.033697 0.019363
3 0.496047 0.384036 0.017319 0.005594
2 0.501035 0.379626 0.032944 0.015706
3 0.495105 0.445891 0.018449 0.00796
2 0.500094 0.440512 0.03445 0.021299
3 0.533509 0.381885 0.018449 0.005164
2 0.538874 0.37812 0.033321 0.016136
3 0.570971 0.383391 0.018072 0.007745
2 0.576901 0.380594 0.032944 0.018933
3 0.607398 0.383821 0.017884 0.006024
2 0.612481 0.380809 0.032191 0.016351
3 0.575584 0.441588 0.01939 0.006239
2 0.579631 0.436747 0.035392 0.018503
3 0.61041 0.443632 0.019767 0.006024
2 0.615493 0.438683 0.035203 0.018072
3 0.64759 0.376291 0.018449 0.005594
2 0.652203 0.372096 0.032944 0.016136
3 0.65352 0.445676 0.019014 0.0071
2 0.658038 0.44148 0.036333 0.019363
3 0.725245 0.381132 0.017507 0.006239
2 0.728822 0.376183 0.034827 0.016997
3 0.780685 0.438683 0.028991 0.008606
2 0.77852 0.434703 0.03445 0.019148
3 0.803087 0.378765 0.026732 0.006239
2 0.800546 0.374892 0.034074 0.016566
3 0.831702 0.38651 0.017319 0.005379
2 0.835561 0.382207 0.033321 0.015275
3 0.846668 0.442771 0.018261 0.007315
2 0.850527 0.437715 0.036145 0.019578
3 0.872176 0.378873 0.017319 0.006454
2 0.874529 0.374892 0.032944 0.016566
3 0.887801 0.440942 0.017319 0.005379
2 0.89119 0.43707 0.033509 0.017857
3 0.908321 0.389845 0.016943 0.004733
2 0.910297 0.385865 0.032568 0.015706
3 0.923946 0.446536 0.018449 0.008391
2 0.926487 0.441157 0.034827 0.023021
3 0.96122 0.444707 0.028238 0.005594
2 0.959902 0.440404 0.034262 0.017212
3 0.943806 0.387263 0.016001 0.006885
2 0.94663 0.383391 0.032944 0.015921
3 0.977974 0.3892 0.015437 0.006454
2 0.980704 0.38565 0.031815 0.016136
3 0.99087 0.439436 0.017131 0.005809
2 0.988234 0.434596 0.023532 0.017642
3 0.141284 0.697397 0.01939 0.009682
2 0.146743 0.691265 0.03558 0.027969
3 0.237293 0.614888 0.020143 0.008606
2 0.242941 0.609617 0.038968 0.023021
3 0.221103 0.691373 0.01939 0.008391
3 0.273814 0.693739 0.021649 0.008391
2 0.279462 0.688038 0.038215 0.024096
2 0.22628 0.684596 0.036521 0.025387
3 0.335467 0.61435 0.021084 0.008391
2 0.340926 0.608972 0.039157 0.024742
3 0.350715 0.691588 0.034639 0.008391
2 0.349209 0.685886 0.039157 0.024527
3 0.387236 0.604561 0.021084 0.007745
2 0.393355 0.598967 0.038592 0.021515
3 0.427805 0.614888 0.020143 0.009466
2 0.434394 0.609832 0.040098 0.023881
3 0.436182 0.692341 0.02259 0.009897
2 0.441077 0.685564 0.041416 0.026893
3 0.52052 0.615641 0.02259 0.009682
3 0.558547 0.62188 0.020708 0.010542
2 0.563818 0.614996 0.037651 0.026893
2 0.52645 0.611123 0.037086 0.025602
3 0.538686 0.698795 0.021273 0.008176
2 0.544992 0.692771 0.040286 0.024957
3 0.61474 0.698472 0.022779 0.008391
2 0.6202 0.692233 0.040474 0.023881
3 0.607587 0.618761 0.020143 0.007745
2 0.613705 0.613167 0.039157 0.022375
3 0.242564 0.861015 0.023532 0.012048
2 0.247929 0.855529 0.041792 0.029905
3 0.28558 0.864673 0.02372 0.009897
2 0.292263 0.85725 0.042357 0.028184
3 0.386672 0.860047 0.024473 0.012694
2 0.394014 0.854454 0.044804 0.031627
3 0.435429 0.861984 0.024096 0.010542
2 0.442959 0.855637 0.043298 0.03012
3 0.483998 0.874892 0.024849 0.013124
2 0.487858 0.865856 0.041227 0.03636
8 0.628483 0.878442 0.064571 0.084768
