7 0.227974 0.237414 0.074548 0.018287
7 0.199078 0.294428 0.070971 0.015275
6 0.227316 0.236553 0.079631 0.023451
6 0.19936 0.294213 0.072666 0.017427
5 0.375377 0.133176 0.031626 0.005164
4 0.365493 0.13253 0.052899 0.008176
5 0.353351 0.238597 0.039157 0.006024
4 0.341962 0.238382 0.063441 0.009036
1 0.503389 0.272913 0.049699 0.008391
1 0.504047 0.284101 0.049511 0.008391
0 0.513742 0.279905 0.08622 0.055508
5 0.506777 0.217836 0.030497 0.005379
4 0.493694 0.217298 0.057794 0.007745
5 0.509413 0.2358 0.033509 0.005164
4 0.49567 0.235155 0.062123 0.007315
1 0.667357 0.290663 0.047816 0.008176
1 0.670275 0.30185 0.048758 0.008176
0 0.679688 0.296902 0.093562 0.054647
5 0.660015 0.229776 0.031627 0.005594
5 0.664533 0.246988 0.031626 0.005594
4 0.647779 0.22827 0.057982 0.009897
4 0.651638 0.245805 0.058923 0.009251
3 0.167263 0.465684 0.02805 0.00667
2 0.166792 0.461381 0.035392 0.017857
7 0.266002 0.425774 0.088479 0.021084
6 0.26619 0.425667 0.09262 0.024742
3 0.239834 0.511726 0.03012 0.00796
2 0.238611 0.506562 0.034074 0.020439
3 0.36427 0.479561 0.030873 0.008606
2 0.363517 0.475151 0.036898 0.019148
7 0.889872 0.456971 0.038027 0.018072
6 0.891001 0.457186 0.042169 0.020654
3 0.824078 0.478055 0.016002 0.006885
2 0.827466 0.475904 0.031815 0.016781
3 0.838479 0.518825 0.015813 0.0071
2 0.84102 0.513769 0.030685 0.020224
3 0.954066 0.414049 0.013554 0.005379
2 0.953125 0.410499 0.018072 0.013769
3 0.926299 0.655874 0.017884 0.012263
2 0.925169 0.650925 0.029932 0.027324
7 0.936559 0.68438 0.045181 0.028399
6 0.937782 0.684596 0.051393 0.032272
7 0.958584 0.740964 0.051581 0.021515
6 0.957643 0.740964 0.056099 0.026248
3 0.978633 0.700086 0.017884 0.008176
2 0.980986 0.694492 0.034639 0.023236
3 0.991999 0.732788 0.015625 0.010327
2 0.989928 0.729346 0.020143 0.024957
