1 0.406062 0.388554 0.029744 0.008176
0 0.39919 0.376936 0.056664 0.038296
1 0.668957 0.391351 0.021273 0.004733
1 0.663121 0.398343 0.03445 0.005379
0 0.669992 0.395331 0.059111 0.03679
5 0.577372 0.581863 0.073419 0.013554
4 0.578502 0.581218 0.081325 0.021299
5 0.582643 0.690404 0.056476 0.012048
4 0.580761 0.688791 0.081325 0.021299
5 0.678746 0.579927 0.033321 0.011833
4 0.679123 0.579389 0.038968 0.015921
4 0.758283 0.578636 0.03878 0.016136
5 0.758283 0.578636 0.033133 0.011833
5 0.688724 0.666308 0.033697 0.011188
5 0.776638 0.655658 0.036709 0.013124
4 0.777673 0.655228 0.03878 0.016136
4 0.688912 0.666738 0.038968 0.015921
5 0.227221 0.593051 0.016943 0.049268
4 0.226939 0.591007 0.025791 0.05852
5 0.316736 0.557982 0.04198 0.010972
4 0.31683 0.557336 0.047063 0.017857
5 0.299511 0.669428 0.044051 0.010972
4 0.29904 0.669213 0.048005 0.017427
5 0.198136 0.717083 0.061559 0.0142
4 0.197948 0.715362 0.064194 0.022375
5 0.389778 0.718804 0.050264 0.012479
4 0.389401 0.717943 0.055535 0.018933
3 0.242188 0.550022 0.014872 0.004088
2 0.242188 0.54744 0.019014 0.010112
3 0.415004 0.695998 0.02052 0.004303
2 0.415098 0.692341 0.023343 0.0142
5 0.792639 0.737199 0.037462 0.012263
4 0.791886 0.736876 0.04198 0.016781
