3 0.068148 0.184596 0.026732 0.009897
2 0.067206 0.17997 0.032003 0.02216
3 0.135448 0.12543 0.029556 0.018072
2 0.133942 0.120374 0.035203 0.030766
3 0.266754 0.126829 0.033133 0.011403
2 0.265437 0.120912 0.037651 0.025387
3 0.413215 0.130164 0.034639 0.012909
2 0.41105 0.124785 0.041604 0.026248
3 0.550922 0.143072 0.033697 0.012478
2 0.550452 0.137909 0.03878 0.027539
3 0.673381 0.181261 0.029744 0.011833
2 0.672252 0.176312 0.036521 0.025602
3 0.786898 0.222569 0.028614 0.010542
2 0.786239 0.217298 0.034827 0.022806
3 0.098362 0.347354 0.029179 0.008821
2 0.097421 0.34176 0.034827 0.02173
3 0.187971 0.40426 0.030685 0.009466
2 0.1859 0.40028 0.037839 0.02259
5 0.270143 0.352948 0.035392 0.009682
4 0.261201 0.351979 0.055158 0.015921
3 0.30497 0.364996 0.011672 0.040663
2 0.3093 0.365318 0.021461 0.04346
5 0.430911 0.391459 0.030874 0.0071
4 0.428181 0.391889 0.040851 0.010972
3 0.434582 0.334445 0.033697 0.00796
2 0.433547 0.329174 0.038027 0.019363
3 0.533038 0.333477 0.033697 0.009466
2 0.533227 0.328959 0.037839 0.024527
3 0.519014 0.389953 0.032003 0.017427
2 0.517413 0.386618 0.038968 0.03012
3 0.572666 0.402431 0.032003 0.008821
2 0.573701 0.398343 0.036333 0.02216
3 0.641943 0.377797 0.025602 0.012909
2 0.639496 0.372096 0.039157 0.027324
3 0.748776 0.378657 0.031815 0.009897
2 0.748494 0.374139 0.036145 0.021945
5 0.892131 0.398451 0.024096 0.006885
4 0.889684 0.398343 0.033886 0.010112
5 0.922063 0.428141 0.009789 0.032702
7 0.921781 0.431906 0.012236 0.042814
3 0.946066 0.392857 0.006212 0.035714
2 0.94823 0.392642 0.012801 0.038726
