5 0.283886 0.10596 0.027108 0.005379
4 0.278144 0.106605 0.039721 0.008391
5 0.278709 0.167814 0.048381 0.009897
4 0.268825 0.167814 0.07003 0.012478
3 0.390154 0.115103 0.01186 0.003012
2 0.393449 0.112737 0.02259 0.009897
3 0.382436 0.203421 0.013366 0.004518
2 0.385919 0.200409 0.023343 0.012694
3 0.467526 0.136188 0.012236 0.003442
2 0.471291 0.133498 0.022779 0.010112
3 0.469974 0.226011 0.019014 0.004518
2 0.470068 0.222999 0.024096 0.012263
3 0.581702 0.203313 0.013178 0.005164
2 0.585279 0.201377 0.024473 0.013769
3 0.362952 0.400065 0.015437 0.005379
2 0.368035 0.395977 0.028614 0.015275
3 0.524191 0.432552 0.025414 0.005379
2 0.523814 0.428571 0.028803 0.015491
3 0.526732 0.336166 0.024473 0.005379
2 0.525602 0.331863 0.026732 0.016136
3 0.609375 0.451484 0.025226 0.008391
2 0.608246 0.448042 0.029744 0.019578
3 0.722138 0.103701 0.014307 0.005594
2 0.720538 0.101226 0.020143 0.012694
3 0.726186 0.14716 0.017508 0.004303
2 0.725621 0.144256 0.020143 0.010542
3 0.739834 0.192771 0.020331 0.006454
2 0.738611 0.190082 0.022779 0.013985
3 0.755554 0.245374 0.021273 0.004948
2 0.754424 0.242147 0.024285 0.012694
3 0.853351 0.263984 0.018825 0.004733
2 0.852127 0.260865 0.022779 0.011833
3 0.839703 0.120159 0.015625 0.006239
2 0.838761 0.11747 0.019767 0.012909
3 0.905215 0.208907 0.016001 0.004303
2 0.903332 0.20611 0.022402 0.011618
3 0.946066 0.219126 0.016002 0.004518
2 0.945877 0.217083 0.022026 0.012048
3 0.940606 0.177711 0.012989 0.003012
2 0.9391 0.175559 0.019014 0.010757
3 0.934017 0.143287 0.013366 0.003873
2 0.932605 0.140813 0.019955 0.010112
