3 0.050922 0.247849 0.013742 0.007315
2 0.054876 0.243761 0.025791 0.018933
3 0.252824 0.207186 0.02259 0.007745
2 0.252165 0.205142 0.025791 0.016566
3 0.259413 0.144148 0.013178 0.005164
2 0.263178 0.140491 0.02259 0.0142
3 0.254518 0.114888 0.013178 0.007745
2 0.257812 0.111553 0.022026 0.016997
3 0.183641 0.141674 0.012989 0.0071
2 0.186935 0.137586 0.022967 0.016997
5 0.073042 0.439759 0.030497 0.013339
4 0.064853 0.440727 0.048758 0.02216
5 0.071066 0.388877 0.017884 0.008821
4 0.06683 0.38963 0.028614 0.012909
5 0.075489 0.352194 0.016943 0.008176
4 0.071348 0.35284 0.026355 0.012909
3 0.126318 0.366502 0.00753 0.030336
2 0.130177 0.36435 0.018261 0.03636
3 0.117752 0.405443 0.022026 0.012263
2 0.11747 0.403507 0.028614 0.020009
3 0.030591 0.635435 0.023908 0.008821
2 0.028991 0.633391 0.03125 0.025387
3 0.043392 0.577022 0.021273 0.008176
3 0.081702 0.579066 0.022214 0.013554
3 0.08782 0.616932 0.024285 0.010542
2 0.043016 0.572504 0.026544 0.019793
2 0.080761 0.574763 0.025979 0.024742
2 0.086314 0.613167 0.028803 0.022806
3 0.112669 0.718158 0.027297 0.012478
2 0.112293 0.714608 0.032944 0.026463
3 0.157568 0.719126 0.027485 0.008821
2 0.156438 0.715146 0.030873 0.020654
3 0.138648 0.62855 0.025414 0.009682
2 0.138837 0.623602 0.031815 0.023881
3 0.155968 0.563683 0.011483 0.032272
2 0.158791 0.563791 0.022402 0.038511
3 0.242093 0.564544 0.027861 0.010757
2 0.241152 0.559596 0.033133 0.024096
3 0.319183 0.028399 0.012989 0.004733
2 0.323419 0.025495 0.024849 0.012694
3 0.515907 0.0696 0.022779 0.00796
2 0.513742 0.067341 0.028238 0.016351
8 0.249435 0.22741 0.03878 0.034854
3 0.326054 0.213318 0.014684 0.005809
2 0.33029 0.209337 0.02805 0.017212
3 0.395896 0.219557 0.024849 0.00667
2 0.394955 0.216437 0.028991 0.015921
3 0.222703 0.653614 0.026732 0.011618
2 0.221668 0.648881 0.031438 0.024527
8 0.372929 0.051528 0.036898 0.026033
8 0.39166 0.114996 0.039345 0.032487
3 0.4407 0.04389 0.014684 0.006454
2 0.444089 0.041523 0.026355 0.0142
8 0.450866 0.125968 0.040286 0.032057
8 0.508377 0.09488 0.038968 0.026678
3 0.51939 0.162758 0.025602 0.00753
2 0.518166 0.160714 0.030309 0.016781
8 0.51459 0.185241 0.042733 0.032702
3 0.455196 0.178356 0.015813 0.005164
2 0.459149 0.174914 0.028991 0.01463
8 0.8173 0.169213 0.044616 0.031196
8 0.316924 0.412973 0.037086 0.032057
8 0.324454 0.353163 0.031815 0.028614
3 0.4984 0.370159 0.016001 0.0071
2 0.503012 0.365318 0.032003 0.019363
3 0.434206 0.426743 0.007342 0.014845
2 0.437782 0.428249 0.017131 0.026033
3 0.575772 0.319492 0.026544 0.008176
2 0.573795 0.31605 0.032756 0.018072
8 0.670557 0.307659 0.036521 0.027108
8 0.684206 0.374892 0.038215 0.030766
3 0.742846 0.326592 0.016566 0.009036
2 0.746423 0.323042 0.030497 0.020009
3 0.807229 0.330572 0.024096 0.008821
2 0.805158 0.326915 0.03125 0.018718
3 0.896837 0.333154 0.021837 0.010972
2 0.894672 0.329712 0.028803 0.02259
3 0.963291 0.333692 0.014307 0.009036
2 0.964891 0.328744 0.029556 0.021515
3 0.948795 0.246773 0.009789 0.015921
2 0.953972 0.25 0.021649 0.030981
3 0.327372 0.644793 0.018825 0.009897
2 0.332078 0.638662 0.036145 0.026463
3 0.434394 0.685133 0.019767 0.011403
2 0.439571 0.67954 0.038027 0.026463
3 0.448136 0.574548 0.018637 0.00796
2 0.452184 0.569707 0.035015 0.023666
3 0.525414 0.527216 0.018825 0.009251
2 0.529744 0.521622 0.035015 0.024312
3 0.52645 0.598322 0.02052 0.012048
2 0.530497 0.59219 0.037274 0.027754
3 0.770802 0.525172 0.028426 0.008606
3 0.822101 0.527216 0.026732 0.0071
3 0.841114 0.579066 0.026732 0.0071
3 0.78125 0.599182 0.018072 0.006454
2 0.769767 0.520977 0.035392 0.021299
2 0.821254 0.523021 0.031815 0.019363
2 0.839326 0.574333 0.032191 0.020009
2 0.786239 0.595633 0.034074 0.019578
3 0.907756 0.577775 0.01619 0.0071
3 0.946724 0.577453 0.009789 0.021515
2 0.956419 0.580034 0.037839 0.046472
2 0.910862 0.57358 0.031062 0.019363
8 0.607398 0.600366 0.034074 0.045826
8 0.34648 0.677065 0.05177 0.051205
3 0.065041 0.178894 0.012989 0.0071
2 0.068995 0.175022 0.023908 0.016566
3 0.099209 0.1875 0.013178 0.004948
2 0.101468 0.18438 0.021461 0.013339
8 0.443053 0.018503 0.03558 0.02883
8 0.326525 0.110047 0.023908 0.027754
3 0.587726 0.053034 0.013931 0.004518
2 0.590267 0.049699 0.027297 0.0142
8 0.652862 0.06648 0.028238 0.026678
3 0.740493 0.078098 0.014119 0.005164
2 0.743976 0.074548 0.028991 0.013124
3 0.787086 0.074333 0.021837 0.008391
2 0.785674 0.071751 0.028426 0.015706
