3 0.321536 0.208154 0.043298 0.009251
2 0.320124 0.203528 0.05064 0.021945
3 0.300546 0.278399 0.046875 0.010327
2 0.29744 0.274849 0.05497 0.024742
3 0.291792 0.357573 0.050452 0.01463
2 0.291416 0.350473 0.058735 0.031411
3 0.41378 0.40867 0.055346 0.02259
2 0.409921 0.402861 0.0657 0.043675
3 0.531626 0.382853 0.052711 0.017427
2 0.528897 0.377474 0.063818 0.035499
3 0.786145 0.399957 0.03238 0.010327
2 0.792169 0.394256 0.062124 0.029475
3 0.764119 0.331218 0.029744 0.009251
2 0.770708 0.325947 0.057982 0.026248
3 0.020331 0.720202 0.035392 0.014845
2 0.034544 0.711274 0.069089 0.045181
3 0.121611 0.78722 0.067395 0.018503
2 0.120576 0.77614 0.078125 0.049268
3 0.106928 0.851657 0.065512 0.018287
2 0.105045 0.837887 0.077937 0.052711
3 0.212538 0.805293 0.043298 0.019363
2 0.222327 0.792061 0.07756 0.057444
3 0.195783 0.883391 0.043675 0.018503
2 0.20802 0.868976 0.083584 0.055077
7 0.355516 0.762371 0.108622 0.040663
6 0.354575 0.760757 0.114646 0.049914
3 0.481739 0.80497 0.047816 0.018718
2 0.493599 0.792491 0.087349 0.054002
3 0.500188 0.88167 0.076807 0.027539
2 0.495576 0.868868 0.089797 0.063468
3 0.913686 0.589178 0.054029 0.018287
2 0.908791 0.579174 0.066077 0.043029
3 0.960655 0.683412 0.056852 0.015275
2 0.956043 0.674053 0.070218 0.04346
