8 0.08774 0.860897 0.030288 0.01859
8 0.091346 0.840705 0.03125 0.019872
8 0.09387 0.821474 0.026683 0.014103
8 0.09363 0.805449 0.03101 0.017308
8 0.096755 0.78734 0.030048 0.015705
8 0.105649 0.74984 0.030529 0.01891
8 0.100721 0.769391 0.030288 0.019551
9 0.107452 0.709135 0.032692 0.010577
9 0.099639 0.720673 0.033894 0.009295
9 0.109976 0.733654 0.03101 0.010256
8 0.196635 0.828205 0.028846 0.022436
8 0.217067 0.775481 0.028846 0.023397
8 0.313822 0.761699 0.027163 0.020833
8 0.304447 0.835256 0.027644 0.025641
8 0.4 0.844231 0.028365 0.023718
8 0.386178 0.778045 0.027163 0.024038
8 0.492909 0.820032 0.027644 0.023397
8 0.486058 0.76907 0.026442 0.022115
8 0.520553 0.767468 0.026202 0.021474
3 0.450361 0.754327 0.016106 0.007372
2 0.453245 0.750321 0.024279 0.017949
3 0.19375 0.688301 0.025481 0.009936
2 0.194351 0.684455 0.03149 0.020833
2 0.240986 0.684776 0.03101 0.017628
3 0.242668 0.689102 0.025721 0.00641
2 0.277764 0.713141 0.023317 0.016667
3 0.27512 0.717628 0.016587 0.00641
2 0.315625 0.715545 0.024038 0.01891
3 0.312981 0.719551 0.016827 0.008333
2 0.357212 0.720994 0.026442 0.01891
3 0.352524 0.72532 0.016106 0.007692
3 0.569351 0.690705 0.014663 0.009615
2 0.571274 0.688141 0.021875 0.021154
8 0.583534 0.745994 0.02476 0.022115
8 0.608654 0.747115 0.025481 0.021154
8 0.584976 0.768269 0.02524 0.019231
8 0.586538 0.808974 0.025962 0.021154
8 0.610216 0.76907 0.02476 0.019551
8 0.588101 0.833654 0.027163 0.023077
8 0.647837 0.755449 0.026442 0.024359
8 0.679447 0.76891 0.025721 0.024359
8 0.712861 0.772596 0.027644 0.023397
8 0.652644 0.827404 0.027885 0.024679
8 0.692428 0.833013 0.027644 0.025641
8 0.736298 0.810256 0.03125 0.025
8 0.769712 0.835256 0.028846 0.026923
8 0.803005 0.809776 0.029087 0.022115
8 0.841466 0.81891 0.030048 0.025
8 0.791346 0.757692 0.029327 0.022436
8 0.790865 0.715224 0.026923 0.020192
8 0.747836 0.697756 0.027404 0.021795
8 0.744471 0.754327 0.026923 0.021474
8 0.695072 0.441506 0.023798 0.016987
8 0.241587 0.442788 0.029808 0.023397
8 0.385577 0.438141 0.025 0.019872
2 0.392788 0.420192 0.020673 0.014103
3 0.390385 0.422596 0.0125 0.00609
2 0.403606 0.372436 0.025481 0.019231
2 0.382933 0.347276 0.019712 0.016346
3 0.38137 0.348558 0.011779 0.00609
3 0.4 0.374038 0.012019 0.00641
2 0.528486 0.45593 0.021875 0.015705
3 0.528005 0.458013 0.013221 0.00641
2 0.545793 0.433654 0.020913 0.016026
3 0.544471 0.434295 0.010577 0.003846
