3 0.030649 0.486699 0.033413 0.011859
2 0.03125 0.479968 0.037981 0.027244
3 0.15613 0.461218 0.034375 0.008974
2 0.156731 0.455769 0.042308 0.023718
3 0.136899 0.60016 0.03774 0.008654
2 0.13774 0.594231 0.041346 0.023718
3 0.220312 0.450801 0.033413 0.013141
2 0.221995 0.445673 0.039183 0.026603
3 0.205288 0.570353 0.036538 0.013782
2 0.206731 0.564904 0.041827 0.028526
3 0.395913 0.571314 0.0375 0.008654
2 0.396154 0.564583 0.039904 0.024038
3 0.44988 0.528526 0.011298 0.003205
2 0.449519 0.527404 0.013462 0.008654
3 0.457212 0.572917 0.012981 0.004167
2 0.456851 0.571314 0.015144 0.009295
3 0.454087 0.593269 0.012019 0.003205
2 0.453606 0.591506 0.013942 0.008654
3 0.469832 0.619712 0.01226 0.003526
2 0.469712 0.617308 0.013942 0.010256
3 0.546875 0.56859 0.036538 0.008333
2 0.546514 0.56234 0.041106 0.024679
3 0.601202 0.583333 0.037981 0.010256
2 0.600721 0.577724 0.041346 0.02532
3 0.663462 0.573397 0.022596 0.009615
2 0.670793 0.567628 0.039663 0.026282
3 0.734736 0.506891 0.036298 0.009295
2 0.732572 0.502244 0.04399 0.021795
3 0.807812 0.527244 0.038702 0.009615
2 0.807332 0.521635 0.041587 0.023397
3 0.891466 0.579968 0.040144 0.010577
2 0.890144 0.572436 0.045673 0.028846
3 0.94351 0.546635 0.023558 0.008654
2 0.949639 0.540385 0.04351 0.023718
3 0.450962 0.550481 0.0125 0.005449
2 0.450841 0.549038 0.016587 0.010256
