5 0.320192 0.372917 0.023077 0.008013
4 0.320312 0.372756 0.02476 0.010256
5 0.67488 0.34375 0.05024 0.010577
4 0.665385 0.34391 0.071154 0.013462
3 0.112019 0.835256 0.016346 0.007692
2 0.115865 0.83109 0.032212 0.021154
3 0.24375 0.833013 0.016827 0.007051
2 0.248798 0.827885 0.030769 0.019872
3 0.304928 0.826442 0.015625 0.006731
2 0.309615 0.821955 0.029808 0.019551
3 0.507933 0.835577 0.015385 0.008333
2 0.511779 0.830609 0.028846 0.022115
3 0.561058 0.806731 0.023558 0.008974
2 0.560216 0.802244 0.027163 0.020513
3 0.565986 0.866026 0.02476 0.008333
2 0.565144 0.860897 0.028365 0.020513
3 0.750841 0.89968 0.023798 0.008974
2 0.749399 0.894551 0.028125 0.021795
3 0.776562 0.811378 0.01226 0.005449
2 0.779447 0.806891 0.02476 0.016346
3 0.847236 0.85625 0.015625 0.008013
2 0.851923 0.852244 0.030769 0.021154
