3 0.503577 0.365856 0.023343 0.009682
2 0.509413 0.363167 0.044428 0.024957
4 0.595633 0.30454 0.117846 0.026463
5 0.611163 0.30454 0.08189 0.015706
4 0.823136 0.563576 0.147779 0.043244
5 0.864646 0.56207 0.061747 0.015706
4 0.940512 0.55497 0.094127 0.029905
5 0.957643 0.561424 0.057982 0.013554
4 0.92291 0.641028 0.053652 0.009682
4 0.925828 0.652001 0.05497 0.010542
5 0.9327 0.640813 0.032944 0.0071
5 0.934959 0.651786 0.033697 0.008391
3 0.738046 0.702238 0.029932 0.013339
2 0.742564 0.692771 0.056664 0.037866
3 0.562971 0.663942 0.023155 0.030981
2 0.561935 0.653184 0.049699 0.065404
7 0.18477 0.33025 0.040851 0.012909
6 0.183829 0.330465 0.045369 0.01506
5 0.110693 0.393072 0.042545 0.033563
4 0.110505 0.393287 0.045557 0.037005
3 0.251224 0.206433 0.028426 0.00753
2 0.250094 0.209015 0.035956 0.016136
3 0.324078 0.102302 0.024661 0.00796
2 0.323513 0.100904 0.031438 0.015491
3 0.503389 0.138877 0.028991 0.005379
2 0.502071 0.136188 0.033133 0.012478
3 0.658321 0.190942 0.032003 0.005379
2 0.657662 0.188468 0.036709 0.018072
4 0.723174 0.172117 0.052523 0.007315
5 0.728351 0.172009 0.032003 0.004518
3 0.521743 0.455895 0.038968 0.011188
2 0.519296 0.450624 0.045745 0.028184
