3 0.183735 0.6108 0.029744 0.016351
2 0.183829 0.604669 0.038215 0.032057
3 0.264119 0.612306 0.021461 0.012909
2 0.271084 0.608326 0.044428 0.032917
3 0.35401 0.628012 0.039721 0.015921
2 0.353916 0.621665 0.04744 0.034639
3 0.469315 0.837995 0.043298 0.012048
2 0.467715 0.829819 0.05177 0.033133
3 0.62933 0.834768 0.042545 0.017212
2 0.62933 0.829389 0.052334 0.046041
3 0.677052 0.809918 0.010354 0.053571
2 0.682323 0.808412 0.025038 0.060456
3 0.623306 0.638016 0.038404 0.012263
2 0.622929 0.630594 0.044051 0.02926
3 0.066547 0.776571 0.030685 0.014415
2 0.068148 0.768933 0.03878 0.030981
3 0.151167 0.810564 0.035768 0.014845
2 0.151073 0.802603 0.04311 0.033778
5 0.321819 0.665448 0.029179 0.012048
4 0.32163 0.665232 0.031438 0.0142
3 0.957078 0.586166 0.03125 0.011403
2 0.954254 0.582293 0.041792 0.029905
