3 0.236446 0.181153 0.021461 0.005164
2 0.23654 0.178464 0.024661 0.012263
3 0.215832 0.23225 0.014872 0.003227
2 0.216773 0.230314 0.017884 0.008391
3 0.639119 0.084445 0.018072 0.004948
2 0.638366 0.083369 0.022214 0.010112
3 0.65305 0.182552 0.020708 0.006239
2 0.652108 0.179862 0.024473 0.0142
3 0.66058 0.233219 0.021837 0.006454
2 0.659544 0.230422 0.025038 0.013769
3 0.707078 0.085951 0.019578 0.00796
2 0.70689 0.083799 0.022214 0.013985
5 0.727598 0.186209 0.034639 0.010112
4 0.720162 0.184273 0.05177 0.016136
3 0.801205 0.246988 0.020708 0.005594
2 0.800358 0.243761 0.025038 0.013339
3 0.549416 0.205034 0.021649 0.004733
2 0.548475 0.20213 0.025791 0.013124
