3 0.137236 0.309703 0.033886 0.00796
3 0.121894 0.349075 0.035956 0.009251
2 0.121706 0.344449 0.045745 0.021945
2 0.137331 0.305615 0.042357 0.020009
3 0.079443 0.407702 0.022967 0.007315
3 0.14279 0.390813 0.032568 0.011833
3 0.178746 0.384466 0.034827 0.009036
3 0.25273 0.387586 0.035956 0.008821
2 0.086408 0.402969 0.044804 0.022375
2 0.143919 0.385972 0.037839 0.024096
2 0.180064 0.381347 0.038215 0.023021
2 0.253765 0.383283 0.039157 0.023021
3 0.340267 0.349935 0.035956 0.00753
3 0.333678 0.380809 0.023155 0.008176
2 0.33895 0.345848 0.041604 0.020009
2 0.33942 0.375645 0.040663 0.020654
3 0.440794 0.35596 0.03558 0.012263
2 0.439477 0.351441 0.041604 0.025172
3 0.492752 0.339071 0.032191 0.006454
2 0.491246 0.335306 0.036709 0.017857
3 0.512142 0.427603 0.023908 0.010972
2 0.516566 0.422225 0.036898 0.02216
3 0.584243 0.371773 0.021649 0.009466
2 0.589138 0.369191 0.034827 0.023666
7 0.663874 0.394363 0.029556 0.012048
6 0.664627 0.393825 0.032191 0.014415
7 0.668675 0.414157 0.032003 0.0142
6 0.668392 0.413834 0.034827 0.017427
8 0.886107 0.431261 0.033886 0.035069
3 0.949454 0.441803 0.02805 0.0071
2 0.948419 0.436962 0.03238 0.021084
3 0.920087 0.352517 0.023532 0.00753
2 0.918769 0.348214 0.029932 0.016997
3 0.981457 0.437823 0.016755 0.007315
2 0.984093 0.434273 0.031438 0.020439
3 0.945595 0.337887 0.015813 0.028614
2 0.942959 0.338748 0.024096 0.033348
3 0.149567 0.55185 0.038215 0.010757
3 0.13093 0.659423 0.038968 0.013339
2 0.129612 0.651786 0.048381 0.031627
2 0.14872 0.545719 0.047063 0.028614
3 0.24247 0.516136 0.03878 0.012478
2 0.240305 0.510219 0.044992 0.028614
3 0.345444 0.576162 0.042169 0.009036
2 0.343468 0.569492 0.048005 0.026678
3 0.357587 0.497848 0.013366 0.041738
2 0.351562 0.49957 0.028426 0.045611
7 0.573701 0.54744 0.04311 0.015706
6 0.573795 0.548623 0.04744 0.018503
3 0.572666 0.667491 0.028238 0.010542
3 0.623588 0.619299 0.026544 0.010542
3 0.712255 0.664695 0.042357 0.010112
2 0.579537 0.660392 0.048381 0.029905
2 0.628859 0.612629 0.049511 0.032487
2 0.710467 0.657487 0.050828 0.027108
3 0.759224 0.670396 0.024096 0.010327
2 0.761201 0.663834 0.040851 0.028614
3 0.78125 0.635112 0.012048 0.02926
2 0.787462 0.643718 0.026732 0.054217
3 0.730045 0.52173 0.021837 0.009466
2 0.73494 0.515706 0.036145 0.022375
3 0.779556 0.530766 0.024096 0.009466
2 0.781156 0.524634 0.037462 0.023881
3 0.90898 0.660929 0.035203 0.009897
2 0.906532 0.654905 0.04198 0.026248
