3 0.181005 0.493976 0.016378 0.006024
2 0.185241 0.491071 0.028991 0.016997
8 0.176017 0.521945 0.035392 0.027539
3 0.290663 0.440942 0.02259 0.004518
2 0.290474 0.438253 0.027485 0.013339
3 0.425546 0.473107 0.022402 0.006885
2 0.425452 0.470202 0.024849 0.014845
3 0.438065 0.495912 0.02372 0.004733
2 0.437029 0.492362 0.027297 0.014845
5 0.502071 0.449763 0.029744 0.004948
4 0.497929 0.450194 0.040286 0.00796
7 0.725715 0.442556 0.019955 0.005163
7 0.726845 0.446213 0.019955 0.005163
7 0.759413 0.445676 0.020331 0.006239
6 0.727033 0.443954 0.025226 0.015706
6 0.760825 0.447504 0.025414 0.016351
1 0.45256 0.292491 0.042545 0.012694
1 0.104857 0.266781 0.039157 0.008176
1 0.103069 0.27614 0.037839 0.00796
1 0.09808 0.285607 0.03991 0.00796
0 0.109187 0.270224 0.076807 0.047332
0 0.441547 0.276678 0.076619 0.053787
1 0.970256 0.292814 0.033509 0.009036
1 0.985504 0.314974 0.02259 0.008176
1 0.983904 0.323688 0.031062 0.010972
0 0.972892 0.287543 0.05384 0.024742
0 0.977033 0.320245 0.045934 0.046256
