3 0.371611 0.777216 0.039157 0.024742
2 0.369258 0.7713 0.046122 0.041738
5 0.505836 0.706003 0.026355 0.008821
4 0.501883 0.705787 0.036145 0.011403
3 0.511295 0.832078 0.038404 0.008821
2 0.509977 0.825409 0.042169 0.027754
5 0.76346 0.801097 0.04311 0.010972
4 0.757436 0.800667 0.057417 0.016997
5 0.812406 0.801743 0.023155 0.00753
4 0.8077 0.801743 0.03558 0.012694
3 0.752541 0.77614 0.020896 0.009251
2 0.756871 0.770009 0.035203 0.022806
3 0.822289 0.767857 0.030873 0.009036
2 0.821348 0.762048 0.036145 0.023236
3 0.766754 0.837995 0.035015 0.010757
2 0.764872 0.833477 0.039533 0.02926
3 0.809394 0.850688 0.021649 0.010757
2 0.810712 0.844342 0.031062 0.026033
5 0.81363 0.712242 0.037651 0.010542
4 0.810053 0.711489 0.047063 0.013339
5 0.742658 0.711919 0.041792 0.015921
4 0.739646 0.711489 0.051205 0.018933
