3 0.636954 0.572827 0.052146 0.033348
2 0.644296 0.555615 0.103351 0.078959
3 0.846291 0.323795 0.036709 0.016351
2 0.855798 0.316157 0.07116 0.045826
3 0.937876 0.254518 0.033886 0.011618
2 0.940041 0.247418 0.063441 0.031842
3 0.974209 0.331218 0.051205 0.013985
2 0.966867 0.325624 0.066265 0.041954
3 0.804499 0.189221 0.040474 0.013554
2 0.811182 0.182444 0.079819 0.035284
3 0.129518 0.736553 0.041792 0.017857
2 0.135166 0.722784 0.066265 0.053141
3 0.218656 0.771622 0.051017 0.029045
2 0.230892 0.755056 0.095444 0.073795
3 0.218279 0.603055 0.047628 0.026248
2 0.231645 0.587565 0.090926 0.068417
3 0.142319 0.659746 0.037651 0.017857
2 0.14872 0.649204 0.061747 0.049699
3 0.149849 0.580357 0.055723 0.027754
2 0.147873 0.567771 0.068712 0.059811
3 0.80657 0.623709 0.053276 0.024957
2 0.818054 0.60725 0.108245 0.061317
3 0.939571 0.589501 0.062876 0.016781
2 0.932511 0.575947 0.080384 0.051205
3 0.802899 0.694707 0.050075 0.019363
3 0.81363 0.76151 0.051581 0.018287
2 0.826619 0.7429 0.099021 0.05852
2 0.816359 0.677926 0.100339 0.055077
