3 0.282332 0.164904 0.01899 0.003526
2 0.282212 0.163622 0.022596 0.008013
3 0.345793 0.161378 0.011779 0.003526
2 0.35024 0.160096 0.023077 0.009936
3 0.409135 0.161058 0.015385 0.011218
2 0.409976 0.159455 0.022356 0.017628
3 0.563822 0.361538 0.014183 0.00641
2 0.567428 0.359615 0.026683 0.014744
3 0.572476 0.278846 0.01226 0.003846
2 0.575601 0.276282 0.023798 0.010897
3 0.271034 0.523237 0.025721 0.00609
2 0.269952 0.519391 0.030288 0.016987
3 0.317668 0.512019 0.026202 0.008654
2 0.316587 0.508333 0.029327 0.017949
3 0.423918 0.499199 0.015144 0.006731
2 0.427764 0.495994 0.029087 0.016987
3 0.492308 0.520513 0.015385 0.007051
2 0.496514 0.517949 0.029087 0.017308
3 0.585457 0.541026 0.02524 0.00641
2 0.584375 0.53718 0.028846 0.016026
3 0.704928 0.497436 0.027644 0.005128
2 0.703245 0.494231 0.031971 0.014103
3 0.785457 0.504167 0.025721 0.008333
2 0.783293 0.500641 0.031971 0.019231
3 0.840264 0.509295 0.025721 0.00641
2 0.838101 0.504968 0.031971 0.016987
8 0.425 0.563942 0.031731 0.010577
8 0.524519 0.56907 0.028846 0.007372
3 0.044712 0.796795 0.019231 0.007692
2 0.05024 0.791026 0.037019 0.022436
3 0.138101 0.73718 0.03101 0.014744
2 0.136779 0.732853 0.035096 0.029167
3 0.123197 0.845352 0.033894 0.009936
2 0.123077 0.839744 0.041346 0.025641
3 0.35613 0.689583 0.029567 0.010577
2 0.354808 0.685096 0.033654 0.023397
3 0.345312 0.766186 0.03101 0.014423
2 0.344111 0.76234 0.035337 0.029167
3 0.486058 0.707692 0.027404 0.007051
2 0.485577 0.702885 0.029808 0.020513
3 0.48137 0.766987 0.030048 0.009615
2 0.480409 0.761218 0.033894 0.024359
3 0.558173 0.697276 0.028846 0.009295
2 0.55649 0.692147 0.033654 0.022756
3 0.570673 0.751763 0.029808 0.009936
2 0.569832 0.747756 0.033894 0.023718
3 0.618389 0.747276 0.018029 0.011859
2 0.624279 0.744231 0.031731 0.028846
3 0.688101 0.772276 0.03149 0.015064
2 0.687019 0.766827 0.035096 0.028526
3 0.762139 0.785897 0.03149 0.010256
2 0.759856 0.780449 0.037981 0.024359
3 0.894231 0.686378 0.028846 0.008013
2 0.892668 0.682051 0.034375 0.021795
3 0.918149 0.7625 0.029567 0.008333
2 0.915144 0.757051 0.037981 0.021795
