3 0.262519 0.404367 0.009224 0.004518
2 0.264778 0.402431 0.016001 0.010972
3 0.235787 0.381885 0.007342 0.004303
2 0.237952 0.379841 0.013554 0.009251
3 0.316359 0.385112 0.014495 0.005594
2 0.316171 0.383283 0.016378 0.010542
3 0.325207 0.34617 0.014495 0.006885
2 0.326431 0.343911 0.018072 0.011403
3 0.27805 0.361123 0.012801 0.005809
2 0.278803 0.359402 0.015437 0.010542
3 0.3702 0.342405 0.015249 0.003657
2 0.370294 0.340577 0.016566 0.008606
3 0.402579 0.380379 0.016002 0.008606
2 0.402485 0.378227 0.019202 0.013769
3 0.436935 0.279583 0.01506 0.00667
2 0.436088 0.277969 0.018637 0.012909
3 0.471197 0.245052 0.015437 0.008176
2 0.470821 0.243223 0.018072 0.013124
3 0.469221 0.264415 0.015625 0.006885
2 0.468468 0.262694 0.018637 0.012909
3 0.47581 0.27926 0.016755 0.006454
2 0.47581 0.277431 0.017884 0.011403
3 0.488422 0.310994 0.011483 0.004948
2 0.489552 0.308197 0.016002 0.010972
3 0.476092 0.353485 0.011672 0.006454
2 0.478916 0.349935 0.022214 0.014845
3 0.528426 0.337565 0.019955 0.005164
2 0.527862 0.334875 0.022214 0.012263
3 0.521555 0.285392 0.018637 0.0071
2 0.521084 0.282917 0.021837 0.013769
3 0.524285 0.23935 0.017319 0.006239
2 0.524096 0.237629 0.019202 0.010972
3 0.580761 0.357466 0.013178 0.005809
2 0.58302 0.353808 0.025979 0.013985
3 0.615305 0.314114 0.012989 0.006024
2 0.618505 0.310779 0.025791 0.014845
3 0.619164 0.26108 0.012425 0.004518
2 0.622176 0.257745 0.02372 0.012478
3 0.676487 0.30583 0.014872 0.006239
2 0.679593 0.301958 0.028238 0.014845
3 0.672534 0.211059 0.012613 0.006024
2 0.674887 0.208046 0.024473 0.013769
3 0.754706 0.265813 0.014307 0.005809
2 0.757154 0.261833 0.028238 0.0142
3 0.871894 0.24688 0.026544 0.0071
3 0.94343 0.232896 0.026544 0.0071
3 0.890154 0.149849 0.026544 0.0071
3 0.959243 0.139522 0.026544 0.0071
3 0.837538 0.169643 0.027108 0.00753
2 0.836785 0.167061 0.032003 0.016997
2 0.890154 0.148559 0.032191 0.016997
2 0.958867 0.137801 0.032191 0.016997
2 0.943054 0.231282 0.033697 0.016781
2 0.869729 0.245374 0.033886 0.016997
3 0.134977 0.664802 0.012801 0.004733
2 0.134977 0.661252 0.016566 0.013985
3 0.093844 0.659101 0.008471 0.005379
2 0.09648 0.655981 0.016755 0.013769
3 0.118411 0.583046 0.009036 0.004733
2 0.119258 0.580357 0.012236 0.012263
3 0.150226 0.540878 0.007154 0.006024
2 0.152956 0.537435 0.015248 0.01506
3 0.438912 0.63253 0.014119 0.006024
3 0.384224 0.60596 0.014307 0.005809
3 0.428934 0.556799 0.014119 0.005594
3 0.485599 0.548946 0.023908 0.00753
3 0.546593 0.543782 0.025038 0.006239
3 0.485504 0.475366 0.02259 0.00753
3 0.605139 0.535929 0.023155 0.007315
3 0.686182 0.524096 0.028991 0.008606
3 0.751788 0.515813 0.029179 0.008391
3 0.656156 0.459122 0.026167 0.006454
3 0.432417 0.492577 0.012048 0.004948
3 0.39119 0.512586 0.012048 0.004948
3 0.396837 0.457078 0.012048 0.004948
3 0.430723 0.445676 0.012048 0.004948
3 0.498212 0.627152 0.025038 0.007315
3 0.545463 0.634682 0.026544 0.007745
3 0.590173 0.461919 0.015813 0.006024
3 0.720727 0.404583 0.028803 0.00796
3 0.806946 0.415878 0.019014 0.011188
3 0.831796 0.503765 0.020143 0.010972
3 0.859657 0.601979 0.021273 0.008176
3 0.740399 0.615856 0.019955 0.010112
3 0.701431 0.615534 0.03012 0.009466
3 0.62227 0.62059 0.029179 0.006239
2 0.387801 0.601549 0.024473 0.015491
2 0.44343 0.628335 0.02692 0.016566
3 0.215926 0.54432 0.015437 0.007315
2 0.400508 0.453744 0.022026 0.013769
2 0.39439 0.508821 0.022214 0.01506
2 0.435806 0.489028 0.023343 0.01463
2 0.484752 0.472461 0.024849 0.017212
2 0.431852 0.443201 0.018072 0.013769
2 0.432417 0.552818 0.024096 0.014415
2 0.484752 0.545396 0.026732 0.018503
2 0.544992 0.539694 0.029368 0.017427
2 0.543957 0.629948 0.030685 0.019363
2 0.496988 0.622741 0.028238 0.018718
2 0.604669 0.532164 0.029744 0.017857
2 0.621612 0.615856 0.03238 0.017857
2 0.699736 0.611446 0.036521 0.021945
2 0.685147 0.520546 0.033697 0.018718
2 0.743882 0.610262 0.038215 0.025172
2 0.749247 0.511618 0.036145 0.020654
2 0.83622 0.499785 0.039533 0.023236
2 0.71988 0.400495 0.032003 0.017857
2 0.592997 0.457831 0.028238 0.016781
2 0.654744 0.45525 0.029744 0.015921
2 0.809488 0.410069 0.03878 0.025387
2 0.863893 0.595848 0.040286 0.02259
3 0.265625 0.637909 0.010542 0.005163
2 0.269202 0.633821 0.021084 0.01506
3 0.246988 0.615964 0.010166 0.005163
2 0.249435 0.612522 0.018449 0.013769
2 0.215267 0.541631 0.018637 0.015706
3 0.242282 0.480744 0.009789 0.004088
2 0.2452 0.47827 0.019014 0.012479
3 0.246423 0.512586 0.010166 0.005379
2 0.250282 0.509466 0.020143 0.012909
3 0.474398 0.434596 0.012425 0.006454
2 0.478257 0.430508 0.021649 0.016781
3 0.737011 0.193847 0.012425 0.005164
2 0.738611 0.19105 0.026167 0.0142
3 0.285486 0.322397 0.012236 0.005809
2 0.28558 0.320998 0.013178 0.009036
