3 0.472957 0.764423 0.031971 0.007692
2 0.473077 0.758654 0.036058 0.021795
3 0.381971 0.725481 0.03125 0.013782
2 0.380649 0.720673 0.03726 0.029167
3 0.228125 0.706731 0.009135 0.037179
2 0.224038 0.708013 0.021154 0.042949
3 0.161779 0.738622 0.034135 0.024679
2 0.159615 0.735737 0.042308 0.036859
3 0.667067 0.740865 0.026923 0.015705
2 0.665385 0.736378 0.034135 0.027885
3 0.731971 0.759135 0.029808 0.014423
2 0.729808 0.754167 0.0375 0.029487
3 0.898317 0.723397 0.012981 0.036538
2 0.894351 0.724199 0.026202 0.041346
3 0.727885 0.354968 0.021635 0.007372
2 0.727043 0.351763 0.02524 0.015705
3 0.878726 0.344231 0.009856 0.011538
2 0.883413 0.347276 0.022596 0.024679
