1 0.425734 0.468373 0.093938 0.027539
0 0.396555 0.434918 0.177146 0.128442
1 0.703784 0.49333 0.118035 0.026248
0 0.700489 0.452668 0.14872 0.128227
1 0.96602 0.469449 0.057794 0.023236
0 0.935241 0.436639 0.128765 0.121127
1 0.259036 0.026571 0.065136 0.012263
1 0.255271 0.038619 0.064759 0.011403
1 0.643731 0.107466 0.033697 0.014845
1 0.645049 0.116717 0.034074 0.013985
1 0.645425 0.124892 0.037839 0.013124
1 0.742752 0.079712 0.029179 0.012263
1 0.744823 0.093804 0.031815 0.017642
1 0.733246 0.110262 0.041792 0.017427
1 0.725433 0.132315 0.051393 0.019363
0 0.734469 0.123386 0.089797 0.059596
0 0.739175 0.090684 0.088667 0.08154
0 0.644861 0.104454 0.101845 0.06691
1 0.248212 0.051958 0.070595 0.010542
0 0.264496 0.033993 0.135542 0.067556
