3 0.14976 0.653526 0.031731 0.010897
2 0.14988 0.647756 0.040144 0.025
8 0.190986 0.654167 0.036779 0.028205
3 0.099279 0.589263 0.019712 0.029167
2 0.103486 0.586218 0.031971 0.039744
3 0.134014 0.507372 0.028125 0.011538
2 0.134375 0.503045 0.037019 0.023397
8 0.296274 0.64407 0.033894 0.025962
3 0.468149 0.640545 0.029087 0.009936
2 0.466827 0.635737 0.034135 0.021474
8 0.460457 0.689423 0.019952 0.032692
8 0.556971 0.63093 0.019712 0.033013
8 0.614784 0.560096 0.026202 0.017628
8 0.550601 0.550801 0.026683 0.019551
8 0.673798 0.611058 0.029808 0.020833
3 0.74988 0.651282 0.029567 0.00641
2 0.748558 0.647115 0.036538 0.019872
3 0.009375 0.70641 0.01875 0.011538
2 0.017909 0.703526 0.035817 0.024359
8 0.028125 0.682853 0.039423 0.029167
8 0.431971 0.315064 0.023077 0.014103
8 0.362981 0.310577 0.023077 0.013462
3 0.351923 0.289904 0.006731 0.021474
2 0.354447 0.290385 0.014183 0.026282
8 0.38738 0.243109 0.022356 0.015705
8 0.428245 0.254647 0.023317 0.015064
3 0.498918 0.266026 0.022356 0.007692
2 0.498438 0.2625 0.028125 0.017308
8 0.519111 0.287981 0.022356 0.015064
3 0.453846 0.307212 0.023077 0.006731
2 0.452644 0.304167 0.026923 0.014103
3 0.635938 0.277564 0.014183 0.003846
2 0.638582 0.27516 0.026202 0.0125
8 0.616346 0.319071 0.023558 0.015064
3 0.607933 0.546474 0.027404 0.012821
2 0.605889 0.541987 0.033894 0.025
8 0.159615 0.215545 0.026442 0.015064
