5 0.11474 0.281519 0.024285 0.00667
4 0.104763 0.281304 0.046875 0.009251
5 0.185994 0.281089 0.02372 0.00667
4 0.17564 0.281089 0.046687 0.008821
5 0.250753 0.321429 0.013178 0.019793
4 0.24134 0.308197 0.034262 0.048838
3 0.641378 0.294105 0.018072 0.007315
2 0.641566 0.291523 0.022967 0.01463
3 0.216491 0.472784 0.013554 0.004518
2 0.220256 0.469234 0.026355 0.013769
3 0.248776 0.475258 0.020896 0.004303
2 0.248306 0.472354 0.026732 0.012694
3 0.27052 0.476011 0.013931 0.004518
2 0.273343 0.471923 0.023343 0.013985
3 0.24407 0.501076 0.013742 0.006454
2 0.247929 0.498817 0.027108 0.016566
3 0.299228 0.472461 0.014119 0.005594
2 0.303181 0.468911 0.026544 0.014845
3 0.272779 0.50398 0.013931 0.004948
2 0.277203 0.500861 0.026544 0.0142
3 0.302146 0.491609 0.013554 0.004733
2 0.305723 0.488167 0.026732 0.01463
3 0.332737 0.463533 0.006212 0.014415
3 0.341114 0.492255 0.013554 0.005594
2 0.335279 0.466652 0.016566 0.025387
2 0.344221 0.488597 0.025414 0.015491
3 0.244258 0.536037 0.014119 0.005809
2 0.248306 0.533348 0.027108 0.016781
3 0.280026 0.535284 0.014119 0.006024
2 0.284544 0.53238 0.027673 0.016566
3 0.3702 0.50667 0.014119 0.004733
3 0.366529 0.523881 0.014684 0.006024
2 0.370576 0.520869 0.02805 0.015491
3 0.317865 0.524957 0.014495 0.005594
2 0.321442 0.521299 0.026544 0.015491
2 0.374435 0.503335 0.026355 0.014845
3 0.372082 0.484294 0.013742 0.004733
2 0.375847 0.48096 0.026167 0.014845
3 0.277956 0.4304 0.012613 0.004088
3 0.301581 0.429647 0.012425 0.004733
2 0.280873 0.427388 0.021837 0.013124
2 0.305346 0.426958 0.025226 0.013985
3 0.413027 0.506562 0.023343 0.005809
2 0.411803 0.502904 0.026544 0.015275
3 0.403991 0.538296 0.01506 0.007745
2 0.409074 0.534746 0.029367 0.018718
3 0.459149 0.427281 0.012801 0.005164
2 0.463197 0.424376 0.024661 0.014415
3 0.458396 0.457831 0.014307 0.005163
3 0.492752 0.461166 0.012989 0.004518
3 0.486446 0.476334 0.013178 0.006024
3 0.520237 0.465361 0.013366 0.004733
3 0.521932 0.449118 0.012989 0.004518
2 0.461879 0.455142 0.025038 0.016136
2 0.495576 0.457939 0.024285 0.013124
2 0.491058 0.474075 0.025038 0.014845
3 0.466209 0.508391 0.014119 0.008606
2 0.470915 0.505164 0.026544 0.018933
2 0.525414 0.445998 0.02372 0.013339
2 0.523438 0.462134 0.024661 0.0142
3 0.523908 0.49559 0.013931 0.004948
2 0.527297 0.492255 0.025602 0.0142
3 0.495105 0.511188 0.013554 0.005164
2 0.498588 0.507853 0.023908 0.014415
3 0.484846 0.542491 0.013742 0.005379
2 0.488893 0.538942 0.026355 0.0142
3 0.515813 0.541738 0.014307 0.005164
2 0.519108 0.538511 0.026167 0.015921
3 0.560053 0.43352 0.021837 0.004303
2 0.559959 0.430293 0.022402 0.012909
3 0.617658 0.539587 0.014307 0.004733
2 0.621423 0.537005 0.026355 0.01506
3 0.667639 0.486661 0.012236 0.004733
2 0.670275 0.484079 0.023908 0.01506
3 0.649944 0.434165 0.012236 0.003873
2 0.65192 0.432659 0.025226 0.015491
3 0.68157 0.541738 0.013366 0.005164
2 0.684206 0.537758 0.026167 0.015275
3 0.759413 0.546364 0.013178 0.004518
2 0.762331 0.542599 0.026544 0.01463
3 0.756306 0.5142 0.013366 0.004733
2 0.75866 0.510542 0.025602 0.01506
2 0.685053 0.59886 0.027861 0.015706
3 0.753671 0.468158 0.02052 0.007745
2 0.752824 0.464931 0.024096 0.016781
3 0.473739 0.641459 0.016002 0.005809
3 0.515437 0.64275 0.015437 0.006239
2 0.478351 0.637478 0.028238 0.017642
2 0.519955 0.638877 0.028991 0.018287
3 0.682323 0.603055 0.014872 0.004733
3 0.566736 0.662866 0.014872 0.005594
2 0.571348 0.657917 0.028991 0.015491
3 0.522496 0.681476 0.015625 0.006239
2 0.52692 0.678249 0.028614 0.018287
7 0.490681 0.671687 0.034827 0.009897
6 0.486069 0.672009 0.04744 0.010542
3 0.502824 0.721063 0.01619 0.005809
2 0.506683 0.71676 0.029556 0.016997
3 0.532474 0.703851 0.016002 0.005809
2 0.537086 0.699226 0.029744 0.017642
3 0.568618 0.717298 0.015625 0.006885
2 0.57276 0.713318 0.029179 0.020869
3 0.602504 0.634789 0.014495 0.005379
2 0.606457 0.630486 0.025791 0.017427
3 0.699925 0.647268 0.006401 0.017427
2 0.696913 0.642104 0.015437 0.032057
3 0.720162 0.636188 0.015625 0.005164
3 0.727504 0.674914 0.015625 0.005164
3 0.761389 0.677926 0.015625 0.005163
3 0.759977 0.642642 0.024096 0.006024
3 0.792828 0.672978 0.014495 0.006024
2 0.723268 0.632207 0.029368 0.016136
2 0.75866 0.638554 0.028991 0.016781
2 0.764684 0.673946 0.027108 0.016997
2 0.731363 0.671041 0.030497 0.016781
3 0.706419 0.71762 0.014495 0.005809
2 0.71009 0.713318 0.027108 0.017857
3 0.727221 0.701162 0.005648 0.018503
2 0.731269 0.70611 0.016755 0.034423
3 0.790098 0.712995 0.013931 0.005594
2 0.793486 0.70966 0.026732 0.017427
3 0.828502 0.708907 0.013554 0.006454
2 0.831702 0.70568 0.026732 0.018072
2 0.796687 0.670073 0.028238 0.017427
