1 0.016284 0.33025 0.032191 0.008606
0 0.02212 0.317879 0.043863 0.044535
1 0.164345 0.316265 0.044051 0.012909
0 0.16538 0.302711 0.058547 0.050344
1 0.341679 0.301528 0.051205 0.013124
0 0.34215 0.288081 0.060806 0.047332
8 0.317583 0.239781 0.061747 0.040663
1 0.529273 0.311532 0.05064 0.010327
0 0.527297 0.298623 0.060241 0.040878
1 0.679782 0.319385 0.04631 0.005809
0 0.678182 0.306691 0.059676 0.03722
1 0.843091 0.299591 0.040851 0.011833
0 0.841209 0.286898 0.052899 0.045826
1 0.986352 0.332293 0.027297 0.013554
0 0.983528 0.320245 0.032944 0.045826
