1 0.713221 0.291667 0.076442 0.015385
0 0.710216 0.275 0.091587 0.060256
1 0.347837 0.204167 0.047115 0.012179
1 0.345553 0.212981 0.048798 0.016346
1 0.344952 0.224519 0.046635 0.015064
0 0.355168 0.211699 0.08726 0.063141
3 0.92524 0.684295 0.025481 0.008333
2 0.923077 0.679006 0.033654 0.023397
3 0.860697 0.622756 0.027163 0.00641
2 0.858654 0.61843 0.033654 0.01891
3 0.849639 0.574359 0.025721 0.005769
2 0.847957 0.569391 0.032452 0.018269
3 0.597957 0.653365 0.027644 0.013141
2 0.597837 0.649199 0.030769 0.024038
3 0.535697 0.636699 0.028125 0.009295
2 0.534856 0.632853 0.030769 0.021474
3 0.377524 0.648237 0.028606 0.013141
2 0.376202 0.64343 0.035096 0.027885
3 0.299279 0.603045 0.025962 0.007372
2 0.29976 0.598397 0.033654 0.019231
7 0.191346 0.728846 0.05 0.012821
6 0.191346 0.728846 0.051442 0.014744
3 0.138341 0.717949 0.03149 0.008974
2 0.138462 0.71218 0.040385 0.024359
3 0.14976 0.60657 0.030288 0.013141
2 0.15012 0.602083 0.03726 0.026603
7 0.265745 0.713462 0.071394 0.065385
6 0.265745 0.714263 0.076202 0.069551
