5 0.292545 0.159639 0.014684 0.005594
5 0.287556 0.193417 0.014495 0.005594
5 0.28012 0.231282 0.027108 0.008176
4 0.288498 0.160607 0.023908 0.008821
4 0.28398 0.19417 0.022779 0.008821
4 0.272967 0.232573 0.043675 0.0142
5 0.365305 0.232358 0.028426 0.005164
5 0.364928 0.249785 0.029179 0.005594
4 0.361069 0.232466 0.038027 0.00753
4 0.360975 0.250108 0.038215 0.00796
5 0.50866 0.103163 0.015813 0.004948
4 0.5048 0.103055 0.025038 0.006454
3 0.504706 0.133929 0.012801 0.004088
2 0.505836 0.130917 0.018072 0.011403
5 0.508754 0.157164 0.015625 0.003657
4 0.504424 0.156949 0.025414 0.005809
5 0.506589 0.2017 0.037274 0.010112
4 0.497364 0.200086 0.059488 0.017642
5 0.592244 0.199333 0.036898 0.008391
4 0.582361 0.19901 0.058547 0.015491
5 0.586879 0.120697 0.034827 0.010757
4 0.57756 0.119083 0.056099 0.015706
8 0.708208 0.086919 0.033886 0.023236
8 0.717997 0.143503 0.035392 0.026678
8 0.725339 0.204712 0.037274 0.026893
3 0.102598 0.402754 0.012048 0.005164
2 0.105986 0.399096 0.021461 0.015491
3 0.171593 0.418782 0.01186 0.006239
2 0.176205 0.41491 0.025226 0.017427
3 0.211596 0.407487 0.020708 0.012478
2 0.212538 0.404045 0.025602 0.021945
3 0.222233 0.349505 0.021273 0.0071
2 0.222233 0.346386 0.024285 0.016351
3 0.277673 0.339071 0.021084 0.005164
2 0.278144 0.335306 0.025414 0.013985
3 0.475998 0.399634 0.015248 0.005379
2 0.480233 0.395546 0.028238 0.015275
3 0.529367 0.390168 0.024473 0.00753
2 0.528803 0.386618 0.028614 0.017212
3 0.572195 0.436962 0.016002 0.008606
2 0.575772 0.431691 0.031815 0.02173
3 0.570689 0.344449 0.023908 0.007315
2 0.57003 0.342083 0.028238 0.015921
7 0.818995 0.413941 0.028426 0.011188
6 0.818712 0.413404 0.030874 0.015275
3 0.460279 0.5554 0.015437 0.0071
2 0.465456 0.551743 0.030309 0.019578
3 0.797346 0.558305 0.023532 0.015921
2 0.79471 0.554432 0.031062 0.026248
8 0.796593 0.582616 0.050264 0.032272
3 0.057888 0.410929 0.016378 0.008176
2 0.057511 0.408563 0.019014 0.01506
