3 0.04631 0.695891 0.01506 0.00796
2 0.049416 0.692233 0.025038 0.02216
3 0.12227 0.782057 0.018637 0.010757
2 0.127071 0.777754 0.029744 0.024096
3 0.136766 0.710736 0.017508 0.010542
2 0.14119 0.706756 0.028991 0.024957
3 0.162462 0.64673 0.015813 0.009466
2 0.165663 0.643072 0.025602 0.020654
3 0.174511 0.584445 0.015437 0.00796
2 0.178934 0.581218 0.027297 0.020439
3 0.265719 0.569062 0.016378 0.008606
2 0.270331 0.566695 0.029367 0.018072
3 0.2548 0.61349 0.016002 0.00796
2 0.259695 0.610908 0.029932 0.019148
3 0.24134 0.664049 0.017319 0.010542
2 0.246706 0.660822 0.031815 0.024312
3 0.22901 0.713533 0.017508 0.009682
2 0.235222 0.710305 0.035203 0.024742
3 0.21282 0.767319 0.019014 0.011403
2 0.217997 0.76463 0.035015 0.026248
3 0.298099 0.810348 0.019014 0.013124
2 0.304405 0.805293 0.036145 0.02969
3 0.313535 0.743008 0.020143 0.014415
2 0.319183 0.740856 0.035956 0.028614
3 0.33189 0.66975 0.027108 0.010327
2 0.331419 0.665878 0.032944 0.023236
3 0.392884 0.824978 0.021084 0.011403
2 0.399285 0.820676 0.03878 0.027754
3 0.399849 0.715469 0.019955 0.009251
2 0.40512 0.710521 0.033509 0.02173
3 0.41058 0.66136 0.020331 0.010327
2 0.415098 0.657164 0.034639 0.02216
3 0.490117 0.635112 0.017131 0.008176
2 0.495105 0.630379 0.033886 0.021084
3 0.491623 0.695676 0.017884 0.009682
2 0.496517 0.691695 0.033697 0.023666
3 0.493035 0.768503 0.030873 0.009897
2 0.491623 0.763124 0.035956 0.024957
3 0.488799 0.835198 0.032568 0.012478
2 0.487669 0.829174 0.038215 0.027969
3 0.585467 0.838102 0.021084 0.012694
2 0.590926 0.833584 0.037651 0.029045
3 0.573419 0.761618 0.021084 0.01463
2 0.579066 0.758391 0.038404 0.031842
3 0.575207 0.695998 0.017884 0.009466
2 0.579537 0.691588 0.033321 0.023881
3 0.680723 0.846708 0.020331 0.00796
2 0.685712 0.842298 0.040474 0.025818
3 0.763648 0.815297 0.01939 0.011403
2 0.762895 0.809596 0.024285 0.027108
3 0.772402 0.774204 0.019578 0.008391
2 0.77645 0.768395 0.036709 0.02173
3 0.857116 0.736661 0.020331 0.009466
2 0.861446 0.731497 0.037274 0.021945
3 0.940983 0.81648 0.032944 0.009466
2 0.939665 0.811317 0.038215 0.024096
3 0.931382 0.746558 0.029179 0.007745
2 0.930158 0.742255 0.035768 0.021084
5 0.382342 0.92642 0.029367 0.012048
4 0.377918 0.925129 0.048758 0.019793
3 0.316359 0.989996 0.02052 0.011403
2 0.322101 0.983434 0.039157 0.02969
