3 0.435335 0.172225 0.027673 0.005379
2 0.434582 0.170181 0.032568 0.011618
3 0.513272 0.132853 0.026167 0.005809
2 0.512142 0.131347 0.029932 0.011833
3 0.486352 0.123602 0.025414 0.004518
2 0.485316 0.120482 0.029367 0.012478
3 0.506965 0.184596 0.027108 0.004303
2 0.506306 0.182336 0.032944 0.012263
3 0.698042 0.226764 0.017696 0.006454
2 0.701996 0.225151 0.033509 0.014415
3 0.138366 0.377259 0.027861 0.008391
2 0.138837 0.373279 0.035956 0.018933
3 0.195124 0.755271 0.042733 0.016566
2 0.195312 0.748817 0.053276 0.038941
3 0.378765 0.786575 0.048946 0.017212
2 0.376883 0.777754 0.057982 0.042599
3 0.873306 0.787113 0.048193 0.014845
2 0.868788 0.778507 0.060617 0.039372
