1 0.278365 0.330128 0.051923 0.021795
0 0.267067 0.308654 0.09375 0.076282
8 0.071514 0.520513 0.036298 0.023077
8 0.061298 0.579167 0.036058 0.023077
8 0.155889 0.549519 0.033894 0.022756
8 0.141346 0.609615 0.033654 0.024359
8 0.273798 0.726923 0.032212 0.024359
8 0.39988 0.665224 0.028125 0.025321
8 0.402043 0.778846 0.03149 0.026282
8 0.493269 0.600641 0.026442 0.022436
8 0.397957 0.566827 0.027163 0.020192
8 0.683894 0.783654 0.030769 0.026282
5 0.286779 0.620513 0.111058 0.028846
4 0.26851 0.61891 0.149038 0.041667
8 0.25649 0.442308 0.024038 0.023718
8 0.524159 0.833654 0.029567 0.028846
