7 0.51779 0.366287 0.073607 0.023021
7 0.520049 0.411467 0.072854 0.017427
7 0.520049 0.432767 0.085655 0.017857
7 0.51939 0.389522 0.085843 0.017857
6 0.520331 0.399312 0.09262 0.094234
8 0.617752 0.416308 0.04311 0.032702
8 0.617564 0.461704 0.04311 0.032702
8 0.678087 0.465684 0.042922 0.029905
8 0.378765 0.41846 0.041792 0.030981
8 0.379518 0.459337 0.041792 0.030981
8 0.432323 0.41846 0.041227 0.02883
8 0.432323 0.45966 0.04198 0.028614
8 0.320124 0.415985 0.039721 0.031627
8 0.322948 0.460736 0.039345 0.031627
8 0.266754 0.417707 0.039533 0.029905
8 0.269578 0.45525 0.039533 0.02969
8 0.328784 0.336812 0.044239 0.034208
8 0.337538 0.372096 0.044051 0.034208
8 0.286333 0.354561 0.039157 0.030981
8 0.272684 0.382315 0.035956 0.030551
8 0.164627 0.26861 0.037086 0.029475
8 0.174981 0.323257 0.037086 0.027754
8 0.17724 0.350904 0.036333 0.025818
8 0.17564 0.38296 0.042922 0.036575
8 0.179123 0.420073 0.040851 0.03679
8 0.184959 0.456971 0.040851 0.037005
8 0.165569 0.296794 0.036333 0.023451
8 0.123776 0.264953 0.037086 0.029475
8 0.123212 0.300129 0.037462 0.034854
8 0.13413 0.336166 0.037462 0.035499
8 0.135448 0.377797 0.037462 0.034423
8 0.138272 0.417922 0.037462 0.034639
8 0.144108 0.455465 0.037462 0.034423
8 0.088008 0.356282 0.037839 0.036145
8 0.095633 0.390383 0.036898 0.028614
8 0.097139 0.42244 0.03878 0.034208
8 0.101751 0.457293 0.038592 0.034208
8 0.056005 0.341007 0.034827 0.027539
8 0.055158 0.365641 0.029744 0.019148
8 0.054405 0.390383 0.03012 0.023021
8 0.053276 0.421579 0.033509 0.034208
8 0.054782 0.456433 0.033509 0.034208
