3 0.262989 0.438253 0.012048 0.005594
3 0.237669 0.443739 0.012236 0.005809
3 0.227598 0.485478 0.012048 0.004518
3 0.246329 0.482143 0.012989 0.005164
2 0.241152 0.440835 0.022967 0.0142
2 0.266378 0.434811 0.022214 0.013339
2 0.250847 0.478701 0.024285 0.012909
2 0.229857 0.48182 0.019202 0.013554
3 0.273626 0.478163 0.013366 0.005809
2 0.276732 0.475473 0.021461 0.01506
3 0.269108 0.526786 0.016378 0.005809
2 0.270331 0.523343 0.022967 0.016136
3 0.294804 0.529045 0.013931 0.006454
2 0.297346 0.525602 0.020896 0.015921
3 0.29791 0.485155 0.014495 0.004733
2 0.300828 0.481713 0.021837 0.012479
3 0.324548 0.437392 0.012801 0.006454
2 0.327372 0.435241 0.02259 0.013769
3 0.343373 0.481282 0.013178 0.006454
2 0.347233 0.477517 0.025791 0.016136
3 0.367282 0.432229 0.013554 0.006885
2 0.369635 0.428571 0.02052 0.015921
3 0.392319 0.436317 0.01506 0.005163
2 0.394955 0.43309 0.021837 0.012909
3 0.415286 0.433627 0.01506 0.006239
2 0.418769 0.431261 0.023532 0.014845
3 0.387707 0.482143 0.014872 0.008176
2 0.391096 0.478593 0.025038 0.016566
3 0.419145 0.48182 0.014872 0.0071
2 0.423946 0.478593 0.026355 0.016136
3 0.365399 0.508498 0.01506 0.00667
2 0.367093 0.505809 0.019955 0.013769
3 0.386013 0.52614 0.015249 0.00667
2 0.387801 0.522483 0.020708 0.014845
3 0.417075 0.527324 0.015249 0.006885
2 0.420463 0.524527 0.025038 0.015921
3 0.452748 0.520654 0.014307 0.006454
2 0.454349 0.517534 0.019767 0.014845
3 0.452466 0.548946 0.014872 0.00667
2 0.45416 0.546902 0.020143 0.015921
3 0.487669 0.52614 0.014872 0.00796
2 0.489081 0.523343 0.020708 0.016136
3 0.51186 0.524849 0.014307 0.006239
2 0.513554 0.521407 0.019955 0.015275
3 0.536333 0.523021 0.015813 0.005594
2 0.538498 0.519256 0.02052 0.014845
3 0.490305 0.472676 0.015249 0.006024
2 0.490211 0.469449 0.018449 0.013769
3 0.509413 0.47386 0.01506 0.005809
2 0.511201 0.47074 0.020143 0.0142
3 0.53285 0.472569 0.013742 0.0071
2 0.534074 0.469772 0.018449 0.014845
3 0.486728 0.425022 0.014119 0.00667
2 0.487669 0.423085 0.01939 0.013985
3 0.508095 0.442233 0.01506 0.004948
2 0.51026 0.439329 0.021273 0.012048
3 0.529838 0.424699 0.012613 0.006024
2 0.532474 0.422117 0.018261 0.012909
3 0.560994 0.52528 0.014684 0.005809
2 0.561841 0.522268 0.01939 0.013554
3 0.580666 0.52216 0.015625 0.006024
2 0.583114 0.519148 0.022402 0.013339
3 0.583208 0.47472 0.01619 0.00667
2 0.583961 0.470525 0.024849 0.016781
3 0.605892 0.473645 0.016002 0.00667
2 0.60721 0.47031 0.024661 0.016781
3 0.609093 0.532164 0.023532 0.00667
2 0.608716 0.528507 0.026544 0.016136
3 0.634789 0.520009 0.022967 0.006024
2 0.634224 0.516996 0.027485 0.015921
3 0.634977 0.489243 0.02259 0.006024
2 0.633566 0.486016 0.026544 0.0142
3 0.658697 0.522483 0.01619 0.0071
2 0.659733 0.518825 0.023908 0.014845
3 0.649191 0.422547 0.014872 0.006024
2 0.651544 0.419966 0.021084 0.012479
3 0.676299 0.432229 0.015248 0.006024
2 0.676864 0.429324 0.02052 0.013124
3 0.691171 0.530874 0.024661 0.010112
2 0.689853 0.527754 0.029932 0.018933
3 0.714797 0.521945 0.023343 0.006024
2 0.71395 0.517642 0.025791 0.015491
3 0.706325 0.469664 0.024849 0.007315
2 0.706043 0.466652 0.027673 0.013769
3 0.725433 0.419535 0.014119 0.007745
2 0.725339 0.419213 0.015437 0.010112
3 0.770802 0.42287 0.015249 0.005379
2 0.772308 0.419213 0.026544 0.013124
3 0.800169 0.426312 0.020896 0.005379
2 0.798663 0.422225 0.024285 0.014415
3 0.732022 0.46676 0.016755 0.005379
2 0.731834 0.46321 0.022779 0.0142
3 0.756495 0.468481 0.019014 0.005809
2 0.756871 0.464824 0.025414 0.015275
3 0.780309 0.466114 0.016566 0.00753
2 0.780497 0.46278 0.024849 0.015491
3 0.737199 0.516566 0.016566 0.006885
2 0.738046 0.513447 0.022402 0.016136
3 0.766472 0.518933 0.016378 0.006885
2 0.767131 0.516136 0.02259 0.015921
3 0.791039 0.519578 0.01619 0.007315
2 0.79151 0.515706 0.023155 0.016351
3 0.811747 0.51904 0.016943 0.00667
2 0.814194 0.515275 0.026355 0.018072
3 0.296781 0.699118 0.016001 0.00796
2 0.300734 0.695245 0.02805 0.017857
3 0.355045 0.691157 0.016566 0.009251
2 0.358622 0.687177 0.027485 0.018072
3 0.396743 0.636618 0.021273 0.008176
2 0.395896 0.63296 0.025226 0.018933
3 0.446442 0.636618 0.017508 0.007315
3 0.439383 0.6946 0.016943 0.00753
2 0.441642 0.690189 0.027485 0.018503
2 0.448419 0.632423 0.027861 0.018287
3 0.481457 0.704497 0.017884 0.00796
2 0.486069 0.699441 0.03012 0.018933
3 0.55817 0.702453 0.018449 0.009466
2 0.56363 0.697827 0.030497 0.020439
3 0.558264 0.637371 0.016378 0.006239
2 0.5625 0.632745 0.028238 0.017212
3 0.60448 0.66222 0.018072 0.009036
2 0.608246 0.65867 0.03125 0.019148
3 0.606269 0.710413 0.018637 0.010327
2 0.609375 0.707293 0.033133 0.020009
3 0.647779 0.696213 0.027485 0.007315
2 0.647684 0.691373 0.029179 0.020009
3 0.643355 0.63651 0.017884 0.00667
2 0.645425 0.6321 0.026167 0.016781
3 0.70689 0.632423 0.025226 0.008391
2 0.706702 0.628442 0.028614 0.018072
3 0.708867 0.693094 0.024661 0.010112
2 0.707455 0.689652 0.030497 0.021299
3 0.740023 0.738275 0.019202 0.008391
2 0.74294 0.733004 0.033321 0.019793
3 0.820877 0.702345 0.02052 0.008821
2 0.822854 0.698257 0.033509 0.021299
3 0.827184 0.66846 0.016943 0.007315
2 0.829537 0.663511 0.02805 0.020224
