1 0.092338 0.20525 0.029556 0.009897
1 0.087914 0.212134 0.030873 0.010327
1 0.084902 0.219987 0.029744 0.011403
0 0.094409 0.208154 0.064194 0.038941
0 0.070783 0.24602 0.064759 0.045826
1 0.067865 0.241394 0.028803 0.010757
0 0.054311 0.286145 0.071724 0.045181
1 0.051393 0.279798 0.033509 0.008391
1 0.048193 0.289802 0.032003 0.009036
1 0.043392 0.300022 0.033321 0.008821
1 0.344691 0.247849 0.036898 0.006024
1 0.341679 0.257745 0.039533 0.005594
1 0.338479 0.266997 0.041416 0.006454
1 0.419898 0.252151 0.027297 0.009897
1 0.412086 0.258498 0.03991 0.014415
1 0.409262 0.268287 0.041416 0.013769
0 0.34855 0.250108 0.078878 0.05142
0 0.418675 0.252259 0.07869 0.063038
0 0.743788 0.27173 0.07756 0.052065
1 0.73541 0.267104 0.035956 0.009251
1 0.737387 0.277431 0.037651 0.008391
1 0.738517 0.28722 0.040286 0.009466
0 0.744258 0.271945 0.078125 0.053356
1 0.204066 0.660284 0.079819 0.020224
0 0.209149 0.634789 0.10241 0.087995
1 0.591397 0.64716 0.080761 0.018933
0 0.590926 0.62102 0.09262 0.086274
0 0.868788 0.644686 0.094503 0.081971
1 0.873023 0.668997 0.069465 0.016136
