3 0.32003 0.743115 0.013931 0.005163
2 0.323889 0.739996 0.025414 0.016566
8 0.315041 0.791738 0.046122 0.027539
7 0.451242 0.820138 0.049322 0.013339
6 0.451054 0.820353 0.050828 0.015921
7 0.53238 0.813576 0.048193 0.013985
6 0.532285 0.813683 0.049887 0.015491
3 0.603257 0.786575 0.025038 0.006454
2 0.602316 0.781734 0.028803 0.017857
3 0.653238 0.782164 0.024849 0.00667
2 0.652108 0.778184 0.028991 0.019363
3 0.70209 0.78238 0.014495 0.010542
2 0.703878 0.775602 0.030497 0.026248
3 0.739928 0.775172 0.014872 0.005594
2 0.743505 0.770439 0.029179 0.017642
3 0.799511 0.796687 0.02259 0.011188
2 0.797534 0.793244 0.028426 0.023236
3 0.77805 0.699333 0.02259 0.006239
2 0.777203 0.695676 0.027297 0.016997
8 0.683735 0.693847 0.045934 0.037435
3 0.681758 0.671256 0.022402 0.005594
2 0.680441 0.667169 0.02692 0.016351
8 0.593374 0.696321 0.045557 0.038081
8 0.605704 0.812715 0.048381 0.043244
8 0.654273 0.809703 0.049887 0.043244
8 0.702372 0.808627 0.049699 0.043244
8 0.749812 0.806046 0.051581 0.044105
8 0.840362 0.798408 0.048569 0.04389
3 0.893825 0.69417 0.014307 0.0071
2 0.895802 0.689652 0.02805 0.019148
3 0.945501 0.724613 0.022402 0.008176
2 0.943524 0.721923 0.028614 0.018287
3 0.8766 0.625215 0.013366 0.005163
2 0.8782 0.62102 0.025979 0.016136
3 0.936747 0.60994 0.020708 0.006024
2 0.934959 0.607681 0.02692 0.015706
3 0.100621 0.742685 0.017508 0.011618
2 0.10128 0.739243 0.022967 0.021515
3 0.007812 0.745805 0.014119 0.0071
2 0.00866 0.742147 0.017319 0.016566
3 0.116717 0.367577 0.005648 0.009682
2 0.111916 0.366502 0.02052 0.019148
3 0.124247 0.39318 0.006024 0.009682
2 0.128671 0.394578 0.021649 0.019363
4 0.192865 0.296687 0.037462 0.030551
5 0.199831 0.304217 0.021649 0.006885
3 0.365776 0.426205 0.010542 0.003873
2 0.368788 0.424161 0.020331 0.012263
3 0.433264 0.36349 0.016755 0.003227
2 0.433076 0.361123 0.01939 0.009251
3 0.491434 0.347676 0.017131 0.003442
2 0.49134 0.34574 0.019578 0.009897
3 0.49247 0.422332 0.018072 0.004303
2 0.491717 0.419535 0.020708 0.012048
3 0.559959 0.384144 0.018637 0.005379
2 0.558641 0.381885 0.022026 0.012048
3 0.610034 0.285284 0.016002 0.003012
2 0.609375 0.283563 0.019202 0.008176
3 0.687688 0.371988 0.017319 0.003873
2 0.686559 0.37059 0.021084 0.010112
3 0.926299 0.336166 0.015625 0.002797
2 0.924887 0.334122 0.020708 0.009036
3 0.94663 0.381239 0.016378 0.003012
2 0.94503 0.378873 0.021461 0.010327
3 0.845068 0.392642 0.016943 0.003442
2 0.84488 0.391136 0.021837 0.012048
3 0.821254 0.333369 0.015625 0.003657
2 0.820407 0.332401 0.019202 0.011188
3 0.508754 0.564544 0.012989 0.004733
2 0.511672 0.56207 0.023343 0.014415
3 0.583302 0.564436 0.013366 0.004948
2 0.585938 0.560564 0.025038 0.014845
3 0.737011 0.520869 0.020708 0.005164
2 0.735693 0.517642 0.025602 0.0142
3 0.785297 0.523558 0.02052 0.008391
2 0.783227 0.520546 0.02692 0.016997
3 0.853445 0.515706 0.018637 0.005163
2 0.851939 0.513554 0.024661 0.013769
3 0.987105 0.519901 0.017508 0.003657
2 0.98541 0.517427 0.023532 0.012048
3 0.949078 0.518287 0.01186 0.004733
2 0.951242 0.515383 0.022967 0.013554
3 0.92837 0.534854 0.018637 0.005164
2 0.92724 0.531089 0.023908 0.014845
3 0.915192 0.498279 0.017884 0.004303
2 0.914345 0.496342 0.02372 0.012048
7 0.0625 0.754518 0.019578 0.009036
6 0.0625 0.754733 0.021084 0.011188
8 0.177334 0.407702 0.060994 0.047762
