7 0.137895 0.13167 0.081514 0.0142
6 0.138648 0.13253 0.087161 0.023666
7 0.226939 0.133929 0.083773 0.015706
6 0.228727 0.133498 0.088855 0.020869
3 0.43477 0.113597 0.02052 0.007745
2 0.439665 0.111876 0.036709 0.017642
3 0.486163 0.135972 0.019767 0.008176
2 0.49087 0.132638 0.035956 0.016136
3 0.492564 0.081003 0.019767 0.008821
2 0.497647 0.079066 0.03445 0.016997
3 0.558923 0.090469 0.020331 0.005809
2 0.563441 0.08778 0.037651 0.016351
3 0.695877 0.436639 0.043863 0.010542
2 0.695124 0.431799 0.049134 0.025818
3 0.813535 0.446536 0.023908 0.011833
2 0.818148 0.442018 0.042169 0.028614
3 0.896178 0.451377 0.036709 0.010327
2 0.894296 0.444492 0.046122 0.025818
3 0.192206 0.707831 0.054593 0.017642
2 0.190136 0.700409 0.06363 0.038941
3 0.30384 0.707401 0.055723 0.012048
2 0.301487 0.698365 0.064194 0.036575
3 0.309488 0.618546 0.051958 0.0142
2 0.3077 0.611231 0.061935 0.040448
3 0.399849 0.711381 0.038027 0.016566
2 0.408133 0.70256 0.062876 0.039372
3 0.667169 0.714071 0.03238 0.012909
2 0.676017 0.707939 0.059111 0.035499
3 0.711879 0.665232 0.011107 0.060241
2 0.71875 0.663834 0.03012 0.068201
3 0.774849 0.67685 0.049699 0.016781
2 0.772496 0.668675 0.05817 0.035714
3 0.839985 0.62102 0.042545 0.011403
2 0.836973 0.61392 0.05497 0.031626
3 0.8782 0.711274 0.044804 0.013769
2 0.875282 0.704927 0.054782 0.034639
