8 0.052899 0.661898 0.049322 0.032487
8 0.191924 0.677065 0.038592 0.034423
8 0.185806 0.725796 0.038027 0.033778
8 0.171687 0.776033 0.040286 0.035284
8 0.123117 0.777862 0.03878 0.031627
8 0.09855 0.831003 0.04311 0.038942
8 0.167545 0.828959 0.044428 0.036145
8 0.229951 0.832401 0.044239 0.036145
8 0.237952 0.779583 0.044428 0.035929
8 0.250753 0.732143 0.041039 0.033563
8 0.338855 0.654905 0.041792 0.033563
8 0.408603 0.657702 0.031062 0.046902
8 0.545087 0.789802 0.042733 0.035284
8 0.549228 0.846386 0.046122 0.038296
8 0.60834 0.818416 0.044992 0.036145
8 0.610316 0.854776 0.045181 0.036145
8 0.660109 0.801528 0.03445 0.027324
8 0.72628 0.833477 0.044051 0.034854
8 0.659827 0.856713 0.035392 0.026248
8 0.724021 0.779367 0.042545 0.032057
8 0.662462 0.829497 0.034639 0.027324
8 0.715456 0.732788 0.039345 0.02883
8 0.71009 0.685564 0.045181 0.03679
8 0.754895 0.614135 0.048946 0.035499
8 0.772967 0.660714 0.050075 0.040017
8 0.782191 0.712672 0.050075 0.041954
8 0.788027 0.763124 0.045934 0.04389
8 0.835467 0.755271 0.038404 0.034208
8 0.838479 0.788188 0.038404 0.034208
8 0.954819 0.626721 0.05384 0.026248
8 0.961785 0.682229 0.044051 0.030981
7 0.198136 0.622633 0.023155 0.013339
7 0.247835 0.672978 0.033321 0.020654
6 0.198136 0.622848 0.025038 0.016781
6 0.248023 0.672762 0.036333 0.023666
7 0.341773 0.741071 0.038215 0.013985
7 0.313159 0.758283 0.036333 0.011403
7 0.312123 0.772698 0.036898 0.011403
7 0.347703 0.757853 0.026732 0.011833
7 0.347703 0.774096 0.027108 0.012048
7 0.372929 0.765598 0.019955 0.016136
7 0.371611 0.779475 0.018449 0.018072
6 0.341397 0.741717 0.041604 0.017427
6 0.313065 0.758283 0.03878 0.014415
6 0.312218 0.773021 0.038968 0.01463
6 0.347609 0.75796 0.029179 0.01463
6 0.347327 0.773774 0.028991 0.014415
6 0.371894 0.779798 0.020143 0.020439
6 0.373117 0.765598 0.021837 0.020009
7 0.469127 0.726011 0.034262 0.015275
6 0.469032 0.726334 0.036333 0.017642
7 0.512801 0.722138 0.033509 0.016136
6 0.512895 0.722569 0.03558 0.018718
7 0.555817 0.72117 0.037839 0.012909
6 0.555911 0.721063 0.03991 0.015706
7 0.606739 0.756239 0.03238 0.013339
7 0.663027 0.733972 0.037274 0.016566
6 0.663027 0.733972 0.040663 0.020869
7 0.832643 0.684165 0.041416 0.017212
6 0.832455 0.683735 0.045181 0.020654
7 0.130553 0.722354 0.033321 0.016136
6 0.131212 0.722138 0.036898 0.019578
