1 0.090832 0.163619 0.038215 0.010542
1 0.083302 0.170826 0.038592 0.009036
1 0.078125 0.177281 0.03878 0.008606
1 0.072572 0.188791 0.038968 0.009682
1 0.068336 0.199871 0.03991 0.010327
1 0.157285 0.157487 0.040474 0.006454
1 0.149849 0.165663 0.047063 0.006024
1 0.145331 0.174591 0.044428 0.00667
1 0.141849 0.186855 0.044992 0.00667
1 0.135636 0.195891 0.043486 0.0071
1 0.129989 0.204819 0.044992 0.006454
1 0.123306 0.216652 0.04631 0.006024
1 0.117752 0.225581 0.046498 0.005809
1 0.110599 0.233972 0.048758 0.00796
1 0.106175 0.246773 0.04744 0.008176
1 0.099209 0.255701 0.048193 0.009251
1 0.093279 0.267319 0.048381 0.009682
0 0.085655 0.183843 0.10881 0.068201
0 0.130271 0.212672 0.147967 0.132315
1 0.485034 0.189759 0.073983 0.009466
0 0.485128 0.176635 0.086973 0.041738
1 0.731457 0.230207 0.048005 0.012909
0 0.713102 0.219234 0.099021 0.052496
3 0.030309 0.430293 0.024849 0.006454
2 0.032662 0.426743 0.035203 0.019148
3 0.011295 0.530766 0.022214 0.006885
2 0.014213 0.52614 0.027673 0.020869
3 0.210467 0.51861 0.03125 0.010972
2 0.21122 0.512478 0.03991 0.025387
3 0.315041 0.520654 0.034827 0.013769
2 0.315889 0.51463 0.042545 0.027969
3 0.447948 0.456648 0.023532 0.008391
2 0.453972 0.452345 0.038215 0.02173
3 0.566547 0.544535 0.025038 0.009466
2 0.573042 0.538511 0.042169 0.023666
3 0.738046 0.480099 0.035203 0.00796
2 0.73654 0.475151 0.04198 0.020869
3 0.8093 0.43352 0.03238 0.010757
2 0.807888 0.428464 0.038592 0.02216
3 0.831702 0.513232 0.034262 0.008821
2 0.829349 0.507315 0.042733 0.023236
3 0.885919 0.445783 0.030497 0.007315
2 0.882342 0.44105 0.039157 0.018933
3 0.594032 0.704604 0.044239 0.012909
2 0.591585 0.698365 0.051393 0.031411
3 0.70416 0.669643 0.041227 0.013985
2 0.70256 0.664264 0.050452 0.031196
3 0.711032 0.747526 0.042545 0.019148
2 0.707737 0.740211 0.054029 0.041523
3 0.830102 0.714608 0.043486 0.013554
2 0.826148 0.707831 0.053276 0.033563
3 0.969221 0.708369 0.042733 0.013985
2 0.96602 0.702453 0.05177 0.031411
5 0.948136 0.670181 0.035956 0.012909
4 0.947666 0.670611 0.03991 0.017212
3 0.897026 0.689221 0.025602 0.009682
2 0.902485 0.682659 0.048193 0.028399
