1 0.080196 0.307444 0.055346 0.01506
0 0.085655 0.290985 0.079066 0.058305
3 0.020896 0.483326 0.019955 0.005379
2 0.02099 0.479884 0.023532 0.016136
3 0.376412 0.445676 0.026544 0.009251
3 0.420651 0.443524 0.027297 0.00796
2 0.375847 0.441803 0.029932 0.020869
2 0.419145 0.438791 0.031438 0.019148
5 0.371894 0.453959 0.02805 0.008606
4 0.371894 0.453851 0.029556 0.010112
5 0.41651 0.451054 0.029932 0.00753
4 0.416416 0.451054 0.031627 0.008391
3 0.169992 0.459015 0.013178 0.005809
2 0.17131 0.454927 0.020708 0.016566
5 0.689194 0.443094 0.045181 0.012694
4 0.671028 0.445783 0.085279 0.024957
5 0.813818 0.436209 0.044051 0.012263
4 0.795746 0.436209 0.083584 0.025172
3 0.78605 0.362629 0.028426 0.00667
2 0.783415 0.358756 0.03445 0.017857
5 0.873494 0.629948 0.056852 0.0142
5 0.757718 0.640275 0.058358 0.0142
5 0.63959 0.643825 0.060053 0.012694
5 0.521837 0.649312 0.057229 0.012048
5 0.410956 0.65114 0.054217 0.011833
4 0.397308 0.638769 0.083773 0.037005
4 0.507718 0.637371 0.091114 0.037651
4 0.623682 0.631885 0.094503 0.038296
4 0.739928 0.629088 0.09695 0.040017
4 0.854575 0.618976 0.09695 0.040017
3 0.937876 0.875753 0.025226 0.013124
2 0.942018 0.866717 0.048946 0.034639
3 0.395143 0.900387 0.022214 0.009036
3 0.322477 0.892212 0.021461 0.009897
3 0.253765 0.883068 0.020331 0.012694
3 0.184111 0.881885 0.021837 0.009036
3 0.060712 0.86392 0.018637 0.00796
2 0.066642 0.85725 0.035768 0.023881
2 0.189853 0.876398 0.038215 0.025172
2 0.260636 0.877582 0.037462 0.030981
2 0.329349 0.886295 0.039345 0.027324
2 0.402297 0.893072 0.03878 0.027539
3 0.923946 0.376183 0.017319 0.005809
2 0.926958 0.371665 0.035392 0.016997
3 0.971103 0.367793 0.01939 0.005809
2 0.975433 0.364888 0.034074 0.015491
