1 0.109846 0.19901 0.05064 0.013769
0 0.113234 0.185241 0.068712 0.049914
1 0.282944 0.208799 0.036898 0.009682
1 0.430629 0.21762 0.037462 0.009682
0 0.420557 0.203744 0.066265 0.046041
0 0.274473 0.194277 0.073042 0.048193
1 0.588573 0.175344 0.034074 0.010327
0 0.576242 0.16222 0.068524 0.04346
1 0.731457 0.226226 0.031438 0.012694
0 0.717056 0.209983 0.064006 0.053356
3 0.107869 0.544858 0.012801 0.004948
2 0.111728 0.542169 0.025038 0.01506
3 0.413215 0.440082 0.014307 0.005379
2 0.417922 0.436639 0.025602 0.013985
3 0.20416 0.548515 0.012989 0.006239
2 0.208396 0.54475 0.025602 0.015921
3 0.306664 0.551635 0.014684 0.007745
2 0.310523 0.548623 0.028803 0.019363
3 0.410956 0.552065 0.014684 0.006454
2 0.414345 0.548085 0.026732 0.017427
1 0.461973 0.472246 0.010919 0.002582
1 0.462161 0.475473 0.010919 0.002582
0 0.463573 0.473645 0.01939 0.017427
3 0.543675 0.503873 0.013931 0.005164
2 0.546687 0.501829 0.026732 0.016566
3 0.534827 0.542599 0.014307 0.006024
2 0.538215 0.539802 0.027108 0.015921
3 0.543675 0.584122 0.013931 0.006024
2 0.545463 0.580572 0.019767 0.015275
3 0.605233 0.465146 0.013931 0.004733
2 0.608151 0.462887 0.025414 0.015275
3 0.59648 0.508283 0.013742 0.006239
2 0.599868 0.50441 0.026167 0.016136
3 0.611258 0.541523 0.013931 0.005594
2 0.614834 0.538834 0.024473 0.015275
3 0.611069 0.58154 0.013931 0.005594
2 0.615305 0.577668 0.026167 0.015491
3 0.690794 0.484079 0.012989 0.006024
2 0.693148 0.480744 0.023343 0.016136
3 0.692112 0.551528 0.013742 0.00753
2 0.694277 0.546794 0.025979 0.019578
3 0.774567 0.454927 0.011107 0.004948
2 0.777297 0.451592 0.021084 0.013769
3 0.742658 0.511725 0.012425 0.006239
2 0.74567 0.508713 0.022967 0.016997
3 0.743411 0.543352 0.012425 0.004518
2 0.746517 0.539694 0.024285 0.014415
