3 0.30337 0.358111 0.023908 0.005809
2 0.308735 0.354023 0.044051 0.018287
3 0.571442 0.366502 0.022402 0.00753
2 0.577843 0.362952 0.043863 0.019363
3 0.648343 0.38565 0.038404 0.010112
2 0.647496 0.381132 0.043486 0.024742
3 0.784356 0.445138 0.038968 0.012048
2 0.781156 0.439651 0.046875 0.026033
3 0.82003 0.413511 0.033886 0.009897
2 0.817206 0.40781 0.042169 0.024742
3 0.27532 0.770654 0.03445 0.016351
2 0.286709 0.761403 0.066265 0.04389
3 0.386578 0.773021 0.055158 0.01463
2 0.383754 0.764092 0.064194 0.040232
3 0.528426 0.783133 0.036145 0.017642
2 0.536615 0.772268 0.063818 0.045396
3 0.708584 0.639307 0.028614 0.013124
2 0.714514 0.633068 0.052523 0.03722
3 0.827749 0.6321 0.027861 0.009897
2 0.833773 0.625215 0.05497 0.03012
3 0.907191 0.656842 0.042169 0.01506
2 0.903238 0.650925 0.051958 0.034208
7 0.958208 0.621127 0.04631 0.015921
6 0.957925 0.621665 0.052146 0.021299
