3 0.144351 0.890545 0.019471 0.039423
2 0.149159 0.901763 0.045433 0.071474
8 0.753726 0.915865 0.068029 0.015064
8 0.896995 0.909776 0.069952 0.0125
3 0.513702 0.665224 0.042788 0.009295
2 0.512019 0.658654 0.048558 0.026923
3 0.403726 0.66875 0.027163 0.010577
2 0.41274 0.66266 0.050481 0.027244
3 0.855409 0.379647 0.021875 0.005449
2 0.859375 0.376923 0.043269 0.016026
3 0.740865 0.390385 0.021635 0.007051
2 0.746274 0.386538 0.039183 0.017949
3 0.688341 0.380929 0.033894 0.005449
2 0.686178 0.376442 0.040625 0.016346
3 0.619111 0.402564 0.033894 0.00641
2 0.617548 0.399038 0.038462 0.016667
8 0.52488 0.488141 0.047356 0.008333
3 0.825601 0.295833 0.019471 0.00641
2 0.830288 0.292308 0.036058 0.015385
