3 0.482963 0.823472 0.024285 0.0071
2 0.482022 0.819062 0.028426 0.019363
3 0.536709 0.817341 0.024473 0.009466
2 0.536239 0.812608 0.028803 0.021945
3 0.58462 0.759144 0.022402 0.0071
2 0.584243 0.755701 0.025791 0.018287
3 0.637236 0.741179 0.022214 0.006024
2 0.635919 0.736661 0.027108 0.017642
3 0.690324 0.711381 0.021461 0.005379
2 0.688818 0.707401 0.026355 0.015921
3 0.759318 0.622096 0.019767 0.005379
2 0.758377 0.618438 0.022779 0.014845
3 0.748212 0.56562 0.018637 0.005594
2 0.746517 0.562715 0.023908 0.014415
3 0.540098 0.630271 0.021084 0.004948
2 0.539062 0.626506 0.025414 0.01463
5 0.536145 0.567879 0.025226 0.004518
5 0.484846 0.606175 0.020143 0.003657
4 0.529932 0.562608 0.039533 0.016351
4 0.479951 0.601226 0.031815 0.014845
4 0.529838 0.650387 0.040098 0.018933
5 0.536333 0.656196 0.025979 0.005163
3 0.585843 0.642427 0.021461 0.005594
2 0.585655 0.638662 0.025226 0.016566
3 0.586691 0.662543 0.021273 0.004948
2 0.585749 0.659638 0.025791 0.013769
4 0.472044 0.744191 0.044616 0.018503
5 0.47948 0.75043 0.028991 0.004733
4 0.524379 0.7429 0.044239 0.018933
5 0.531721 0.749355 0.02805 0.004733
4 0.627541 0.756024 0.047251 0.012048
5 0.633095 0.755701 0.032003 0.008821
4 0.686088 0.758498 0.042357 0.026893
5 0.693901 0.767857 0.024849 0.005594
4 0.730516 0.744191 0.038215 0.010327
5 0.734281 0.744084 0.027673 0.006239
4 0.773908 0.74204 0.036521 0.010327
5 0.777767 0.741824 0.02692 0.006885
4 0.763931 0.681691 0.032756 0.020009
5 0.765531 0.688468 0.027673 0.005164
4 0.719785 0.664372 0.034074 0.007315
5 0.723362 0.664479 0.025414 0.005379
2 0.811841 0.559918 0.022026 0.017857
3 0.812688 0.563253 0.019202 0.009466
3 0.863046 0.572289 0.018261 0.004303
2 0.861258 0.569492 0.02372 0.013769
7 0.857681 0.6662 0.055346 0.013554
6 0.857869 0.665985 0.058735 0.017857
7 0.917639 0.620697 0.022779 0.042169
6 0.917545 0.62059 0.025979 0.044966
3 0.927617 0.697182 0.014495 0.025602
2 0.929593 0.695891 0.022967 0.032057
6 0.881777 0.771622 0.05497 0.029045
7 0.882059 0.77173 0.052899 0.027539
4 0.824548 0.752044 0.022967 0.060886
5 0.826807 0.760972 0.013931 0.040017
4 0.800264 0.64716 0.019202 0.051635
5 0.802805 0.65469 0.012613 0.034854
4 0.667075 0.663511 0.048758 0.035714
5 0.673004 0.67287 0.033133 0.00796
4 0.618317 0.61037 0.035203 0.007745
5 0.62227 0.61037 0.026167 0.004733
4 0.681005 0.574441 0.035203 0.028399
5 0.681382 0.582939 0.032568 0.010112
4 0.649849 0.545719 0.019202 0.020439
5 0.650132 0.55185 0.017508 0.006454
4 0.647967 0.604561 0.021084 0.018933
5 0.648626 0.611015 0.019014 0.004303
4 0.476562 0.663081 0.041227 0.019363
5 0.483246 0.669105 0.025226 0.004733
4 0.410862 0.634466 0.031062 0.023236
5 0.411239 0.642965 0.028803 0.004948
4 0.373494 0.620374 0.031627 0.021299
5 0.3734 0.627904 0.029556 0.005379
4 0.38413 0.552818 0.04198 0.027754
5 0.390343 0.562823 0.027673 0.006024
4 0.340079 0.541738 0.04198 0.010757
5 0.34488 0.540878 0.027108 0.005163
4 0.42084 0.707509 0.040098 0.040663
5 0.427428 0.724075 0.025038 0.005379
4 0.324078 0.665448 0.035956 0.026248
5 0.324454 0.674161 0.032191 0.006239
4 0.288874 0.621988 0.033697 0.026248
5 0.289533 0.630486 0.03125 0.0071
4 0.301581 0.558843 0.025226 0.020869
5 0.301675 0.566265 0.023155 0.005163
4 0.250471 0.566588 0.040474 0.027754
5 0.254047 0.575516 0.029556 0.005164
4 0.211596 0.575839 0.02372 0.027324
5 0.205008 0.576915 0.009413 0.024312
4 0.202372 0.609725 0.030497 0.02969
5 0.1923 0.610585 0.009224 0.027108
4 0.231551 0.645439 0.042545 0.032272
5 0.236258 0.656519 0.03125 0.0071
4 0.318618 0.749462 0.051393 0.038081
5 0.326713 0.762801 0.032944 0.008391
4 0.28012 0.689329 0.045181 0.018933
5 0.286333 0.689221 0.029744 0.00796
4 0.215644 0.735585 0.047252 0.037866
5 0.219785 0.746988 0.033697 0.009466
5 0.177711 0.735262 0.012425 0.034639
4 0.184111 0.734832 0.027108 0.037651
3 0.189288 0.707186 0.019767 0.006454
2 0.189006 0.703313 0.024473 0.015921
3 0.23927 0.710521 0.021084 0.006239
2 0.239646 0.706756 0.025979 0.017212
3 0.258001 0.621988 0.019767 0.004733
2 0.257624 0.618438 0.024661 0.013554
3 0.109187 0.668567 0.018449 0.004088
2 0.109846 0.665232 0.022779 0.0142
4 0.088667 0.687715 0.065512 0.027754
5 0.096009 0.686962 0.045181 0.01463
3 0.224586 0.807229 0.022214 0.005594
2 0.223739 0.802711 0.027297 0.017212
5 0.165286 0.78281 0.012425 0.03722
4 0.171969 0.782702 0.029932 0.040017
5 0.756024 0.627152 0.027108 0.006024
4 0.756024 0.627152 0.027861 0.006885
3 0.57869 0.58423 0.019202 0.004088
2 0.578031 0.58154 0.024661 0.011188
3 0.490117 0.645116 0.017884 0.004948
2 0.489552 0.641889 0.020143 0.013554
3 0.539062 0.717728 0.022402 0.006885
2 0.538215 0.713318 0.027108 0.017857
3 0.487669 0.715039 0.022026 0.008821
2 0.487481 0.711489 0.027297 0.020224
4 0.626035 0.69417 0.034827 0.021299
5 0.627259 0.701162 0.029744 0.005594
