1 0.443029 0.776282 0.118269 0.028205
0 0.442428 0.736699 0.139183 0.13109
8 0.68101 0.76218 0.038462 0.030769
8 0.842548 0.767788 0.04375 0.033654
2 0.831971 0.732853 0.048077 0.028526
3 0.834615 0.741186 0.039904 0.010577
8 0.958053 0.710737 0.046875 0.038141
3 0.516707 0.534455 0.007452 0.035577
2 0.51851 0.53109 0.020673 0.044872
8 0.387981 0.45593 0.030769 0.022115
4 0.408894 0.539263 0.142788 0.085577
5 0.446995 0.573237 0.059375 0.0125
8 0.071514 0.514583 0.04399 0.029167
8 0.14351 0.309135 0.036538 0.021474
3 0.903966 0.506571 0.011779 0.024679
2 0.902524 0.502885 0.017067 0.038462
