3 0.526261 0.808735 0.021273 0.008606
2 0.525226 0.804432 0.025602 0.020224
3 0.610975 0.817233 0.022402 0.004948
2 0.609657 0.8125 0.02692 0.016566
3 0.611822 0.783025 0.022214 0.005809
2 0.611352 0.778399 0.02692 0.016781
3 0.299605 0.799376 0.01939 0.004518
2 0.299134 0.795073 0.022967 0.016136
3 0.339044 0.80809 0.021084 0.006885
2 0.337914 0.803787 0.024473 0.017212
3 0.395802 0.806476 0.02052 0.00667
2 0.395896 0.802065 0.024849 0.018072
3 0.401261 0.752797 0.019767 0.004733
2 0.40032 0.749355 0.023155 0.01506
3 0.349586 0.737844 0.018825 0.004948
2 0.349492 0.734509 0.022402 0.01506
5 0.67837 0.524849 0.026544 0.004948
4 0.671122 0.524096 0.043298 0.010327
4 0.850904 0.574226 0.028614 0.012478
5 0.854951 0.573903 0.016378 0.004088
5 0.772026 0.564329 0.012048 0.004733
4 0.767602 0.56562 0.025791 0.012479
4 0.569936 0.557552 0.022026 0.010542
5 0.569748 0.560886 0.020896 0.003442
4 0.736069 0.635327 0.02259 0.009036
5 0.739081 0.635004 0.013178 0.003658
4 0.858998 0.614028 0.03125 0.015491
5 0.86474 0.613382 0.011107 0.003873
4 0.664062 0.647483 0.026167 0.014845
5 0.664439 0.651786 0.023532 0.004948
