1 0.355328 0.250968 0.036709 0.006239
1 0.35241 0.260435 0.036898 0.005809
1 0.351468 0.26904 0.034639 0.006239
0 0.360975 0.255486 0.071724 0.044105
1 0.093844 0.294643 0.03558 0.010112
1 0.092338 0.304324 0.03445 0.008391
1 0.090926 0.313683 0.030873 0.009466
0 0.096574 0.296041 0.064759 0.050775
1 0.694277 0.192018 0.038027 0.009682
1 0.69616 0.199871 0.03991 0.010757
1 0.699831 0.207401 0.039721 0.011188
0 0.70256 0.193847 0.076431 0.045181
1 0.696724 0.229131 0.038404 0.009897
0 0.70416 0.234832 0.078878 0.047978
1 0.707925 0.26904 0.04311 0.00796
1 0.711314 0.279045 0.042733 0.009036
1 0.712067 0.289479 0.043863 0.008391
0 0.718091 0.275818 0.080384 0.045181
1 0.817206 0.654583 0.085467 0.020009
0 0.815983 0.629195 0.105233 0.083692
1 0.034356 0.618868 0.048381 0.018287
0 0.04038 0.597138 0.06683 0.071644
