1 0.323325 0.301743 0.032944 0.016136
1 0.380271 0.296364 0.037651 0.014415
1 0.379518 0.307014 0.038027 0.01463
0 0.388272 0.288296 0.064194 0.064974
0 0.329537 0.304432 0.060429 0.066695
1 0.732869 0.265275 0.040663 0.012048
0 0.718938 0.25043 0.082078 0.056368
1 0.150885 0.36435 0.040098 0.016566
0 0.153897 0.351657 0.051393 0.05185
3 0.5016 0.476872 0.021273 0.006239
2 0.500941 0.473429 0.024849 0.015706
3 0.176581 0.515921 0.005648 0.020224
2 0.173852 0.517104 0.012613 0.023881
3 0.273343 0.532702 0.017696 0.009466
2 0.272402 0.529367 0.020708 0.019578
3 0.322101 0.442448 0.017319 0.005379
2 0.321536 0.439436 0.021084 0.013554
