1 0.553686 0.351923 0.092628 0.014904
0 0.550801 0.338462 0.115705 0.046635
1 0.263942 0.419952 0.099038 0.015865
0 0.264904 0.406971 0.120192 0.053846
3 0.700962 0.394231 0.032051 0.003365
3 0.778045 0.394952 0.032372 0.005288
3 0.745833 0.326202 0.029487 0.00625
3 0.686378 0.328726 0.028526 0.005048
3 0.660096 0.295673 0.026603 0.004327
3 0.717148 0.277404 0.026603 0.004327
3 0.808333 0.314784 0.030128 0.005048
3 0.877885 0.311418 0.030128 0.005048
3 0.93157 0.382091 0.03109 0.004087
8 0.845833 0.385817 0.034615 0.012019
2 0.929167 0.379567 0.038462 0.010577
2 0.876122 0.310096 0.036218 0.011058
2 0.80625 0.313341 0.036218 0.011298
2 0.745032 0.32476 0.036218 0.011058
2 0.717148 0.276562 0.035577 0.008894
2 0.658814 0.29399 0.035577 0.009615
2 0.684776 0.326563 0.036218 0.009856
2 0.700801 0.393149 0.039423 0.011779
2 0.775801 0.393149 0.040064 0.011779
