1 0.796216 0.208154 0.039345 0.016566
0 0.781156 0.19105 0.080384 0.064544
7 0.172252 0.449226 0.059488 0.012909
6 0.173569 0.449548 0.063253 0.016566
7 0.195877 0.391028 0.038215 0.010542
6 0.195971 0.390921 0.040663 0.01463
7 0.168581 0.368546 0.034827 0.012048
6 0.168675 0.367577 0.036898 0.018718
3 0.124153 0.659531 0.02805 0.00753
2 0.122741 0.654798 0.033133 0.019578
3 0.172346 0.661575 0.029556 0.008606
2 0.172157 0.656304 0.033697 0.020439
5 0.253483 0.607466 0.037086 0.010542
4 0.24407 0.608864 0.059676 0.019793
3 0.243129 0.676312 0.028426 0.008391
2 0.241623 0.672225 0.032568 0.020439
3 0.342244 0.685241 0.029744 0.007315
4 0.341397 0.680508 0.034074 0.021084
3 0.371423 0.602732 0.028614 0.00796
2 0.370294 0.598214 0.03238 0.019578
5 0.368129 0.581003 0.040098 0.009682
4 0.359563 0.581648 0.06363 0.019148
7 0.450489 0.677065 0.070407 0.01506
6 0.457172 0.678249 0.090173 0.02216
3 0.527391 0.682444 0.029932 0.009466
2 0.527203 0.677926 0.035956 0.021945
3 0.575301 0.646192 0.030497 0.00753
2 0.574454 0.640275 0.033697 0.020654
