3 0.226845 0.320891 0.022967 0.005379
2 0.226657 0.32401 0.028238 0.013339
3 0.327184 0.250323 0.025226 0.00667
2 0.328125 0.248064 0.028238 0.012909
3 0.581608 0.255594 0.025414 0.005594
2 0.581137 0.252797 0.028991 0.013339
3 0.669616 0.258176 0.024096 0.007315
2 0.670087 0.255594 0.02692 0.0142
3 0.313441 0.669428 0.024849 0.010112
2 0.313253 0.665125 0.027485 0.020869
3 0.39279 0.712242 0.033321 0.010112
2 0.392319 0.706863 0.038404 0.024742
3 0.567489 0.689759 0.033321 0.009466
2 0.566924 0.685886 0.038592 0.022806
3 0.492564 0.643825 0.006965 0.039802
2 0.497364 0.642319 0.019578 0.043244
3 0.533509 0.644901 0.031627 0.010112
2 0.536239 0.650387 0.038215 0.024096
3 0.525132 0.48096 0.009224 0.033778
2 0.52052 0.48182 0.019578 0.03679
3 0.536427 0.434918 0.028803 0.00667
2 0.535862 0.430077 0.031815 0.016781
3 0.550546 0.391674 0.028803 0.008391
2 0.549793 0.387586 0.032568 0.019148
3 0.603633 0.41577 0.031062 0.008391
2 0.603633 0.418782 0.03445 0.018287
3 0.66811 0.437823 0.028238 0.008606
2 0.666604 0.434165 0.034262 0.018933
3 0.677899 0.491287 0.03125 0.008391
2 0.678182 0.488167 0.036333 0.018933
3 0.686747 0.548838 0.03012 0.010327
2 0.6843 0.544105 0.037651 0.020654
3 0.701713 0.598752 0.032568 0.013339
2 0.700113 0.593911 0.039157 0.026033
3 0.791698 0.551312 0.029556 0.009251
2 0.790568 0.546579 0.03558 0.020009
3 0.842809 0.391136 0.024473 0.011188
2 0.839985 0.388124 0.032003 0.020224
3 0.859187 0.458799 0.027861 0.010972
2 0.857681 0.454281 0.034639 0.020439
3 0.893543 0.546364 0.029556 0.013554
2 0.892037 0.542922 0.037086 0.025172
3 0.977974 0.543997 0.027861 0.00796
2 0.976092 0.540125 0.034262 0.019578
3 0.917639 0.64006 0.029556 0.009466
2 0.915474 0.635757 0.036521 0.022375
3 0.947854 0.464393 0.027485 0.008391
2 0.946536 0.461059 0.032756 0.019363
3 0.920087 0.388447 0.023908 0.008391
2 0.917545 0.385542 0.03012 0.017212
3 0.911615 0.364028 0.023532 0.006454
2 0.908697 0.360908 0.03125 0.014415
3 0.101186 0.523558 0.023908 0.009251
2 0.101562 0.519471 0.027297 0.019148
3 0.072854 0.564867 0.024473 0.009251
2 0.073419 0.560241 0.030873 0.020654
3 0.350621 0.597031 0.030685 0.007315
2 0.349398 0.592083 0.036145 0.021084
3 0.347797 0.663296 0.032191 0.009036
2 0.346291 0.658025 0.036709 0.023881
3 0.117188 0.672225 0.02805 0.013985
2 0.116246 0.669643 0.031815 0.028184
3 0.062406 0.531196 0.022026 0.008176
2 0.062971 0.527862 0.027297 0.018287
3 0.698983 0.435348 0.013554 0.026893
2 0.701242 0.43352 0.024096 0.033133
3 0.753671 0.259682 0.023532 0.004733
2 0.752824 0.25796 0.027485 0.010757
