3 0.084996 0.720633 0.027673 0.012263
2 0.093091 0.71364 0.053276 0.033993
3 0.085655 0.821751 0.039533 0.012694
2 0.08509 0.815835 0.047816 0.033563
3 0.307041 0.591867 0.015437 0.031842
2 0.30224 0.583584 0.035956 0.058305
3 0.298193 0.684488 0.013178 0.034208
2 0.292922 0.677281 0.033886 0.056368
3 0.248117 0.840899 0.028991 0.011403
2 0.257342 0.834875 0.055346 0.034639
3 0.419334 0.854238 0.031815 0.012263
2 0.427805 0.845633 0.056288 0.035499
3 0.385825 0.692018 0.04311 0.009251
2 0.383848 0.685456 0.048946 0.027108
3 0.51186 0.843911 0.048569 0.025602
2 0.512707 0.834445 0.058547 0.049268
