1 0.105045 0.314651 0.033133 0.013985
0 0.102786 0.30185 0.069277 0.04432
3 0.226374 0.498064 0.011107 0.004733
2 0.231269 0.495482 0.021649 0.012909
3 0.308641 0.485155 0.014119 0.006885
2 0.31137 0.481175 0.023343 0.016566
3 0.585279 0.491824 0.006024 0.015921
2 0.582455 0.48849 0.013931 0.026893
3 0.648908 0.498924 0.014307 0.005164
2 0.651544 0.495267 0.025226 0.013769
3 0.695783 0.489673 0.014307 0.006454
2 0.699454 0.490318 0.025791 0.010757
3 0.203502 0.575624 0.013554 0.0071
2 0.206137 0.572397 0.022214 0.016997
3 0.181758 0.627904 0.014872 0.005809
2 0.185147 0.624032 0.023532 0.015706
3 0.237293 0.6321 0.016002 0.012048
2 0.238799 0.627474 0.026167 0.023021
3 0.240211 0.569492 0.014684 0.006024
2 0.243694 0.565835 0.024661 0.015491
3 0.299981 0.564759 0.016002 0.007315
2 0.301864 0.560456 0.025791 0.017642
3 0.300922 0.620052 0.014872 0.007315
2 0.304688 0.615749 0.027297 0.018072
3 0.447854 0.570891 0.01619 0.00796
2 0.452748 0.567664 0.028614 0.018718
3 0.514872 0.613597 0.016943 0.006454
2 0.518637 0.608972 0.028614 0.016136
3 0.583208 0.649096 0.018072 0.007745
2 0.586596 0.645009 0.028614 0.020224
3 0.587255 0.586166 0.015625 0.00753
2 0.591209 0.581971 0.029179 0.018072
3 0.72355 0.634789 0.017508 0.00667
2 0.726562 0.629733 0.031438 0.017642
3 0.859187 0.660069 0.014307 0.006454
2 0.861634 0.656089 0.025979 0.016997
3 0.901826 0.593589 0.015248 0.005594
2 0.904273 0.589178 0.026544 0.015275
3 0.883942 0.530013 0.015625 0.008391
2 0.884413 0.526678 0.021837 0.016781
3 0.3173 0.752152 0.016755 0.006885
2 0.321066 0.749247 0.028803 0.02173
3 0.322101 0.826377 0.018072 0.011188
2 0.326242 0.821751 0.03125 0.02173
3 0.365493 0.814544 0.018261 0.008606
2 0.369447 0.809058 0.030309 0.02259
3 0.419804 0.815189 0.017319 0.007315
2 0.423569 0.810026 0.032756 0.019793
3 0.486728 0.804432 0.027297 0.011188
2 0.486258 0.799161 0.031626 0.023881
3 0.549322 0.768072 0.018072 0.011618
2 0.552052 0.764307 0.027673 0.025602
3 0.549981 0.824333 0.019014 0.009682
2 0.553182 0.819707 0.032944 0.021515
3 0.695218 0.830465 0.018072 0.010327
2 0.69936 0.826915 0.030497 0.023451
3 0.784638 0.796149 0.018449 0.00796
2 0.77965 0.800774 0.032568 0.021515
