1 0.136483 0.324548 0.033133 0.006239
1 0.131777 0.332939 0.034262 0.006239
0 0.139872 0.328851 0.074925 0.043244
1 0.408038 0.319277 0.058547 0.012478
0 0.408321 0.306476 0.071536 0.048838
3 0.780309 0.487844 0.023343 0.009251
3 0.778238 0.505701 0.022967 0.005809
3 0.752353 0.506132 0.023532 0.004518
3 0.485222 0.549161 0.024661 0.005379
3 0.479575 0.627044 0.02692 0.0071
2 0.483904 0.545611 0.029179 0.016781
2 0.478822 0.623171 0.031062 0.019578
2 0.752165 0.503012 0.025791 0.013339
2 0.779273 0.48494 0.02692 0.018072
2 0.778144 0.505164 0.025038 0.0142
