8 0.415986 0.172917 0.024279 0.015705
3 0.384615 0.144231 0.003846 0.012179
2 0.38738 0.146955 0.011298 0.020833
3 0.540865 0.207853 0.022115 0.005449
2 0.540385 0.205609 0.024519 0.013782
3 0.643389 0.204647 0.021875 0.005449
2 0.64351 0.202885 0.023558 0.012179
3 0.639663 0.13125 0.021154 0.005449
2 0.639663 0.129647 0.022115 0.011218
3 0.638942 0.0625 0.019711 0.004487
2 0.639062 0.061058 0.021394 0.009295
3 0.540024 0.066026 0.019471 0.008333
2 0.540144 0.065224 0.023077 0.015064
3 0.545312 0.131731 0.019952 0.004487
2 0.544832 0.130609 0.023317 0.010577
3 0.679087 0.076923 0.017788 0.003846
2 0.679447 0.075481 0.021394 0.009936
3 0.676923 0.36875 0.007212 0.026603
2 0.67512 0.370673 0.017548 0.032372
3 0.784255 0.385096 0.008413 0.028526
2 0.782212 0.386058 0.019231 0.034295
3 0.222476 0.333013 0.010817 0.025
2 0.21887 0.334295 0.022356 0.030769
3 0.510817 0.374359 0.00625 0.025
2 0.508053 0.375641 0.016106 0.032051
3 0.555168 0.445353 0.005529 0.027885
2 0.556851 0.44391 0.015625 0.034615
3 0.727885 0.468109 0.007212 0.020833
2 0.73137 0.466026 0.017548 0.030128
3 0.190505 0.666827 0.01274 0.036859
2 0.192909 0.666827 0.023317 0.042628
3 0.210216 0.557372 0.010337 0.032051
2 0.212981 0.558494 0.019231 0.038782
3 0.315865 0.702244 0.010577 0.036538
2 0.320433 0.7 0.023077 0.046154
3 0.405409 0.603045 0.010337 0.036859
2 0.402043 0.603846 0.02524 0.041667
3 0.593389 0.704968 0.007452 0.0375
2 0.589664 0.708013 0.018269 0.046795
3 0.686659 0.694712 0.008894 0.038141
2 0.683414 0.697276 0.020192 0.046474
3 0.832933 0.728846 0.010577 0.038462
2 0.835817 0.727885 0.024519 0.051923
3 0.714183 0.983013 0.007212 0.030128
2 0.716707 0.980288 0.019471 0.039423
3 0.239303 0.948558 0.030529 0.016987
2 0.240625 0.944391 0.037019 0.031731
