3 0.190606 0.288081 0.024285 0.006454
3 0.18863 0.319923 0.02372 0.010327
3 0.231551 0.329389 0.025979 0.006024
3 0.287556 0.260327 0.026167 0.007315
3 0.402297 0.337887 0.024849 0.006239
3 0.438441 0.320353 0.025602 0.008176
3 0.519672 0.264845 0.027297 0.008606
3 0.621423 0.251506 0.025979 0.008606
3 0.661992 0.317556 0.025791 0.006454
3 0.711785 0.322504 0.024473 0.006454
3 0.753765 0.326592 0.02372 0.005594
3 0.836032 0.322719 0.022967 0.005594
3 0.814288 0.246665 0.024285 0.005809
3 0.608434 0.121988 0.027485 0.007315
3 0.214703 0.16136 0.025414 0.009036
2 0.187029 0.31691 0.029179 0.021084
2 0.189665 0.283563 0.028803 0.018503
2 0.23061 0.325732 0.029744 0.017642
2 0.286333 0.255594 0.03125 0.018933
2 0.401732 0.333799 0.028614 0.016997
2 0.437688 0.31605 0.029744 0.019793
2 0.519672 0.259574 0.029932 0.02173
2 0.6202 0.24688 0.030309 0.021299
2 0.662086 0.313361 0.027861 0.019148
2 0.712067 0.318632 0.026544 0.016781
2 0.753859 0.323903 0.026167 0.016566
2 0.836126 0.31917 0.023908 0.014415
2 0.214326 0.156842 0.028426 0.021945
2 0.608434 0.117685 0.03125 0.021945
3 0.675922 0.083369 0.017131 0.00796
2 0.678276 0.077883 0.023343 0.021945
8 0.258001 0.11704 0.040098 0.040017
8 0.207831 0.137801 0.034639 0.018718
8 0.620294 0.227517 0.037651 0.015706
8 0.614175 0.315297 0.036333 0.032917
