3 0.195595 0.431583 0.027861 0.009466
2 0.194183 0.426958 0.032568 0.024742
3 0.159168 0.367577 0.027673 0.008391
2 0.158415 0.363382 0.03445 0.022806
3 0.111728 0.366932 0.02805 0.010542
2 0.110599 0.362306 0.033321 0.023666
3 0.065041 0.396407 0.015248 0.008821
2 0.069371 0.390168 0.031815 0.024742
3 0.108057 0.416523 0.016943 0.006454
2 0.111634 0.412328 0.03125 0.021299
3 0.077654 0.440189 0.025414 0.006454
2 0.076431 0.435133 0.03125 0.020009
3 0.010636 0.357896 0.017131 0.00796
2 0.01506 0.351334 0.029744 0.023666
3 0.016378 0.400065 0.01619 0.00796
2 0.019484 0.394148 0.032191 0.023236
3 0.02645 0.440942 0.022026 0.014845
2 0.02645 0.436962 0.028803 0.02969
3 0.16378 0.215899 0.028991 0.00796
2 0.163027 0.21009 0.035015 0.023881
