3 0.441359 0.424268 0.039345 0.008606
3 0.498306 0.373924 0.036898 0.012048
3 0.161521 0.328636 0.029367 0.00796
3 0.230139 0.295181 0.031815 0.009466
3 0.22468 0.3608 0.035203 0.010757
3 0.283697 0.363274 0.035768 0.008391
2 0.162086 0.325732 0.036898 0.018503
2 0.223833 0.357788 0.040663 0.021945
2 0.22901 0.291738 0.036709 0.018503
2 0.282097 0.359617 0.04198 0.0213
2 0.4407 0.418244 0.044804 0.024527
2 0.497835 0.369083 0.042357 0.026033
8 0.133377 0.372849 0.067959 0.042599
8 0.198983 0.380056 0.080196 0.045396
5 0.353822 0.35596 0.052523 0.010972
4 0.353069 0.353593 0.056288 0.017857
3 0.551487 0.152754 0.019014 0.004303
2 0.555817 0.15028 0.032191 0.011833
3 0.552711 0.167384 0.029744 0.004733
2 0.551675 0.164372 0.034074 0.012909
3 0.657662 0.158778 0.029556 0.007315
2 0.657285 0.156519 0.032191 0.014845
3 0.610222 0.133068 0.02692 0.004518
2 0.609281 0.130486 0.031062 0.010972
3 0.458114 0.143933 0.019767 0.005164
2 0.463667 0.141136 0.03238 0.012909
3 0.458396 0.178464 0.020331 0.005379
2 0.463667 0.17599 0.033886 0.0142
3 0.404367 0.167599 0.009413 0.01506
2 0.400979 0.164157 0.02259 0.025818
3 0.449078 0.109294 0.018261 0.004303
2 0.45369 0.107466 0.030497 0.010972
3 0.287086 0.17685 0.011295 0.024527
2 0.291039 0.176312 0.021837 0.026893
3 0.547252 0.071106 0.018825 0.003227
3 0.533791 0.081648 0.025414 0.003657
2 0.532944 0.079927 0.029367 0.010112
2 0.549228 0.069277 0.027673 0.009466
3 0.73974 0.167922 0.029179 0.004518
2 0.738799 0.165448 0.033321 0.012478
8 0.520896 0.396622 0.07756 0.049269
3 0.942489 0.440404 0.031438 0.006885
3 0.985693 0.445891 0.026732 0.00753
2 0.939477 0.435564 0.041227 0.02216
2 0.983057 0.441373 0.033509 0.021299
