3 0.270192 0.51875 0.014904 0.00609
2 0.27512 0.516667 0.030048 0.014744
5 0.291346 0.501923 0.039904 0.010256
4 0.277404 0.499519 0.071635 0.01891
5 0.305048 0.39343 0.036538 0.008654
4 0.291947 0.392628 0.066587 0.016667
3 0.393269 0.319071 0.022115 0.005449
2 0.392308 0.316506 0.025481 0.0125
5 0.390745 0.32516 0.042067 0.008013
4 0.381851 0.313141 0.061298 0.032692
3 0.384856 0.398558 0.014904 0.005449
2 0.388702 0.395833 0.025962 0.012179
3 0.383053 0.501122 0.015625 0.010577
2 0.388221 0.499519 0.029327 0.02468
3 0.466587 0.358654 0.017308 0.00641
2 0.465745 0.355769 0.020913 0.014744
3 0.46899 0.401442 0.022596 0.006731
2 0.468149 0.399359 0.026683 0.014103
7 0.475841 0.519231 0.04351 0.008974
6 0.475962 0.519391 0.046154 0.0125
3 0.556971 0.340705 0.021154 0.005769
2 0.55649 0.338301 0.024519 0.013782
3 0.566947 0.394551 0.014183 0.024359
2 0.565024 0.395833 0.020913 0.030128
3 0.597596 0.36875 0.022596 0.007372
2 0.596514 0.366186 0.027163 0.014423
3 0.603846 0.410577 0.013942 0.005769
2 0.60613 0.40641 0.028125 0.016026
3 0.627284 0.555449 0.016587 0.008974
2 0.63125 0.549519 0.03125 0.021474
3 0.641827 0.340705 0.020673 0.010256
2 0.640264 0.338301 0.02524 0.017628
3 0.657212 0.387019 0.013462 0.009936
2 0.657332 0.383013 0.028606 0.021154
3 0.66863 0.483173 0.007933 0.024038
2 0.665144 0.482853 0.018269 0.029167
3 0.675361 0.570353 0.016587 0.007372
2 0.678606 0.566346 0.029808 0.019231
3 0.102764 0.683173 0.031971 0.007372
2 0.102644 0.677404 0.040385 0.021474
3 0.10012 0.714904 0.032452 0.009936
2 0.099519 0.709455 0.039904 0.024038
3 0.196154 0.691186 0.024519 0.009936
2 0.199639 0.686699 0.035817 0.022115
3 0.318389 0.694231 0.030048 0.009615
2 0.317188 0.689263 0.033894 0.023397
3 0.322236 0.753045 0.03149 0.010577
2 0.322115 0.746795 0.0375 0.026282
3 0.323317 0.811538 0.032692 0.01859
2 0.321154 0.80657 0.038942 0.034936
3 0.419712 0.721314 0.029808 0.009295
2 0.419591 0.716186 0.035817 0.024038
3 0.445673 0.820673 0.029808 0.028526
2 0.443269 0.81859 0.039904 0.038462
3 0.461779 0.691026 0.015865 0.035256
2 0.465986 0.688622 0.027644 0.042628
3 0.524038 0.701282 0.007692 0.034615
2 0.528365 0.700962 0.018269 0.037821
3 0.534014 0.760897 0.01899 0.008333
2 0.538942 0.754968 0.034135 0.021474
3 0.693149 0.791987 0.018029 0.011539
2 0.696995 0.785417 0.035817 0.027885
3 0.707692 0.688462 0.011058 0.032692
2 0.711418 0.68734 0.022356 0.0375
3 0.756971 0.783013 0.029808 0.012179
2 0.755769 0.777885 0.034615 0.026923
3 0.801803 0.691346 0.027644 0.008974
2 0.79988 0.685898 0.032933 0.021795
3 0.814303 0.794872 0.029567 0.008974
2 0.81262 0.789263 0.035817 0.022756
3 0.874519 0.767628 0.028365 0.008333
2 0.873077 0.761699 0.034135 0.021474
3 0.913822 0.702724 0.028125 0.013141
2 0.91274 0.697756 0.033654 0.025641
3 0.955889 0.786218 0.03101 0.008333
2 0.953966 0.78109 0.038702 0.022436
3 0.514663 0.369712 0.014904 0.00609
2 0.514543 0.366506 0.016587 0.015064
