1 0.373212 0.083154 0.079631 0.02173
0 0.37227 0.066803 0.098833 0.064759
1 0.832643 0.14275 0.082455 0.014845
0 0.827937 0.123171 0.103916 0.06562
1 0.047534 0.035284 0.0657 0.015491
0 0.051299 0.024957 0.085279 0.048623
3 0.387048 0.351979 0.03012 0.006454
2 0.386295 0.347354 0.034262 0.018287
3 0.444183 0.344019 0.029556 0.005594
2 0.44343 0.340039 0.033321 0.017427
3 0.534262 0.337027 0.030873 0.005809
2 0.53238 0.332293 0.035392 0.017857
3 0.598268 0.340469 0.030873 0.008391
2 0.596762 0.336381 0.036521 0.020869
