1 0.086596 0.331218 0.01506 0.012263
1 0.076148 0.374247 0.016378 0.012263
1 0.080008 0.384789 0.016943 0.011833
1 0.080478 0.395224 0.016378 0.010757
1 0.130271 0.310886 0.018072 0.012048
1 0.129612 0.319923 0.01939 0.011188
1 0.125753 0.327238 0.020708 0.011188
1 0.129989 0.358756 0.019767 0.012263
1 0.1298 0.369299 0.020896 0.011403
1 0.125471 0.381885 0.030309 0.01506
1 0.17677 0.299806 0.033886 0.013985
1 0.177523 0.309703 0.034639 0.013985
0 0.083114 0.333369 0.046875 0.056153
0 0.081325 0.380056 0.044428 0.060456
0 0.130836 0.363059 0.053464 0.06562
0 0.129236 0.31293 0.055911 0.057874
0 0.183076 0.296687 0.060053 0.048623
1 0.340267 0.250323 0.01939 0.013554
1 0.339703 0.261295 0.022402 0.014845
1 0.340926 0.271299 0.021084 0.013769
1 0.361634 0.301528 0.035768 0.018718
1 0.414721 0.21988 0.025602 0.013339
1 0.415663 0.231067 0.024096 0.012478
1 0.409168 0.24247 0.037839 0.012909
0 0.340173 0.254841 0.057229 0.068201
0 0.367752 0.303356 0.062688 0.072719
0 0.416604 0.227517 0.064759 0.056583
1 0.563159 0.217943 0.02692 0.01506
1 0.565888 0.229776 0.024096 0.0142
1 0.565983 0.239781 0.024661 0.013985
1 0.62613 0.201807 0.025602 0.010327
1 0.6282 0.213425 0.025602 0.009036
1 0.622835 0.224828 0.039345 0.010327
1 0.682888 0.197827 0.037086 0.00796
1 0.6843 0.209122 0.038027 0.007315
1 0.685617 0.218158 0.039157 0.005164
1 0.599868 0.260542 0.038215 0.01506
1 0.598645 0.271192 0.041416 0.014845
1 0.600904 0.283348 0.038404 0.013769
1 0.663874 0.252259 0.035956 0.008391
1 0.663592 0.2642 0.038404 0.009466
0 0.56363 0.224182 0.067771 0.063683
0 0.627071 0.206218 0.072289 0.057014
0 0.69183 0.199333 0.072289 0.047978
0 0.604575 0.265168 0.0657 0.062608
0 0.670651 0.257638 0.070218 0.053141
1 0.895049 0.127797 0.024285 0.009466
1 0.897967 0.137586 0.025226 0.010112
1 0.901638 0.14716 0.024285 0.008606
0 0.895614 0.131347 0.077748 0.053571
1 0.987011 0.12543 0.024849 0.009897
1 0.989081 0.135112 0.021461 0.010327
0 0.975056 0.129518 0.049887 0.051635
1 0.911615 0.192771 0.041227 0.009036
1 0.915004 0.203313 0.042357 0.007315
1 0.918204 0.213533 0.042357 0.010112
0 0.920651 0.196966 0.082267 0.053141
