3 0.466209 0.770224 0.021649 0.006024
2 0.465832 0.766244 0.025038 0.016136
7 0.701996 0.745052 0.046687 0.019793
6 0.70209 0.745052 0.048005 0.022375
8 0.933547 0.676635 0.032756 0.031842
8 0.950866 0.733004 0.035015 0.034423
8 0.979763 0.732358 0.038592 0.035714
3 0.16651 0.759359 0.012236 0.00753
2 0.171216 0.755701 0.025038 0.019578
3 0.11634 0.751829 0.012425 0.006239
2 0.120482 0.747956 0.024096 0.016997
8 0.136954 0.649849 0.023155 0.02216
8 0.152014 0.651355 0.015625 0.02216
3 0.173946 0.655013 0.019578 0.004518
2 0.173381 0.651571 0.024849 0.013554
8 0.249341 0.712564 0.024661 0.026248
3 0.027297 0.572612 0.015813 0.004088
2 0.027579 0.569923 0.022026 0.012478
3 0.072572 0.574118 0.010354 0.003657
2 0.076619 0.571106 0.020708 0.012263
3 0.119258 0.576484 0.016755 0.003657
2 0.11907 0.57358 0.021273 0.011618
4 0.171875 0.679862 0.042922 0.017642
5 0.176675 0.680293 0.031815 0.013339
4 0.123494 0.677818 0.042169 0.018287
5 0.128483 0.678356 0.030685 0.0142
8 0.043298 0.7088 0.020708 0.023881
8 0.028897 0.684918 0.02805 0.021299
8 0.08895 0.686317 0.020896 0.023666
7 0.068148 0.652646 0.019578 0.00753
6 0.067865 0.652431 0.021273 0.009251
7 0.098927 0.654367 0.025414 0.012694
6 0.098833 0.65426 0.027108 0.01463
8 0.010636 0.682982 0.020896 0.02259
8 0.017225 0.71009 0.022779 0.02216
8 0.035956 0.734402 0.023343 0.023451
4 0.122553 0.532272 0.038027 0.012909
5 0.127636 0.532164 0.025979 0.0071
4 0.072948 0.542169 0.045369 0.01463
5 0.079443 0.542169 0.03012 0.010327
4 0.03878 0.527324 0.032756 0.010327
5 0.042451 0.527862 0.022779 0.008391
