3 0.301958 0.325624 0.021084 0.00667
3 0.337067 0.331756 0.022779 0.006885
3 0.46282 0.291523 0.023532 0.007315
3 0.487952 0.288941 0.024096 0.007315
3 0.516284 0.290448 0.023532 0.006885
3 0.536333 0.300022 0.00753 0.027754
3 0.576901 0.296687 0.008471 0.028399
3 0.602786 0.337027 0.023343 0.0071
3 0.642319 0.295934 0.02372 0.006239
3 0.674511 0.291631 0.02372 0.005809
3 0.699831 0.292491 0.022779 0.005809
3 0.804029 0.318739 0.022967 0.005809
3 0.814477 0.284746 0.023155 0.010972
3 0.839891 0.311747 0.01186 0.027539
3 0.887707 0.335628 0.021649 0.008606
2 0.302334 0.322935 0.025979 0.020654
2 0.336314 0.328098 0.025038 0.017212
2 0.462632 0.288081 0.025038 0.016351
2 0.487858 0.285069 0.02692 0.018933
2 0.515437 0.286682 0.027485 0.018287
2 0.539721 0.298946 0.016566 0.032917
2 0.573795 0.297332 0.017696 0.033133
2 0.602127 0.333584 0.02692 0.017427
2 0.642131 0.292491 0.028238 0.017427
2 0.673569 0.287866 0.028238 0.016781
2 0.700019 0.288726 0.025414 0.016351
2 0.803276 0.315512 0.026355 0.016566
2 0.814759 0.281196 0.028614 0.021515
2 0.843091 0.310886 0.022026 0.033563
2 0.887989 0.332293 0.027108 0.019148
