3 0.16971 0.479131 0.032944 0.012909
2 0.169428 0.474935 0.041792 0.025602
3 0.288686 0.412435 0.020143 0.009466
3 0.289721 0.438791 0.033509 0.005379
2 0.28878 0.435026 0.041416 0.016781
2 0.296216 0.409208 0.040098 0.022806
3 0.375941 0.491932 0.036521 0.006239
2 0.374341 0.488059 0.041227 0.020869
3 0.463291 0.488705 0.034262 0.0071
2 0.461879 0.484509 0.038592 0.020654
3 0.534827 0.435133 0.019202 0.008821
3 0.536709 0.499139 0.021461 0.009036
2 0.541133 0.493115 0.038968 0.022806
2 0.540663 0.432229 0.036898 0.021945
3 0.587067 0.49957 0.033697 0.007315
2 0.584714 0.495052 0.039157 0.021084
3 0.691265 0.5 0.030497 0.006454
2 0.688535 0.495482 0.037839 0.019363
3 0.745105 0.50398 0.030497 0.008391
2 0.742752 0.49957 0.037462 0.021945
3 0.792169 0.508068 0.028991 0.00753
2 0.789721 0.50441 0.036145 0.02173
3 0.22468 0.611338 0.023908 0.009682
2 0.229292 0.604991 0.039533 0.021515
3 0.155968 0.592513 0.015248 0.025387
2 0.152203 0.586274 0.034827 0.046472
3 0.27965 0.743761 0.025791 0.011618
2 0.28718 0.739565 0.05064 0.033778
3 0.462538 0.760327 0.024849 0.009466
2 0.469221 0.755379 0.046122 0.02926
3 0.520237 0.763985 0.025414 0.011188
2 0.527485 0.758713 0.046687 0.031626
3 0.639025 0.658778 0.03558 0.012478
2 0.637425 0.654045 0.043675 0.027539
3 0.707549 0.657057 0.03445 0.0142
2 0.706043 0.651463 0.038968 0.030551
3 0.765343 0.656734 0.034827 0.009251
2 0.764119 0.651571 0.041039 0.024312
3 0.807041 0.647913 0.022214 0.010542
2 0.8109 0.643072 0.041604 0.02883
3 0.691924 0.76065 0.040098 0.015275
2 0.688818 0.753765 0.048946 0.03636
3 0.792828 0.749677 0.035956 0.010972
2 0.789157 0.743546 0.045181 0.02926
3 0.861634 0.677818 0.030497 0.008391
2 0.858904 0.671364 0.037839 0.025172
3 0.94343 0.634036 0.027673 0.008606
2 0.941547 0.628765 0.03558 0.021299
3 0.837161 0.593158 0.028991 0.007745
2 0.834902 0.588425 0.036521 0.022806
3 0.885919 0.579066 0.016943 0.00753
2 0.887989 0.57401 0.034262 0.020224
