5 0.625471 0.713102 0.02692 0.009682
4 0.621706 0.712349 0.036709 0.013339
5 0.639496 0.803464 0.048946 0.013124
4 0.634601 0.804324 0.063253 0.018287
3 0.645237 0.841114 0.041227 0.012263
2 0.645331 0.834337 0.045181 0.03012
5 0.845444 0.713748 0.057605 0.014845
4 0.840362 0.713425 0.070407 0.016351
5 0.928464 0.713425 0.038027 0.009897
4 0.924793 0.712672 0.047628 0.013985
3 0.8734 0.778507 0.02052 0.010112
2 0.873776 0.77259 0.032191 0.022806
3 0.940418 0.76818 0.031062 0.010972
2 0.939947 0.763447 0.035768 0.02259
5 0.88573 0.803141 0.044051 0.012478
4 0.886389 0.802388 0.046875 0.016566
3 0.892413 0.840039 0.03445 0.014415
2 0.89166 0.834983 0.040098 0.03012
3 0.932511 0.851657 0.022402 0.011833
2 0.9327 0.845525 0.031062 0.025387
3 0.505836 0.790448 0.041416 0.03012
2 0.499341 0.774742 0.065324 0.080034
