1 0.438221 0.330128 0.070673 0.014103
0 0.43726 0.313462 0.078846 0.057051
1 0.764183 0.316827 0.045673 0.008654
0 0.765264 0.327885 0.048798 0.009615
0 0.773918 0.32484 0.089183 0.059295
5 0.289784 0.621314 0.033413 0.009295
4 0.279447 0.620833 0.067067 0.017949
8 0.310938 0.676603 0.031971 0.025
8 0.546514 0.642308 0.026202 0.021795
3 0.423798 0.744712 0.021635 0.009295
2 0.427163 0.740224 0.033173 0.019551
8 0.679207 0.635897 0.026202 0.023077
8 0.683774 0.657692 0.029087 0.023077
8 0.686298 0.678846 0.026923 0.022436
3 0.77476 0.666667 0.028365 0.007051
2 0.773077 0.662981 0.033173 0.015705
