8 0.097115 0.432692 0.021635 0.014744
8 0.072115 0.473237 0.024519 0.013782
8 0.148558 0.471955 0.022596 0.015705
8 0.167909 0.416667 0.022356 0.014744
3 0.096514 0.473077 0.019952 0.008333
2 0.098678 0.469551 0.027163 0.015385
3 0.023077 0.480288 0.004808 0.01891
2 0.019952 0.481891 0.014423 0.02532
8 0.271154 0.424359 0.022596 0.012179
8 0.344712 0.475321 0.022596 0.012821
8 0.265024 0.478526 0.022837 0.014103
8 0.421034 0.478045 0.022356 0.013782
8 0.426082 0.427564 0.019471 0.014744
8 0.432452 0.371474 0.019231 0.012821
8 0.435096 0.320353 0.019712 0.0125
3 0.356731 0.272115 0.010577 0.002564
2 0.359135 0.270513 0.020192 0.008974
3 0.344712 0.465705 0.022115 0.005128
2 0.344351 0.462821 0.025721 0.012821
8 0.486418 0.380609 0.019471 0.011859
8 0.478245 0.433974 0.019471 0.012821
8 0.479447 0.484455 0.022356 0.016346
8 0.589183 0.48093 0.024519 0.016346
8 0.593389 0.432212 0.021875 0.013782
8 0.588582 0.391667 0.019471 0.012179
8 0.584014 0.315545 0.019471 0.0125
8 0.62524 0.314103 0.019711 0.012179
8 0.634495 0.386859 0.020433 0.012179
8 0.644952 0.447917 0.022596 0.013141
8 0.688822 0.446474 0.021875 0.012821
8 0.672716 0.399359 0.021875 0.012179
8 0.720433 0.411859 0.021154 0.012821
8 0.701202 0.368269 0.020192 0.011538
8 0.751082 0.307692 0.020913 0.014744
8 0.778486 0.336538 0.019952 0.014103
8 0.764423 0.413462 0.022596 0.013462
8 0.807332 0.4125 0.021394 0.012179
8 0.776683 0.464583 0.024519 0.0125
8 0.731971 0.465224 0.024038 0.011859
3 0.822236 0.458654 0.022356 0.00641
2 0.820433 0.455769 0.027885 0.014744
5 0.769471 0.454647 0.025481 0.004808
4 0.767067 0.44984 0.031731 0.016346
5 0.724639 0.457212 0.025721 0.004167
4 0.722716 0.45016 0.030529 0.019551
5 0.755409 0.403045 0.021875 0.005449
4 0.752644 0.398878 0.028846 0.015705
3 0.697356 0.359615 0.01875 0.005128
2 0.696154 0.357532 0.022596 0.010577
8 0.74351 0.354487 0.019712 0.013462
3 0.8 0.400641 0.01875 0.005769
2 0.798438 0.398397 0.02476 0.012179
8 0.821875 0.469551 0.023558 0.012179
3 0.745072 0.47516 0.014663 0.008654
2 0.744952 0.472917 0.020192 0.016346
3 0.638702 0.429006 0.012981 0.005449
2 0.642909 0.426282 0.024279 0.012821
3 0.615505 0.30641 0.010817 0.004487
2 0.61863 0.304327 0.020913 0.009295
8 0.971394 0.372756 0.03125 0.015385
8 0.90649 0.386058 0.025481 0.011218
8 0.916827 0.399359 0.025 0.010897
8 0.93774 0.391827 0.022115 0.011218
8 0.937019 0.458013 0.026923 0.014103
8 0.973317 0.446795 0.025 0.012821
8 0.985216 0.46843 0.026683 0.015705
8 0.95024 0.334776 0.025962 0.015064
8 0.982572 0.289103 0.024279 0.009615
8 0.989664 0.335737 0.020192 0.009295
8 0.916586 0.344712 0.022596 0.010577
3 0.913341 0.271314 0.009856 0.004808
2 0.916707 0.269712 0.023317 0.0125
8 0.982933 0.320833 0.020192 0.009615
3 0.924279 0.357692 0.0125 0.00641
2 0.925721 0.357372 0.019712 0.012821
8 0.958293 0.551763 0.027163 0.015064
8 0.967188 0.584776 0.029087 0.016987
8 0.974159 0.609455 0.030529 0.016987
8 0.877164 0.658013 0.030288 0.01859
8 0.846875 0.697115 0.030769 0.019231
8 0.899519 0.722756 0.030769 0.019231
8 0.76863 0.726923 0.029567 0.020513
8 0.729086 0.720032 0.028365 0.020192
8 0.682332 0.705449 0.028125 0.021795
8 0.947476 0.755128 0.03149 0.021154
8 0.978966 0.813782 0.034856 0.024359
8 0.913341 0.810898 0.034856 0.025
3 0.902644 0.788462 0.026442 0.014103
2 0.898918 0.783333 0.034375 0.027564
8 0.828125 0.646314 0.021635 0.025962
3 0.750481 0.646154 0.016827 0.005128
2 0.753245 0.641987 0.03101 0.014744
3 0.76238 0.688462 0.017067 0.008974
2 0.764663 0.683654 0.032212 0.021795
3 0.896274 0.708013 0.028125 0.007692
2 0.894111 0.702724 0.034375 0.018269
8 0.782452 0.822917 0.031731 0.023397
8 0.705409 0.808494 0.03101 0.024038
3 0.675481 0.666667 0.016827 0.00641
2 0.678966 0.661538 0.030529 0.01859
3 0.610457 0.658333 0.016106 0.00641
3 0.603125 0.62532 0.015865 0.005769
2 0.606611 0.621474 0.029567 0.014744
2 0.614183 0.654327 0.029808 0.017628
3 0.603966 0.587019 0.014663 0.006731
2 0.607332 0.583974 0.027163 0.017308
3 0.546755 0.606891 0.02524 0.007372
2 0.545793 0.602724 0.028606 0.016987
3 0.49976 0.577564 0.015865 0.00641
3 0.503966 0.61234 0.025721 0.005449
3 0.467188 0.639263 0.026202 0.005449
3 0.464543 0.583333 0.023798 0.007051
3 0.426442 0.632853 0.015385 0.006731
3 0.395913 0.649038 0.014904 0.00641
3 0.447356 0.711859 0.015865 0.005769
3 0.440745 0.794712 0.018029 0.006731
3 0.361899 0.65657 0.007452 0.027885
2 0.365745 0.655449 0.018029 0.03141
8 0.349399 0.65625 0.016587 0.027244
8 0.351562 0.702404 0.01899 0.029167
8 0.339062 0.783013 0.028606 0.021795
8 0.343269 0.750801 0.029808 0.024038
8 0.231971 0.809455 0.032212 0.021474
8 0.179808 0.83718 0.034615 0.027564
8 0.144231 0.786058 0.034135 0.028526
8 0.123678 0.847276 0.035817 0.026603
3 0.273438 0.839263 0.030529 0.008654
2 0.272716 0.833494 0.035337 0.022756
2 0.446394 0.788782 0.032692 0.022436
8 0.394471 0.827083 0.028846 0.024679
8 0.399519 0.764103 0.026923 0.023077
8 0.45 0.733654 0.027404 0.023077
8 0.526803 0.779167 0.027644 0.023077
8 0.446635 0.817308 0.027885 0.023718
8 0.466346 0.655609 0.025 0.020192
8 0.502043 0.680769 0.02476 0.020513
2 0.400601 0.644391 0.025721 0.018269
2 0.467188 0.634776 0.029567 0.015705
2 0.43113 0.630128 0.029087 0.019872
2 0.463942 0.579487 0.026923 0.017308
2 0.502764 0.573237 0.028125 0.016346
2 0.503486 0.608974 0.028125 0.016026
5 0.501082 0.653205 0.023317 0.00641
2 0.501202 0.65016 0.024038 0.014423
8 0.542428 0.655769 0.027644 0.024359
3 0.502524 0.70593 0.026683 0.008013
2 0.502284 0.700641 0.030048 0.020513
3 0.634615 0.704647 0.016827 0.005449
2 0.637861 0.700481 0.028606 0.017628
8 0.619591 0.717308 0.028125 0.019231
8 0.627043 0.799359 0.03101 0.025
3 0.606971 0.773077 0.028365 0.015385
2 0.60601 0.767949 0.032692 0.028205
2 0.452163 0.705609 0.030288 0.020192
8 0.335938 0.84359 0.029087 0.023718
8 0.165625 0.666827 0.028846 0.022115
8 0.222596 0.633013 0.027404 0.017308
8 0.265385 0.643269 0.027404 0.016667
8 0.21226 0.675962 0.028365 0.020513
8 0.203726 0.730769 0.030048 0.023077
8 0.247596 0.729006 0.03125 0.027244
8 0.159375 0.727404 0.032212 0.023397
3 0.188101 0.79391 0.01851 0.008333
2 0.19375 0.7875 0.034135 0.022436
8 0.845072 0.80032 0.030529 0.024359
