5 0.371894 0.474828 0.032944 0.008606
4 0.36041 0.468589 0.058923 0.024957
5 0.48654 0.442341 0.025414 0.006024
4 0.467715 0.436747 0.066077 0.018933
5 0.591585 0.471601 0.035956 0.008176
4 0.576996 0.462995 0.067395 0.027969
3 0.592903 0.461166 0.013743 0.004948
2 0.596386 0.457616 0.027108 0.01463
3 0.521649 0.462887 0.02259 0.00667
2 0.520614 0.459768 0.025791 0.015491
3 0.520425 0.515813 0.022779 0.005379
2 0.519767 0.512371 0.026355 0.015275
5 0.482963 0.493008 0.025414 0.00667
4 0.46282 0.486984 0.067959 0.020869
3 0.796404 0.475258 0.021649 0.006024
2 0.794804 0.471816 0.027108 0.015921
3 0.264872 0.483541 0.011672 0.004088
2 0.268543 0.480637 0.022402 0.012478
5 0.054311 0.483756 0.029556 0.00753
4 0.050828 0.479776 0.037651 0.016781
1 0.962255 0.288941 0.038968 0.007315
1 0.968468 0.298085 0.038592 0.00753
0 0.964608 0.294105 0.070407 0.049053
