1 0.165625 0.365064 0.057692 0.009615
0 0.167308 0.358814 0.071635 0.027244
1 0.350601 0.398077 0.055529 0.016026
0 0.349159 0.389103 0.063702 0.039103
1 0.507332 0.422596 0.049279 0.011218
0 0.506851 0.415224 0.057933 0.032372
1 0.684495 0.446635 0.045913 0.014423
0 0.68149 0.438141 0.063462 0.036538
1 0.878726 0.439103 0.048317 0.008333
0 0.871995 0.429808 0.071394 0.028846
1 0.372236 0.658974 0.076683 0.022436
0 0.372716 0.640865 0.09399 0.06891
1 0.750361 0.632853 0.072837 0.01891
0 0.747356 0.616346 0.095673 0.06282
