5 0.170369 0.406196 0.026355 0.007745
4 0.164062 0.406519 0.041227 0.013985
5 0.226374 0.421041 0.018637 0.021084
4 0.22195 0.416954 0.030873 0.033133
3 0.171687 0.493546 0.026355 0.006454
2 0.171593 0.488597 0.031438 0.018072
3 0.162086 0.590899 0.027485 0.00796
2 0.162462 0.587134 0.035392 0.020654
3 0.383471 0.395009 0.026732 0.006024
2 0.382812 0.390383 0.030309 0.017427
3 0.501412 0.589608 0.030685 0.008821
2 0.499623 0.584552 0.036521 0.023236
3 0.517978 0.407164 0.027673 0.00667
2 0.51666 0.402754 0.032191 0.017642
3 0.671875 0.358649 0.026732 0.006885
2 0.669992 0.354991 0.03238 0.017212
3 0.707643 0.631347 0.012801 0.038081
2 0.712067 0.629195 0.025414 0.044535
3 0.770896 0.362091 0.027108 0.006024
2 0.769578 0.358972 0.032003 0.015706
3 0.767508 0.420073 0.027108 0.0071
2 0.765249 0.416523 0.032756 0.017642
3 0.77099 0.474505 0.028426 0.0071
2 0.768637 0.470095 0.034639 0.017642
3 0.809017 0.53367 0.027673 0.00667
2 0.806476 0.528614 0.033886 0.019794
3 0.921593 0.401786 0.012613 0.026463
2 0.919051 0.401893 0.021461 0.03012
