1 0.421687 0.246665 0.044051 0.006239
1 0.421404 0.255701 0.042733 0.00796
0 0.429311 0.254303 0.080008 0.049914
1 0.706608 0.195353 0.039345 0.006454
1 0.710843 0.202238 0.037274 0.006024
1 0.711596 0.209768 0.03991 0.007745
0 0.716114 0.199978 0.073795 0.040232
1 0.951337 0.174914 0.037086 0.005164
1 0.955949 0.182982 0.03991 0.006239
1 0.962161 0.193417 0.037274 0.007745
0 0.958302 0.180077 0.082643 0.045181
3 0.596574 0.436102 0.005271 0.016351
2 0.59215 0.430508 0.015249 0.02969
3 0.752353 0.439006 0.016378 0.005379
2 0.755459 0.435241 0.028991 0.0142
3 0.861163 0.447397 0.025414 0.010972
2 0.857775 0.443954 0.034827 0.020869
3 0.139778 0.633929 0.026167 0.010972
2 0.140813 0.629088 0.03125 0.022375
3 0.222044 0.658993 0.016755 0.010327
2 0.227786 0.654905 0.032003 0.025387
3 0.317395 0.710843 0.027108 0.008606
2 0.315794 0.706218 0.031438 0.023451
3 0.313441 0.597569 0.016943 0.008391
2 0.31843 0.594126 0.032191 0.023451
5 0.32916 0.58025 0.032191 0.006454
4 0.329066 0.580142 0.034639 0.008391
5 0.236446 0.641781 0.03125 0.008176
4 0.23654 0.641781 0.032568 0.009466
5 0.052805 0.31648 0.04311 0.012479
4 0.052711 0.316588 0.044804 0.013985
