8 0.29351 0.224519 0.021154 0.016346
8 0.269832 0.259615 0.023798 0.016026
8 0.254207 0.314583 0.02524 0.016987
8 0.238221 0.369231 0.026923 0.019231
8 0.330168 0.376923 0.024279 0.017308
5 0.330529 0.357532 0.038942 0.011859
4 0.325601 0.356891 0.051202 0.01891
8 0.341106 0.315224 0.022115 0.013141
8 0.344231 0.270032 0.021154 0.013782
8 0.416827 0.40609 0.023558 0.019231
3 0.437861 0.423077 0.023317 0.008974
2 0.43774 0.426442 0.026923 0.018269
8 0.441346 0.379487 0.021635 0.014744
8 0.479688 0.390385 0.023317 0.022436
8 0.559255 0.369551 0.021394 0.016667
3 0.603846 0.385256 0.021635 0.00641
2 0.602644 0.383333 0.025481 0.012821
8 0.651923 0.268109 0.020673 0.014423
8 0.732812 0.369391 0.021875 0.013782
8 0.792067 0.450801 0.022115 0.015064
8 0.84976 0.38766 0.01875 0.021474
8 0.913702 0.401923 0.014423 0.013462
8 0.958293 0.415385 0.022837 0.016026
8 0.986659 0.476122 0.023798 0.015064
8 0.138462 0.594391 0.030769 0.022115
8 0.292428 0.579647 0.028125 0.024679
7 0.259014 0.586538 0.04399 0.060256
6 0.259615 0.587019 0.047115 0.061218
8 0.116587 0.713141 0.034135 0.026282
8 0.148438 0.750801 0.035817 0.028526
8 0.271635 0.686378 0.032212 0.025962
8 0.331731 0.653045 0.029808 0.021474
8 0.346635 0.685577 0.028846 0.023077
8 0.323438 0.751282 0.031971 0.025641
8 0.41851 0.760737 0.027885 0.023397
3 0.398197 0.668109 0.027644 0.008013
2 0.398798 0.664744 0.03125 0.019231
8 0.394111 0.598397 0.018029 0.027564
3 0.419591 0.609615 0.00601 0.03141
2 0.415745 0.609295 0.017067 0.035256
8 0.540745 0.568269 0.023798 0.022436
3 0.551923 0.622276 0.022596 0.020833
2 0.552524 0.618109 0.030529 0.031731
8 0.523077 0.709615 0.026442 0.026282
8 0.521755 0.779006 0.019471 0.034936
3 0.522476 0.808013 0.030048 0.011538
2 0.522476 0.8125 0.032452 0.023077
3 0.465385 0.780609 0.013942 0.040064
2 0.460337 0.78141 0.025481 0.04359
3 0.400962 0.782372 0.033173 0.010256
2 0.400962 0.787981 0.035096 0.022756
8 0.601202 0.76907 0.026442 0.030449
8 0.647837 0.757372 0.025962 0.03141
8 0.649038 0.823237 0.028365 0.03109
8 0.694471 0.833173 0.028365 0.019551
8 0.738702 0.835737 0.029808 0.022756
8 0.790865 0.814744 0.025962 0.025641
3 0.785817 0.836859 0.018269 0.010897
2 0.789784 0.835417 0.028125 0.020833
3 0.803846 0.726282 0.024519 0.029487
2 0.804688 0.724199 0.030048 0.036859
3 0.795192 0.647596 0.024519 0.013141
2 0.794591 0.643269 0.027644 0.023718
3 0.892428 0.79359 0.027163 0.010897
2 0.890986 0.787981 0.032452 0.025962
8 0.926202 0.795192 0.028846 0.026923
7 0.169351 0.597596 0.072837 0.055449
6 0.169111 0.597436 0.077163 0.062821
5 0.786899 0.720994 0.024279 0.0125
4 0.78149 0.720032 0.037019 0.015705
