2 0.265024 0.730769 0.035337 0.033333
3 0.263582 0.736378 0.026683 0.019551
2 0.391947 0.804006 0.03101 0.022115
3 0.391707 0.809295 0.029087 0.009615
4 0.455288 0.799359 0.029327 0.016667
5 0.460817 0.798237 0.014423 0.006731
2 0.140144 0.69407 0.034135 0.01891
3 0.140745 0.699038 0.028125 0.007051
2 0.154688 0.462821 0.03101 0.017949
3 0.149279 0.466346 0.015865 0.007051
2 0.215264 0.463301 0.029087 0.013782
3 0.210577 0.466667 0.015385 0.005128
3 0.30613 0.516827 0.02476 0.009936
2 0.30649 0.514103 0.03125 0.019231
3 0.192067 0.549519 0.024519 0.013782
2 0.19351 0.546314 0.031731 0.023397
3 0.376202 0.602724 0.025481 0.007372
2 0.375481 0.598077 0.028846 0.019231
1 0.097837 0.266186 0.040865 0.008013
0 0.101562 0.269551 0.08726 0.046795
1 0.341707 0.333173 0.046875 0.008013
0 0.349038 0.339744 0.079327 0.055769
1 0.42524 0.33157 0.027885 0.008013
1 0.424639 0.34375 0.028125 0.009295
1 0.423918 0.35641 0.028125 0.008974
0 0.42476 0.338782 0.075481 0.055769
1 0.427644 0.282051 0.026923 0.007692
1 0.427524 0.291987 0.025721 0.007051
1 0.426923 0.302244 0.025481 0.007692
0 0.426322 0.287019 0.072837 0.050321
1 0.872957 0.273397 0.04351 0.008333
1 0.877764 0.282372 0.041587 0.008333
1 0.943149 0.271955 0.041587 0.011218
1 0.945673 0.282532 0.041827 0.011218
1 0.949279 0.291987 0.043269 0.009615
1 0.935336 0.235577 0.025962 0.007051
1 0.932812 0.225641 0.022837 0.007051
1 0.928606 0.216346 0.024038 0.00641
1 0.850962 0.220353 0.042308 0.008654
1 0.853365 0.230128 0.043269 0.008974
1 0.856611 0.23766 0.043029 0.008013
0 0.860577 0.222756 0.079808 0.046154
0 0.883534 0.277564 0.082452 0.048077
0 0.953606 0.277564 0.082692 0.052564
0 0.930168 0.220673 0.079567 0.047756
1 0.729086 0.330449 0.041827 0.010897
1 0.657452 0.347115 0.043269 0.007692
1 0.65601 0.337019 0.042308 0.007372
1 0.653486 0.326282 0.04351 0.008333
1 0.651683 0.290385 0.036058 0.009615
1 0.649519 0.277885 0.037981 0.012821
1 0.647716 0.265064 0.041587 0.010256
1 0.720553 0.26843 0.036779 0.009936
1 0.718269 0.28141 0.039904 0.012821
1 0.720192 0.294231 0.038942 0.012179
1 0.711178 0.23734 0.038221 0.009936
1 0.709615 0.227885 0.0375 0.009615
1 0.708293 0.219071 0.03774 0.008654
1 0.640986 0.223718 0.039663 0.010256
1 0.643029 0.232853 0.037019 0.008654
1 0.692668 0.19968 0.036298 0.015385
1 0.692428 0.191346 0.035817 0.015385
1 0.690865 0.183654 0.037019 0.015385
1 0.692668 0.164744 0.022356 0.010897
1 0.691106 0.158013 0.021154 0.012821
1 0.635457 0.133173 0.022837 0.008654
1 0.635457 0.141026 0.022837 0.008974
1 0.636659 0.148878 0.022356 0.008654
1 0.638702 0.170353 0.024038 0.009295
1 0.632212 0.178205 0.0375 0.010897
1 0.632692 0.187179 0.037981 0.010897
0 0.663702 0.33125 0.078365 0.054808
0 0.738462 0.335737 0.080769 0.058654
0 0.725962 0.276763 0.073077 0.059295
0 0.655409 0.273237 0.072356 0.057372
0 0.649639 0.220192 0.06899 0.047436
0 0.716226 0.228365 0.071875 0.043269
0 0.699279 0.186699 0.061538 0.054167
0 0.637981 0.171154 0.060096 0.055128
0 0.634375 0.134135 0.057212 0.046474
0 0.692909 0.150321 0.06226 0.051923
