3 0.038404 0.629733 0.018449 0.005163
2 0.039157 0.625968 0.024096 0.015706
3 0.032003 0.695568 0.018449 0.007745
2 0.032944 0.691373 0.025226 0.019148
3 0.090173 0.638984 0.019202 0.009036
2 0.090738 0.634574 0.025979 0.020439
3 0.085279 0.700301 0.019578 0.007745
2 0.08622 0.695353 0.025602 0.020654
3 0.128765 0.707293 0.020708 0.0071
2 0.129142 0.702668 0.026732 0.021515
3 0.180441 0.737952 0.023908 0.006024
2 0.181005 0.732143 0.029179 0.020224
3 0.254612 0.745697 0.025414 0.012478
2 0.254142 0.739458 0.030873 0.027108
3 0.317018 0.754733 0.027485 0.012478
2 0.317018 0.748494 0.034262 0.027539
3 0.373776 0.765491 0.030685 0.013339
2 0.373212 0.759144 0.037086 0.029045
3 0.473456 0.761725 0.033133 0.008391
2 0.472609 0.755271 0.038215 0.025602
3 0.594315 0.779045 0.036898 0.013339
2 0.593844 0.77216 0.042357 0.03012
3 0.743882 0.785069 0.039721 0.012479
2 0.742093 0.777539 0.045557 0.030551
3 0.964514 0.753335 0.040851 0.010542
2 0.961973 0.745267 0.052711 0.02926
3 0.110599 0.459015 0.016755 0.004518
2 0.11154 0.455895 0.021273 0.013339
3 0.079819 0.534638 0.017696 0.006024
2 0.081325 0.531304 0.024096 0.015275
3 0.130742 0.537866 0.017131 0.004733
2 0.131589 0.534531 0.022967 0.014415
3 0.1827 0.533886 0.020143 0.0071
2 0.183358 0.530013 0.023343 0.016997
3 0.259883 0.443524 0.020896 0.005809
2 0.259695 0.439867 0.023532 0.015706
3 0.239646 0.529905 0.022967 0.005163
2 0.240587 0.52614 0.026732 0.014845
3 0.322572 0.439221 0.022779 0.00796
2 0.322477 0.435779 0.024849 0.016566
3 0.302052 0.532057 0.023532 0.006454
2 0.303087 0.528077 0.028991 0.016997
3 0.376224 0.526786 0.024661 0.005809
2 0.376035 0.52216 0.030309 0.016781
3 0.463102 0.413081 0.024096 0.007315
2 0.462726 0.409639 0.027485 0.017212
3 0.449172 0.520116 0.027485 0.005379
2 0.44823 0.515383 0.031627 0.017857
3 0.567865 0.397052 0.02692 0.005809
2 0.567018 0.392965 0.030497 0.016136
3 0.530403 0.480637 0.028803 0.008176
2 0.529179 0.476011 0.03238 0.020439
3 0.631871 0.471816 0.030309 0.007315
2 0.630836 0.466867 0.037274 0.019363
3 0.742846 0.49559 0.033133 0.00667
2 0.740964 0.490534 0.03991 0.019363
3 0.886483 0.445138 0.033886 0.010327
2 0.883095 0.441265 0.041792 0.021084
3 0.988328 0.454174 0.023343 0.009897
2 0.984093 0.448903 0.031815 0.023021
3 0.366999 0.267857 0.017131 0.006024
2 0.366529 0.265813 0.021084 0.011833
3 0.519955 0.317664 0.021084 0.004948
2 0.521178 0.314436 0.02692 0.013985
3 0.612105 0.16889 0.020143 0.007315
2 0.611258 0.167276 0.024473 0.012263
3 0.633095 0.27883 0.024473 0.005594
2 0.632342 0.275818 0.027861 0.012479
3 0.675546 0.208907 0.023532 0.009466
2 0.674228 0.207293 0.02805 0.014845
3 0.845068 0.268933 0.025602 0.008176
2 0.842244 0.266028 0.033133 0.016997
3 0.900132 0.185994 0.022779 0.006239
2 0.897684 0.18352 0.031062 0.012478
