3 0.502353 0.468158 0.025791 0.004733
2 0.502259 0.465792 0.027861 0.0142
3 0.453878 0.48096 0.01506 0.0071
2 0.459149 0.476549 0.027861 0.017642
3 0.462914 0.418567 0.013554 0.004948
2 0.46762 0.417491 0.026732 0.009682
3 0.498494 0.420826 0.013931 0.004303
2 0.5032 0.418782 0.025226 0.010112
3 0.645049 0.436962 0.014872 0.004733
2 0.649285 0.432874 0.028991 0.01506
3 0.64119 0.491179 0.015813 0.004733
2 0.644955 0.486876 0.029744 0.01463
3 0.771367 0.464931 0.014119 0.005164
2 0.775132 0.461166 0.028803 0.013985
3 0.857681 0.479884 0.021461 0.004518
2 0.856363 0.475581 0.027485 0.013985
3 0.423852 0.427711 0.022779 0.006024
2 0.42291 0.424699 0.027673 0.01463
3 0.330761 0.434596 0.02259 0.006024
2 0.330666 0.431476 0.028426 0.015275
3 0.231834 0.461058 0.023155 0.005164
2 0.231175 0.457831 0.028614 0.01463
3 0.192865 0.695353 0.017508 0.006024
2 0.198136 0.690942 0.032191 0.019148
3 0.388837 0.66136 0.017884 0.007745
2 0.393261 0.656411 0.03238 0.022375
3 0.479292 0.692233 0.028238 0.0071
2 0.47788 0.687177 0.032944 0.020224
3 0.542263 0.706325 0.028426 0.009036
2 0.541416 0.701592 0.033132 0.022375
3 0.642602 0.68083 0.018637 0.00796
2 0.646649 0.675344 0.035015 0.021945
3 0.695407 0.710413 0.017319 0.010327
2 0.700207 0.703528 0.036333 0.026678
3 0.72308 0.766781 0.029368 0.007315
2 0.722327 0.762909 0.035768 0.026248
3 0.825772 0.774957 0.015625 0.009466
2 0.831608 0.770762 0.032944 0.026463
3 0.940983 0.678141 0.015625 0.009036
2 0.942771 0.67287 0.03238 0.024312
3 0.624906 0.59886 0.017131 0.00667
2 0.628294 0.594234 0.033321 0.019793
2 0.584996 0.593589 0.031062 0.019793
3 0.580666 0.597354 0.017131 0.00667
2 0.538968 0.607358 0.032003 0.020224
3 0.540286 0.611446 0.027108 0.009036
2 0.483622 0.593911 0.028238 0.017427
3 0.484846 0.597784 0.024661 0.005809
3 0.280591 0.617147 0.016378 0.006239
2 0.285392 0.613059 0.030873 0.018718
2 0.225151 0.609509 0.030873 0.017642
3 0.220256 0.613167 0.015813 0.005594
3 0.829913 0.675452 0.025414 0.00753
2 0.829631 0.671364 0.03012 0.018718
2 0.955666 0.441588 0.026167 0.013985
3 0.953407 0.444277 0.013743 0.005163
2 0.981081 0.520869 0.026544 0.015491
3 0.983246 0.524634 0.020331 0.005379
1 0.410486 0.288619 0.027673 0.008391
1 0.414251 0.278937 0.023532 0.00753
1 0.415474 0.269686 0.02372 0.00753
0 0.412274 0.275495 0.076807 0.045826
1 0.483998 0.274634 0.042922 0.008821
1 0.484187 0.284423 0.042169 0.009466
1 0.483622 0.29389 0.043675 0.009897
0 0.491811 0.280981 0.072854 0.049053
1 0.717526 0.263339 0.026544 0.007745
1 0.710938 0.273021 0.043486 0.008176
1 0.714985 0.283886 0.041039 0.009251
0 0.71875 0.270224 0.079819 0.050775
1 0.778144 0.26818 0.037462 0.009251
1 0.781909 0.276248 0.038968 0.009897
1 0.788215 0.284746 0.035768 0.009682
0 0.787651 0.273451 0.081702 0.047332
1 0.950584 0.294213 0.042733 0.014415
0 0.944277 0.28324 0.06363 0.045826
