7 0.295181 0.508283 0.059864 0.013124
6 0.295557 0.509682 0.065889 0.017642
3 0.363705 0.402861 0.007907 0.024742
2 0.367188 0.402539 0.016755 0.028399
3 0.392037 0.517965 0.026544 0.0071
2 0.390625 0.514092 0.031627 0.016997
3 0.440512 0.464071 0.024849 0.006885
2 0.439665 0.460951 0.029556 0.016997
3 0.47628 0.456756 0.025226 0.007315
2 0.474962 0.453528 0.029367 0.017212
8 0.431194 0.493653 0.027673 0.026033
3 0.320312 0.66491 0.02805 0.0071
2 0.31956 0.660284 0.032191 0.018072
3 0.314947 0.726226 0.029744 0.010972
2 0.314665 0.720955 0.034827 0.023666
3 0.379612 0.729561 0.030309 0.006454
2 0.378389 0.730637 0.034639 0.011618
3 0.371141 0.678787 0.028803 0.007315
2 0.369823 0.674053 0.034074 0.020224
8 0.722421 0.685348 0.030685 0.035069
