1 0.038968 0.26861 0.019955 0.010112
1 0.036898 0.277646 0.019955 0.010112
1 0.035956 0.287113 0.019955 0.010112
1 0.031344 0.316158 0.019767 0.009682
1 0.029179 0.325409 0.019955 0.009682
1 0.020331 0.336166 0.03238 0.010972
1 0.084996 0.257853 0.032944 0.011403
1 0.084714 0.267319 0.033509 0.012694
1 0.082831 0.276355 0.033509 0.012694
1 0.078502 0.306906 0.034262 0.010972
1 0.077937 0.317771 0.034262 0.011188
1 0.394296 0.261833 0.021273 0.006885
1 0.394672 0.271407 0.021273 0.00667
1 0.394014 0.281627 0.023343 0.007315
1 0.459714 0.25796 0.022214 0.006885
1 0.461126 0.267427 0.021273 0.006885
1 0.461126 0.277001 0.023155 0.0071
1 0.388178 0.338102 0.03878 0.008391
1 0.388648 0.347354 0.038968 0.008391
1 0.394861 0.326377 0.023908 0.008176
1 0.459431 0.325194 0.038592 0.009682
1 0.460843 0.335628 0.037651 0.009466
1 0.458867 0.314329 0.036333 0.009897
1 0.317489 0.332724 0.023908 0.00796
1 0.317112 0.343481 0.023532 0.00796
1 0.316265 0.354131 0.02372 0.007315
0 0.038215 0.273128 0.059111 0.054432
0 0.028897 0.319062 0.057794 0.056368
0 0.092056 0.262586 0.0625 0.05142
0 0.083396 0.309165 0.06137 0.053787
0 0.316736 0.337134 0.063818 0.052496
0 0.395237 0.330034 0.062688 0.053787
0 0.466303 0.318524 0.065136 0.054862
0 0.394202 0.266889 0.0625 0.048838
0 0.460561 0.262909 0.063818 0.049484
1 0.60561 0.268503 0.019202 0.008606
1 0.608057 0.274742 0.019578 0.008176
1 0.609657 0.281949 0.022402 0.010542
1 0.65785 0.258498 0.020896 0.008821
1 0.660768 0.266889 0.021084 0.00753
1 0.664439 0.272806 0.020896 0.007315
1 0.69936 0.256992 0.029367 0.00667
1 0.702654 0.266028 0.029556 0.0071
1 0.616058 0.308197 0.022026 0.009251
1 0.616529 0.3196 0.021461 0.008821
1 0.618694 0.329497 0.022026 0.008821
1 0.672816 0.303141 0.020331 0.008176
1 0.675358 0.313038 0.02052 0.008176
1 0.672628 0.323472 0.030873 0.010972
1 0.829254 0.245912 0.018449 0.007745
1 0.830008 0.254626 0.021461 0.008821
1 0.832172 0.263124 0.020896 0.008176
1 0.887989 0.235262 0.018072 0.006239
1 0.888554 0.244083 0.018072 0.006239
1 0.886672 0.252044 0.025979 0.00667
1 0.859187 0.290448 0.028238 0.009897
1 0.960184 0.25312 0.017884 0.0071
1 0.960373 0.261833 0.017131 0.006885
1 0.961408 0.269578 0.017696 0.006454
1 0.987858 0.288404 0.019014 0.0071
1 0.987858 0.295719 0.02052 0.005809
1 0.988987 0.30454 0.018261 0.005379
0 0.606175 0.270762 0.065512 0.048838
0 0.659921 0.261188 0.063441 0.042599
0 0.709149 0.256885 0.058735 0.035284
0 0.616434 0.315727 0.064194 0.053571
0 0.674699 0.307552 0.057982 0.054862
0 0.829066 0.249139 0.059111 0.04432
0 0.889119 0.238812 0.054217 0.038726
0 0.865211 0.293782 0.056476 0.048408
0 0.958773 0.257853 0.053087 0.038941
0 0.985316 0.291846 0.028991 0.039372
7 0.841114 0.495482 0.027861 0.010757
6 0.848174 0.496988 0.046875 0.018072
