1 0.156909 0.6321 0.08189 0.017642
0 0.161521 0.606282 0.111446 0.083907
1 0.422816 0.637156 0.053087 0.015706
0 0.407097 0.611231 0.100715 0.086059
1 0.768637 0.537758 0.042169 0.014845
0 0.773626 0.530551 0.077372 0.079604
1 0.361163 0.236446 0.04198 0.009466
1 0.362575 0.274204 0.026732 0.00753
1 0.354386 0.283563 0.040851 0.008606
1 0.350904 0.293567 0.043675 0.008821
0 0.368129 0.238059 0.071724 0.043244
0 0.360975 0.277754 0.077372 0.053356
1 0.643449 0.241609 0.022214 0.007745
1 0.645143 0.250861 0.022214 0.007745
1 0.647779 0.258391 0.022214 0.007745
0 0.643825 0.243546 0.065136 0.04346
1 0.652862 0.279905 0.02372 0.008176
1 0.654556 0.289372 0.02372 0.008176
0 0.651826 0.283886 0.071724 0.045396
