3 0.256589 0.736984 0.026355 0.00796
2 0.256024 0.73139 0.032756 0.02259
3 0.429311 0.678034 0.016001 0.00667
2 0.429593 0.673408 0.021084 0.019363
3 0.627165 0.681153 0.032944 0.009466
2 0.627071 0.676097 0.035015 0.026033
3 0.674416 0.735262 0.03445 0.010542
2 0.672251 0.729346 0.041039 0.026678
3 0.74567 0.763662 0.035015 0.00796
2 0.743882 0.757207 0.040851 0.024742
3 0.759695 0.686639 0.032944 0.008391
2 0.75753 0.680508 0.03878 0.024096
3 0.421028 0.464393 0.026544 0.006239
2 0.420275 0.459768 0.031438 0.017212
3 0.283697 0.434273 0.021461 0.005379
2 0.283227 0.430615 0.02692 0.015706
8 0.191171 0.25667 0.043863 0.04346
8 0.086408 0.298838 0.028614 0.034423
8 0.01506 0.32003 0.029744 0.033778
8 0.378671 0.240318 0.044616 0.040017
8 0.568618 0.211166 0.046122 0.044966
8 0.856457 0.22074 0.046875 0.043029
4 0.304123 0.671902 0.087161 0.020224
5 0.310806 0.67287 0.069277 0.015275
4 0.260354 0.712565 0.094503 0.024527
5 0.268072 0.714393 0.076807 0.020869
