1 0.297722 0.201592 0.038215 0.013339
0 0.300734 0.203313 0.077748 0.052065
1 0.365305 0.190512 0.026167 0.010112
1 0.363422 0.200194 0.026544 0.009682
1 0.36154 0.207616 0.027673 0.009036
0 0.366999 0.19105 0.069842 0.052496
1 0.353539 0.236016 0.028238 0.009036
1 0.351186 0.24602 0.028426 0.009682
1 0.339608 0.257638 0.04744 0.011833
0 0.35128 0.236984 0.084337 0.063898
1 0.72628 0.182874 0.07116 0.012909
0 0.722233 0.16975 0.102221 0.045181
1 0.288121 0.688145 0.101468 0.034208
0 0.292545 0.656411 0.133283 0.123924
1 0.066265 0.301958 0.03125 0.010972
1 0.062123 0.311855 0.029367 0.010972
0 0.068336 0.308197 0.070407 0.047117
