8 0.301675 0.161145 0.028803 0.031411
3 0.362011 0.153077 0.019955 0.008821
2 0.367093 0.146945 0.038027 0.024096
5 0.366529 0.11704 0.052334 0.018503
4 0.356457 0.116502 0.075113 0.025172
3 0.450584 0.145439 0.020143 0.006885
2 0.456325 0.141459 0.036145 0.020439
5 0.462914 0.119621 0.053087 0.018503
4 0.453784 0.11833 0.07436 0.023666
8 0.521178 0.161898 0.03445 0.034208
3 0.62067 0.18083 0.030497 0.008821
2 0.61907 0.176205 0.034827 0.020654
5 0.630083 0.159531 0.042169 0.011403
4 0.619352 0.159961 0.065136 0.017857
7 0.687971 0.193094 0.053276 0.020009
6 0.687971 0.192986 0.055158 0.023236
8 0.721856 0.166954 0.030685 0.033563
8 0.675264 0.224398 0.031627 0.026678
3 0.797252 0.175882 0.018825 0.009682
2 0.802052 0.172332 0.032191 0.023666
5 0.788874 0.142319 0.047628 0.020869
4 0.779556 0.141028 0.068901 0.026463
5 0.873306 0.148666 0.04744 0.021945
4 0.864928 0.146084 0.06683 0.02926
8 0.990117 0.237844 0.019767 0.031627
8 0.927993 0.186855 0.034074 0.048408
7 0.089326 0.317556 0.054405 0.018072
6 0.089608 0.31691 0.056852 0.022375
8 0.077466 0.371235 0.031062 0.032057
8 0.086032 0.413941 0.025979 0.030981
7 0.16651 0.376291 0.035956 0.009466
7 0.169522 0.383391 0.035956 0.008176
6 0.167733 0.379948 0.040663 0.021084
8 0.254424 0.300022 0.032944 0.034639
8 0.236916 0.349398 0.031815 0.032272
8 0.246894 0.417276 0.039345 0.041093
8 0.260166 0.44417 0.028991 0.020869
7 0.343468 0.408133 0.028426 0.008606
7 0.343468 0.416631 0.029556 0.00753
6 0.343373 0.411898 0.031626 0.018287
8 0.311465 0.370052 0.031062 0.032702
8 0.333396 0.369729 0.012801 0.032917
7 0.417451 0.403507 0.03558 0.014845
7 0.405685 0.449871 0.024473 0.01463
6 0.405873 0.450194 0.025979 0.016997
6 0.417639 0.403292 0.038592 0.019148
7 0.634413 0.421041 0.038404 0.008606
6 0.634507 0.420826 0.040098 0.011618
8 0.654462 0.395009 0.031062 0.031842
8 0.634224 0.395331 0.012425 0.032917
8 0.677711 0.358111 0.03125 0.032487
8 0.662086 0.321106 0.027861 0.034639
8 0.640437 0.320891 0.015437 0.034208
8 0.711032 0.420073 0.020331 0.020869
8 0.752824 0.409531 0.028238 0.023021
7 0.705572 0.440189 0.026355 0.008176
6 0.705384 0.440297 0.029368 0.011403
8 0.767508 0.378442 0.03012 0.032702
3 0.794051 0.425774 0.027485 0.009466
2 0.793392 0.422225 0.032568 0.02216
7 0.838761 0.402754 0.034827 0.009036
6 0.838667 0.402324 0.036898 0.012048
8 0.852316 0.380056 0.029179 0.031627
3 0.867282 0.421149 0.02372 0.00753
2 0.867846 0.416201 0.026355 0.019578
8 0.840644 0.448472 0.029932 0.031626
7 0.841303 0.345525 0.026732 0.009466
6 0.841303 0.345417 0.029744 0.011833
7 0.850715 0.326054 0.037274 0.011833
6 0.850621 0.326054 0.039345 0.014415
