3 0.025601 0.787019 0.017548 0.007372
2 0.027524 0.783173 0.026683 0.018269
3 0.048918 0.782532 0.016587 0.006731
2 0.054327 0.779487 0.028365 0.017949
3 0.035337 0.847115 0.017308 0.008333
2 0.039784 0.844391 0.03101 0.020833
3 0.010216 0.849359 0.019952 0.008333
2 0.013101 0.845833 0.025721 0.019872
3 0.163822 0.822115 0.026683 0.008333
2 0.163822 0.81843 0.028606 0.019551
3 0.196755 0.855609 0.017067 0.007372
2 0.201442 0.851763 0.029808 0.020192
3 0.226322 0.849038 0.017067 0.007051
2 0.23101 0.844712 0.03125 0.020833
3 0.257812 0.848077 0.015625 0.007051
2 0.26274 0.843429 0.029327 0.01891
3 0.310697 0.835577 0.026683 0.008333
2 0.310216 0.830128 0.029567 0.019872
3 0.356851 0.845994 0.026683 0.009295
2 0.356731 0.841026 0.029327 0.019872
3 0.386418 0.858173 0.015625 0.008654
2 0.389543 0.854167 0.028125 0.019872
3 0.500601 0.822756 0.016106 0.008974
2 0.505048 0.818269 0.027404 0.019872
3 0.552644 0.851603 0.025 0.007692
2 0.552284 0.847276 0.027644 0.019551
3 0.622115 0.883654 0.018269 0.007692
2 0.62512 0.879167 0.029567 0.01859
3 0.689664 0.829167 0.024519 0.010897
2 0.68762 0.82484 0.031971 0.022756
3 0.747115 0.842308 0.025481 0.012179
2 0.746274 0.83766 0.03101 0.025321
3 0.902043 0.84391 0.016106 0.00641
2 0.903125 0.839103 0.029808 0.01859
3 0.016827 0.615385 0.016346 0.00641
2 0.020072 0.612019 0.026202 0.014423
