5 0.286058 0.438622 0.030288 0.00609
5 0.346875 0.434455 0.030288 0.00609
5 0.40649 0.426603 0.030288 0.00641
4 0.285817 0.438301 0.031731 0.009295
4 0.346875 0.434615 0.031731 0.009615
4 0.40649 0.426603 0.031731 0.009615
5 0.517548 0.445994 0.028365 0.00609
4 0.517428 0.445673 0.030048 0.008013
5 0.029447 0.546795 0.03101 0.005769
4 0.029447 0.547115 0.032452 0.008333
5 0.065024 0.84391 0.022356 0.005769
4 0.065024 0.84375 0.024279 0.009295
5 0.222957 0.849519 0.021875 0.004808
4 0.223077 0.849359 0.023077 0.007051
5 0.300601 0.826763 0.041587 0.009295
4 0.300481 0.826763 0.042788 0.011859
5 0.395433 0.821154 0.042308 0.008333
4 0.395433 0.820833 0.04375 0.011538
5 0.508053 0.84391 0.02476 0.005128
4 0.508173 0.843429 0.025962 0.008013
5 0.615385 0.829968 0.025481 0.005449
4 0.615264 0.829808 0.026202 0.007692
5 0.776683 0.837981 0.023077 0.004808
4 0.776683 0.83782 0.024038 0.007051
5 0.885216 0.831891 0.026202 0.004808
4 0.885336 0.832051 0.027885 0.007051
5 0.397356 0.607692 0.010096 0.036538
4 0.397115 0.607212 0.013462 0.040064
3 0.83113 0.636218 0.03101 0.00641
2 0.829808 0.632051 0.035577 0.017949
3 0.921995 0.633013 0.031971 0.007692
2 0.920793 0.628526 0.038221 0.020513
