7 0.199038 0.49359 0.034615 0.012821
6 0.199038 0.494551 0.036058 0.016667
3 0.311298 0.406731 0.010577 0.005769
2 0.314543 0.404167 0.021394 0.014103
3 0.305409 0.451282 0.01226 0.005769
2 0.309135 0.449359 0.022596 0.013462
3 0.378486 0.415865 0.010817 0.004808
2 0.381611 0.413462 0.019471 0.011538
3 0.389784 0.4875 0.01226 0.004487
2 0.392308 0.484936 0.021154 0.012179
3 0.563462 0.452404 0.011058 0.005449
2 0.566346 0.450321 0.020192 0.012821
7 0.654688 0.466186 0.05024 0.013141
6 0.654928 0.465865 0.052644 0.015705
5 0.616947 0.510096 0.015144 0.004808
4 0.613462 0.509936 0.023077 0.007051
3 0.029928 0.809135 0.021394 0.008654
2 0.029447 0.80609 0.026683 0.021795
3 0.15625 0.802244 0.023077 0.008974
2 0.156851 0.798237 0.027163 0.019551
3 0.189423 0.841186 0.014904 0.00609
2 0.194712 0.836378 0.028846 0.01891
5 0.252404 0.808494 0.025 0.008654
4 0.246394 0.808974 0.038942 0.014744
3 0.283894 0.836218 0.009135 0.01859
2 0.281731 0.829968 0.022596 0.036859
3 0.339784 0.788622 0.022837 0.005449
2 0.339784 0.785096 0.02524 0.016346
3 0.361298 0.787019 0.013942 0.00609
2 0.364183 0.782692 0.023077 0.016667
3 0.341947 0.841346 0.014183 0.00641
2 0.346154 0.836538 0.026442 0.017949
3 0.395673 0.801122 0.022115 0.00609
2 0.394712 0.797115 0.026442 0.017949
3 0.426202 0.792468 0.013942 0.004808
2 0.430409 0.788301 0.025721 0.015705
3 0.478966 0.797917 0.022356 0.007372
2 0.478606 0.793269 0.024038 0.01859
3 0.520312 0.85032 0.013221 0.005769
2 0.524038 0.845352 0.025962 0.017628
3 0.548678 0.852564 0.013221 0.005769
2 0.552043 0.847756 0.026202 0.01859
8 0.629688 0.864904 0.022837 0.016987
8 0.344591 0.864263 0.047356 0.031731
8 0.390745 0.865545 0.04351 0.031731
8 0.190986 0.86282 0.04976 0.03141
8 0.676683 0.871955 0.044231 0.028526
3 0.672716 0.847436 0.013702 0.00641
2 0.676442 0.843269 0.026442 0.01859
8 0.771875 0.874359 0.046635 0.028205
3 0.767909 0.853526 0.014183 0.00641
2 0.771274 0.849199 0.027644 0.018269
3 0.810817 0.844551 0.013942 0.005769
2 0.813462 0.839904 0.026442 0.017628
3 0.396995 0.720352 0.013221 0.00609
2 0.400962 0.715385 0.024038 0.017949
5 0.384615 0.702564 0.022596 0.007051
4 0.377043 0.704006 0.039663 0.014423
8 0.503005 0.720833 0.040625 0.026923
8 0.502163 0.666827 0.038942 0.024679
3 0.496034 0.694231 0.013221 0.007051
2 0.49988 0.690385 0.02524 0.01859
3 0.499519 0.649038 0.0125 0.005769
2 0.503245 0.645032 0.024279 0.015064
