3 0.218029 0.445673 0.024519 0.010577
2 0.217428 0.442949 0.027644 0.017949
3 0.165024 0.485096 0.023317 0.004167
2 0.165625 0.48141 0.027404 0.013462
3 0.265505 0.559295 0.016587 0.008974
2 0.270553 0.553686 0.029567 0.022756
3 0.359375 0.573077 0.027885 0.007051
2 0.358173 0.56859 0.032692 0.01859
3 0.374519 0.478846 0.025 0.009615
2 0.374519 0.475321 0.025962 0.01859
3 0.356851 0.432051 0.023317 0.009615
2 0.355409 0.435577 0.028606 0.017949
3 0.371875 0.614423 0.029327 0.014744
2 0.370673 0.610417 0.032692 0.027885
3 0.172716 0.607532 0.01851 0.030449
2 0.176442 0.607532 0.028365 0.0375
3 0.458173 0.439583 0.016346 0.011218
2 0.461298 0.435417 0.031731 0.027885
5 0.419952 0.575801 0.008173 0.042628
4 0.419351 0.582372 0.010337 0.058974
5 0.565144 0.501923 0.037981 0.016026
4 0.559135 0.503045 0.052404 0.020833
3 0.559615 0.427564 0.026442 0.007692
2 0.558654 0.424038 0.030769 0.017308
3 0.541226 0.329327 0.023798 0.016346
2 0.539183 0.328045 0.029327 0.023397
5 0.534014 0.321474 0.038702 0.01859
4 0.527644 0.324359 0.052404 0.025641
3 0.653005 0.472756 0.030529 0.008333
2 0.652284 0.469391 0.031971 0.018269
5 0.735337 0.476923 0.025962 0.008333
4 0.729447 0.479327 0.038702 0.015064
3 0.859495 0.467788 0.032452 0.01891
2 0.856611 0.464744 0.043029 0.029487
3 0.8375 0.409615 0.013462 0.028846
2 0.833534 0.410417 0.02524 0.034295
3 0.991707 0.261699 0.016106 0.013141
2 0.988341 0.258173 0.023317 0.025321
3 0.078005 0.562019 0.020433 0.005449
2 0.079808 0.558814 0.030288 0.016987
8 0.048558 0.624679 0.060577 0.044231
