7 0.846197 0.228485 0.027861 0.007745
6 0.84648 0.22784 0.031062 0.012909
7 0.860693 0.269471 0.036521 0.012694
6 0.860787 0.269148 0.038215 0.01463
7 0.880554 0.323472 0.035956 0.011833
6 0.880271 0.32358 0.038027 0.01463
7 0.903426 0.375108 0.035015 0.011403
6 0.903614 0.375215 0.036145 0.012909
7 0.970068 0.385004 0.027485 0.010972
6 0.970162 0.385004 0.029179 0.012694
7 0.945218 0.329066 0.031627 0.008821
6 0.945312 0.329066 0.032944 0.009682
5 0.673852 0.263339 0.024661 0.006024
4 0.674228 0.262694 0.026167 0.009036
5 0.66378 0.211489 0.02372 0.004733
4 0.66378 0.211596 0.025226 0.0071
5 0.681476 0.329389 0.025979 0.006454
4 0.681758 0.329174 0.027673 0.007745
5 0.812218 0.356067 0.023532 0.006024
4 0.812124 0.356067 0.024849 0.008176
5 0.798004 0.29475 0.021084 0.006454
4 0.797816 0.294858 0.022214 0.00753
5 0.301675 0.309273 0.02692 0.005809
4 0.30177 0.309058 0.028614 0.008821
5 0.319277 0.245374 0.024473 0.004088
4 0.319183 0.245374 0.025791 0.005809
5 0.331702 0.206648 0.039533 0.010542
4 0.331796 0.206756 0.041227 0.012048
5 0.321066 0.465361 0.025414 0.005594
4 0.321066 0.465361 0.027297 0.008176
3 0.60834 0.554647 0.02805 0.006454
2 0.607587 0.550667 0.033321 0.016136
5 0.612293 0.574441 0.02692 0.005594
4 0.611822 0.574763 0.029367 0.008821
4 0.969409 0.58154 0.029556 0.007315
5 0.969597 0.581648 0.032568 0.009682
5 0.569654 0.721278 0.030497 0.006239
4 0.570124 0.720848 0.03445 0.008821
5 0.824548 0.715792 0.019202 0.004733
4 0.824736 0.715577 0.020331 0.007745
5 0.921499 0.717298 0.019202 0.005594
4 0.921404 0.71719 0.02052 0.0071
5 0.149379 0.399957 0.022779 0.005163
4 0.149473 0.399527 0.024473 0.008606
