1 0.124639 0.351923 0.052163 0.015385
0 0.128245 0.338141 0.077163 0.054487
1 0.376923 0.428045 0.033173 0.017628
0 0.367067 0.413141 0.062019 0.058333
3 0.939303 0.835096 0.021394 0.00609
2 0.937861 0.83141 0.027163 0.01859
3 0.986779 0.870673 0.014904 0.00609
2 0.986899 0.866026 0.025721 0.019872
3 0.838582 0.859135 0.015144 0.005449
3 0.806611 0.860737 0.015144 0.00609
2 0.809615 0.85609 0.029327 0.01859
2 0.842067 0.854647 0.029327 0.018269
3 0.796274 0.798558 0.014183 0.005449
2 0.799159 0.794391 0.027644 0.017628
3 0.827885 0.795192 0.015385 0.005769
2 0.83125 0.790545 0.028846 0.017628
3 0.765505 0.857853 0.014183 0.00609
2 0.76863 0.854006 0.028606 0.019551
3 0.73125 0.851763 0.015385 0.006731
2 0.734976 0.847596 0.027644 0.020833
3 0.663702 0.790224 0.014904 0.00609
3 0.669351 0.850481 0.015144 0.00609
3 0.701803 0.850481 0.014183 0.00609
3 0.693389 0.792147 0.014663 0.00609
2 0.705529 0.846154 0.028846 0.01859
2 0.672837 0.845513 0.028365 0.01859
2 0.697356 0.788141 0.026923 0.01859
2 0.667308 0.785417 0.026923 0.019551
3 0.558894 0.789583 0.014423 0.00609
2 0.563341 0.785417 0.026202 0.018269
3 0.550601 0.841186 0.015144 0.006731
2 0.554688 0.836699 0.027644 0.018269
3 0.500481 0.842468 0.014904 0.00609
2 0.504688 0.838141 0.027163 0.019231
3 0.465986 0.841667 0.024279 0.00641
2 0.465505 0.837019 0.027644 0.018269
3 0.359375 0.842308 0.015385 0.00641
2 0.363702 0.838141 0.027885 0.01859
3 0.226562 0.808654 0.014183 0.00641
2 0.230529 0.803846 0.028846 0.019872
2 0.325361 0.591186 0.025721 0.016987
3 0.321034 0.594391 0.013702 0.00609
3 0.271755 0.611378 0.013221 0.005449
2 0.275361 0.608013 0.02476 0.014744
3 0.211779 0.613942 0.0125 0.005449
2 0.215865 0.610417 0.025962 0.015705
3 0.136779 0.830609 0.015385 0.008013
2 0.142188 0.827083 0.030529 0.020192
3 0.171755 0.841667 0.016106 0.00641
2 0.177764 0.837019 0.032452 0.01891
3 0.499159 0.605609 0.013221 0.005449
2 0.502404 0.602404 0.024038 0.015064
3 0.551683 0.613622 0.0125 0.006731
2 0.554808 0.610417 0.025481 0.01891
3 0.666827 0.606891 0.012981 0.00609
2 0.670072 0.604167 0.023798 0.016026
3 0.72476 0.623398 0.012981 0.005769
2 0.727043 0.619872 0.02524 0.016667
3 0.057933 0.723558 0.022115 0.008013
2 0.057452 0.719712 0.027885 0.01891
3 0.041466 0.818269 0.023317 0.008974
2 0.041226 0.813782 0.029567 0.022436
2 0.083894 0.601923 0.027885 0.016667
3 0.088462 0.598237 0.013462 0.005449
2 0.030409 0.600962 0.027163 0.014744
3 0.025481 0.604487 0.013462 0.005128
