1 0.144767 0.354023 0.028614 0.00796
1 0.140907 0.361231 0.02805 0.007745
0 0.148155 0.358864 0.065136 0.039587
1 0.64119 0.356282 0.034262 0.005594
1 0.5641 0.354991 0.032944 0.005594
1 0.563441 0.3608 0.035015 0.006454
1 0.563159 0.368976 0.03558 0.008176
0 0.569654 0.361661 0.058735 0.034423
0 0.649379 0.359509 0.060806 0.038726
1 0.952278 0.400818 0.041604 0.01506
0 0.94776 0.388877 0.057041 0.047978
1 0.058358 0.636188 0.052711 0.015921
0 0.064571 0.618438 0.075678 0.063899
3 0.763554 0.593481 0.020708 0.00796
2 0.762707 0.589716 0.025414 0.017212
