1 0.048287 0.294535 0.05064 0.017642
0 0.05064 0.277539 0.077937 0.061532
5 0.312782 0.302711 0.04311 0.008606
4 0.305817 0.302926 0.060429 0.01463
5 0.376506 0.288941 0.045557 0.008606
4 0.369635 0.290125 0.064947 0.011833
5 0.320689 0.256132 0.039721 0.008391
4 0.313535 0.256562 0.055158 0.012263
5 0.333396 0.208477 0.039533 0.009036
4 0.326619 0.208584 0.055723 0.013554
5 0.390625 0.186639 0.041416 0.009251
4 0.38413 0.187392 0.056664 0.012909
3 0.634413 0.285929 0.019955 0.004733
2 0.635448 0.283993 0.024661 0.01463
3 0.638742 0.316695 0.020708 0.006024
2 0.638648 0.314974 0.023532 0.011618
3 0.678182 0.305185 0.020143 0.004088
2 0.675358 0.298731 0.02805 0.020009
3 0.671781 0.257853 0.01939 0.005379
2 0.671122 0.255594 0.021461 0.012478
