3 0.116999 0.475904 0.014495 0.004733
3 0.219126 0.398881 0.018449 0.004733
3 0.198889 0.463102 0.022402 0.008821
3 0.270708 0.476119 0.017319 0.006024
3 0.39439 0.450732 0.028614 0.006454
3 0.496894 0.450732 0.029556 0.007745
3 0.583302 0.462134 0.030309 0.009466
3 0.661898 0.462457 0.031627 0.008391
3 0.73927 0.46321 0.032003 0.006024
3 0.817112 0.462887 0.032191 0.00796
3 0.891849 0.461166 0.030685 0.005809
3 0.79038 0.38651 0.029556 0.005379
3 0.698983 0.374139 0.027485 0.004733
3 0.1218 0.627582 0.025602 0.009466
3 0.038404 0.698257 0.023343 0.012694
3 0.111916 0.708262 0.025791 0.011188
3 0.176675 0.738274 0.029179 0.008821
3 0.267037 0.656089 0.019014 0.00796
3 0.244729 0.763232 0.019955 0.012694
3 0.332267 0.685456 0.031627 0.012048
3 0.335373 0.735478 0.021273 0.011833
3 0.401826 0.682444 0.033697 0.009036
3 0.423193 0.75398 0.022214 0.010112
3 0.487669 0.653614 0.034074 0.009466
3 0.537745 0.747526 0.036709 0.011403
3 0.647967 0.746773 0.038027 0.009466
3 0.73334 0.752797 0.040098 0.009897
3 0.844503 0.770224 0.025979 0.009466
3 0.95849 0.761295 0.026167 0.010112
3 0.32869 0.299914 0.014307 0.004303
3 0.618882 0.26775 0.025414 0.004518
2 0.618129 0.264953 0.027673 0.011403
2 0.332831 0.29744 0.025226 0.010972
2 0.220633 0.395762 0.024849 0.013124
2 0.1218 0.472246 0.028991 0.01463
2 0.198795 0.45923 0.027485 0.020439
2 0.275979 0.472246 0.033133 0.017212
2 0.394108 0.446751 0.032191 0.017857
2 0.496611 0.446644 0.033886 0.018503
2 0.582549 0.458046 0.033697 0.019793
2 0.661427 0.457831 0.036709 0.021084
2 0.738046 0.459015 0.039721 0.017857
2 0.815324 0.458584 0.039533 0.020439
2 0.891472 0.459122 0.040474 0.020224
2 0.789439 0.38296 0.035203 0.015491
2 0.69663 0.370805 0.03445 0.014845
3 0.743035 0.268287 0.015813 0.005594
2 0.7468 0.265598 0.030873 0.013985
2 0.039627 0.693739 0.031062 0.026463
2 0.122647 0.623924 0.032944 0.024096
2 0.113987 0.702022 0.035203 0.027539
2 0.176111 0.732788 0.033697 0.024096
2 0.272967 0.650818 0.036521 0.021515
2 0.251318 0.758713 0.03878 0.033348
2 0.331419 0.679647 0.038592 0.027108
2 0.401261 0.677281 0.037839 0.023666
2 0.341585 0.730314 0.038968 0.029475
2 0.430158 0.747633 0.040663 0.027108
2 0.487575 0.649096 0.038404 0.024096
2 0.535956 0.740964 0.042922 0.027539
2 0.645896 0.739888 0.045181 0.027539
2 0.731081 0.745052 0.046875 0.027969
2 0.849868 0.762478 0.048381 0.028399
2 0.963008 0.753335 0.050264 0.029905
3 0.059206 0.625861 0.021273 0.008606
2 0.059582 0.620912 0.029556 0.020654
