3 0.26262 0.462981 0.023317 0.006731
2 0.263942 0.460256 0.029808 0.015385
3 0.257091 0.564423 0.027163 0.010897
2 0.255288 0.559455 0.032212 0.021474
3 0.360817 0.558494 0.026442 0.009295
2 0.360697 0.554647 0.03101 0.019551
3 0.430048 0.52532 0.026442 0.007051
2 0.429327 0.521795 0.028846 0.016026
8 0.639543 0.54359 0.025721 0.021795
8 0.696995 0.539744 0.027644 0.017949
8 0.682572 0.462981 0.025721 0.016987
8 0.734976 0.465385 0.027644 0.017949
8 0.754567 0.541667 0.027885 0.01859
8 0.802644 0.538141 0.026923 0.017949
8 0.790264 0.463622 0.028125 0.016987
8 0.836899 0.4625 0.028125 0.016026
8 0.866707 0.543269 0.030048 0.020513
3 0.378245 0.88718 0.021875 0.01282
2 0.384014 0.881891 0.035337 0.027244
5 0.394111 0.804647 0.026202 0.009936
4 0.385457 0.807212 0.049279 0.021474
3 0.628125 0.870833 0.032692 0.010897
2 0.627764 0.865545 0.039183 0.026603
3 0.717909 0.876282 0.032452 0.014103
2 0.717548 0.871635 0.034135 0.025321
