5 0.064062 0.375 0.07476 0.017308
4 0.063942 0.374359 0.077885 0.022436
3 0.307812 0.502564 0.014183 0.021154
2 0.310216 0.508814 0.030048 0.038782
5 0.524279 0.480128 0.022596 0.005128
4 0.524038 0.480128 0.024038 0.00641
3 0.640264 0.534615 0.016106 0.007051
2 0.643389 0.529808 0.03149 0.017949
3 0.806611 0.462179 0.02476 0.005769
2 0.808774 0.466186 0.030529 0.015705
3 0.100962 0.810096 0.025962 0.009295
2 0.108413 0.802724 0.048077 0.028526
3 0.633654 0.695032 0.03125 0.008013
2 0.632572 0.690064 0.036779 0.020513
3 0.848798 0.691026 0.030288 0.007051
2 0.846635 0.686058 0.035577 0.01891
