1 0.329819 0.424376 0.01619 0.00753
1 0.328313 0.430508 0.01619 0.006885
0 0.331137 0.424484 0.03878 0.033563
1 0.324831 0.447504 0.011483 0.005594
1 0.319936 0.454497 0.018261 0.00753
1 0.318148 0.460843 0.018825 0.006454
0 0.323419 0.450409 0.037274 0.030336
1 0.457925 0.383176 0.025414 0.010757
1 0.45689 0.391028 0.025979 0.011403
1 0.455855 0.399204 0.026167 0.011403
0 0.462349 0.385112 0.046687 0.049053
1 0.506965 0.332939 0.026355 0.013124
1 0.507248 0.340254 0.025414 0.013124
0 0.511389 0.332401 0.049134 0.050775
1 0.507154 0.367362 0.017696 0.009251
1 0.501506 0.377367 0.027485 0.012478
1 0.500753 0.385865 0.029367 0.013124
0 0.507342 0.370805 0.050075 0.052711
1 0.70849 0.274849 0.036709 0.017427
1 0.71875 0.313361 0.041039 0.018718
1 0.72195 0.322397 0.041039 0.018718
1 0.724021 0.331325 0.042169 0.018072
1 0.777767 0.25753 0.042733 0.019363
1 0.781532 0.265491 0.042733 0.016781
1 0.797534 0.288404 0.029179 0.012263
1 0.800358 0.29787 0.029179 0.012263
1 0.794804 0.309273 0.046687 0.016136
0 0.717432 0.275495 0.076431 0.060886
0 0.78558 0.251076 0.08509 0.055508
0 0.801299 0.292384 0.087538 0.061532
0 0.728727 0.314759 0.079819 0.062823
3 0.29198 0.664802 0.006024 0.003442
2 0.293675 0.662328 0.011295 0.010112
3 0.41378 0.564544 0.012801 0.006454
2 0.413215 0.562177 0.01506 0.013769
5 0.407944 0.536467 0.020708 0.0071
4 0.403144 0.537651 0.031438 0.012478
3 0.407944 0.641781 0.014307 0.005163
2 0.407191 0.639092 0.016943 0.013554
3 0.610599 0.485585 0.018637 0.008606
2 0.609281 0.483111 0.022779 0.016566
3 0.56843 0.534854 0.013366 0.003873
2 0.567771 0.53238 0.015437 0.010112
3 0.570783 0.560671 0.00866 0.003873
2 0.571254 0.558305 0.011107 0.009036
3 0.673758 0.526893 0.021084 0.006024
2 0.672628 0.523343 0.025226 0.014845
3 0.690041 0.620805 0.023155 0.004948
2 0.689477 0.616824 0.027297 0.0142
3 0.708678 0.700194 0.025414 0.005379
2 0.707737 0.695568 0.029179 0.015921
3 0.793392 0.554862 0.026167 0.006885
2 0.791227 0.551097 0.032003 0.016566
3 0.811653 0.648021 0.028426 0.006885
2 0.80977 0.643395 0.034827 0.018287
3 0.917639 0.661145 0.012613 0.031411
2 0.922534 0.660069 0.026167 0.036575
5 0.905403 0.695138 0.066453 0.011188
4 0.892037 0.695676 0.096197 0.026033
3 0.370011 0.821644 0.013366 0.004303
2 0.370011 0.817879 0.014872 0.013554
3 0.972138 0.437715 0.030873 0.00667
2 0.970444 0.434811 0.035768 0.01463
