5 0.639307 0.016136 0.027485 0.003873
4 0.639119 0.016244 0.028991 0.005379
5 0.542828 0.023128 0.024661 0.004518
4 0.542828 0.022806 0.025038 0.006454
3 0.490964 0.031411 0.020331 0.004733
2 0.490681 0.02926 0.024661 0.011618
5 0.531626 0.912113 0.036145 0.0071
4 0.531626 0.91179 0.03878 0.009466
5 0.369352 0.899742 0.035015 0.006885
4 0.370011 0.899419 0.038215 0.010112
3 0.512707 0.881992 0.025414 0.006239
2 0.516566 0.887801 0.037274 0.026463
5 0.542263 0.839608 0.005459 0.017857
4 0.542263 0.839393 0.006965 0.019578
5 0.676299 0.790985 0.013743 0.018718
4 0.676299 0.79077 0.015625 0.020869
3 0.173287 0.885542 0.022779 0.005594
2 0.174793 0.884036 0.029179 0.012478
5 0.313065 0.911467 0.028991 0.006239
4 0.312877 0.91179 0.032003 0.009036
5 0.818148 0.859725 0.024096 0.008176
4 0.818242 0.859402 0.025791 0.010542
5 0.815041 0.786037 0.023908 0.0071
4 0.815041 0.786145 0.025414 0.009466
5 0.61154 0.7358 0.014495 0.004303
4 0.611069 0.735693 0.01619 0.005809
5 0.523532 0.740964 0.015813 0.003012
4 0.523438 0.740964 0.017508 0.004303
5 0.425358 0.759036 0.018261 0.004303
4 0.425169 0.759359 0.020143 0.006239
