4 0.485693 0.578744 0.070783 0.018933
5 0.497741 0.577668 0.044804 0.010327
4 0.460655 0.563361 0.088855 0.015275
5 0.474209 0.563791 0.058358 0.010972
4 0.329631 0.499785 0.080196 0.020224
5 0.342056 0.499355 0.051958 0.009897
4 0.456796 0.520762 0.068712 0.016136
5 0.466962 0.520224 0.043486 0.009466
4 0.58895 0.490318 0.079255 0.021084
5 0.601374 0.488274 0.051393 0.011403
1 0.640625 0.285392 0.033133 0.005809
1 0.638931 0.272806 0.033886 0.005163
1 0.636483 0.265706 0.033886 0.005164
1 0.63526 0.259359 0.033321 0.005379
1 0.64166 0.279798 0.02052 0.004088
0 0.645143 0.279583 0.07116 0.06648
1 0.904556 0.340577 0.039533 0.006885
0 0.899755 0.330572 0.063441 0.03636
