3 0.24087 0.269148 0.021273 0.006454
2 0.241811 0.267319 0.026167 0.011833
3 0.210184 0.30454 0.014495 0.004948
2 0.214797 0.302711 0.028238 0.010757
3 0.249153 0.318524 0.013366 0.003657
2 0.253671 0.315835 0.027673 0.011618
3 0.305158 0.326592 0.014307 0.005164
2 0.308453 0.325086 0.02692 0.013339
3 0.336408 0.328528 0.013931 0.004303
2 0.338008 0.326269 0.022402 0.011403
3 0.377541 0.318632 0.013742 0.005164
2 0.378859 0.31691 0.021273 0.011618
3 0.305158 0.285284 0.013554 0.004303
2 0.307605 0.283778 0.019955 0.009897
3 0.389119 0.283455 0.012425 0.005379
2 0.390813 0.281842 0.019202 0.012479
3 0.424981 0.280443 0.012613 0.004518
2 0.42677 0.279152 0.017696 0.010112
3 0.424699 0.32713 0.022214 0.004948
2 0.424605 0.324656 0.023532 0.011188
3 0.472421 0.326807 0.014495 0.004303
2 0.477786 0.324656 0.028238 0.012478
3 0.466114 0.284316 0.013178 0.005809
2 0.471291 0.283348 0.02692 0.016351
3 0.52099 0.291523 0.020896 0.004733
2 0.520143 0.289264 0.02372 0.011833
3 0.517413 0.337134 0.013743 0.005594
2 0.52099 0.334875 0.024285 0.014415
3 0.560335 0.343804 0.013366 0.003873
2 0.562406 0.341007 0.026167 0.012048
3 0.712161 0.353593 0.020708 0.006239
2 0.711126 0.351226 0.024661 0.013554
2 0.760636 0.346278 0.012989 0.005379
2 0.762895 0.344557 0.023532 0.013985
3 0.819936 0.343266 0.012613 0.004088
2 0.821818 0.341222 0.02692 0.012909
1 0.982304 0.379195 0.033133 0.00796
0 0.965738 0.363274 0.068148 0.043244
3 0.032568 0.413834 0.01619 0.005379
4 0.035297 0.410929 0.02692 0.013339
3 0.055064 0.465361 0.015248 0.005163
2 0.061276 0.461812 0.031815 0.013985
3 0.096762 0.403722 0.02372 0.006239
2 0.098268 0.400925 0.029744 0.014845
3 0.173193 0.406196 0.026355 0.009036
2 0.174228 0.403292 0.030685 0.016997
3 0.134789 0.485908 0.028238 0.006239
2 0.135072 0.48225 0.031815 0.016997
3 0.180252 0.490211 0.027673 0.005809
2 0.181005 0.486553 0.030685 0.015706
3 0.245953 0.431261 0.026167 0.0071
2 0.245953 0.427926 0.030685 0.016351
3 0.220256 0.519578 0.029367 0.006024
2 0.220538 0.515383 0.032944 0.015706
3 0.292545 0.413726 0.027108 0.007315
2 0.29311 0.411252 0.030497 0.014845
3 0.282097 0.496342 0.027297 0.008176
2 0.28238 0.492685 0.032003 0.018503
3 0.323607 0.497956 0.028614 0.005809
2 0.323701 0.494836 0.031815 0.016351
3 0.335279 0.435241 0.027108 0.006024
2 0.334902 0.432336 0.029367 0.013554
3 0.36747 0.510757 0.029367 0.006454
2 0.366811 0.506562 0.03445 0.017427
3 0.43044 0.44815 0.02692 0.009466
2 0.430629 0.44546 0.030309 0.020439
3 0.427428 0.505809 0.02805 0.006454
2 0.42724 0.501829 0.030685 0.016136
3 0.475056 0.534638 0.028803 0.007315
2 0.474962 0.530551 0.03125 0.016781
5 0.525979 0.436209 0.03238 0.00796
4 0.52532 0.42997 0.035956 0.023451
3 0.528614 0.527108 0.028614 0.006454
2 0.529085 0.523666 0.032191 0.016351
3 0.612293 0.50667 0.025414 0.007745
2 0.610128 0.503442 0.031627 0.016781
3 0.617941 0.553249 0.028803 0.00796
2 0.616623 0.549376 0.033697 0.019148
3 0.653238 0.432874 0.024473 0.006885
2 0.652673 0.429755 0.027108 0.014415
3 0.684112 0.427926 0.01506 0.006454
2 0.688912 0.425344 0.02805 0.018072
3 0.691924 0.469126 0.016002 0.005809
2 0.695501 0.466007 0.029932 0.01463
3 0.652203 0.509574 0.017508 0.005809
2 0.655779 0.505594 0.035203 0.016781
2 0.702184 0.500215 0.012048 0.005163
2 0.702937 0.497203 0.017319 0.013769
3 0.785486 0.454174 0.015249 0.005164
2 0.788498 0.450732 0.02805 0.01506
3 0.825019 0.475151 0.014119 0.006239
2 0.827843 0.472676 0.02805 0.016351
3 0.804782 0.520331 0.015437 0.00667
2 0.80817 0.517212 0.030497 0.019793
3 0.865587 0.568309 0.025602 0.010542
2 0.865587 0.564867 0.028238 0.020869
3 0.113234 0.648451 0.031815 0.009897
3 0.135072 0.685671 0.020896 0.009466
3 0.169239 0.709983 0.021837 0.009466
3 0.083114 0.745159 0.032568 0.011833
3 0.14712 0.757207 0.033697 0.009251
3 0.257342 0.664157 0.033133 0.010327
3 0.226186 0.762909 0.036333 0.013339
3 0.311182 0.768287 0.036521 0.011618
2 0.113799 0.64318 0.040098 0.023451
2 0.082831 0.739028 0.040663 0.027539
2 0.141755 0.681799 0.039157 0.025387
2 0.175358 0.704604 0.040098 0.025818
2 0.147214 0.751398 0.041792 0.024742
2 0.225809 0.757315 0.044992 0.030981
2 0.256871 0.659316 0.040098 0.023451
2 0.310241 0.762263 0.042922 0.027108
3 0.422816 0.718481 0.022214 0.0071
2 0.42884 0.713102 0.040663 0.023451
3 0.479669 0.729561 0.02259 0.007745
2 0.485975 0.72386 0.038968 0.024312
3 0.481928 0.758391 0.02259 0.011188
2 0.487105 0.751829 0.041604 0.028184
2 0.542639 0.753442 0.022026 0.012909
2 0.548099 0.74957 0.040474 0.032702
3 0.602598 0.690512 0.020331 0.0071
2 0.607492 0.685241 0.037274 0.022375
3 0.623117 0.756132 0.034639 0.013985
2 0.622741 0.751291 0.03878 0.028399
3 0.657662 0.726979 0.021273 0.008176
3 0.665474 0.758283 0.021084 0.008821
2 0.669616 0.752474 0.041039 0.025172
2 0.662839 0.721708 0.038027 0.023451
3 0.709243 0.68793 0.020896 0.00796
2 0.71442 0.68309 0.03991 0.023666
3 0.722421 0.756239 0.021273 0.007745
2 0.727504 0.751721 0.044992 0.02926
3 0.873588 0.777969 0.019767 0.008606
2 0.8766 0.772268 0.034827 0.023451
3 0.914533 0.750645 0.017696 0.007745
2 0.91698 0.745267 0.033132 0.022806
3 0.955572 0.744406 0.019578 0.009466
2 0.957267 0.739565 0.035015 0.023021
3 0.785862 0.786575 0.01939 0.007745
2 0.788027 0.781196 0.035768 0.022806
