9 0.074399 0.438141 0.03149 0.083333
9 0.330649 0.372917 0.064183 0.038782
1 0.42524 0.404808 0.06875 0.016026
0 0.42512 0.384295 0.080048 0.069231
9 0.644591 0.391186 0.06226 0.0375
1 0.731971 0.427885 0.064423 0.012821
0 0.730288 0.410417 0.084135 0.060577
9 0.952284 0.404647 0.063221 0.040705
3 0.564183 0.891827 0.028365 0.011859
2 0.562981 0.886058 0.032212 0.026603
3 0.695793 0.919551 0.009375 0.040385
2 0.700601 0.919551 0.021394 0.047436
3 0.827284 0.609135 0.023317 0.005449
2 0.82524 0.605288 0.029808 0.016987
3 0.792668 0.643109 0.024279 0.011859
2 0.792308 0.638622 0.027885 0.023397
3 0.842788 0.758814 0.025481 0.00609
2 0.840505 0.753526 0.032933 0.01859
