1 0.409356 0.314006 0.056288 0.010112
0 0.409827 0.300344 0.068148 0.046041
1 0.180346 0.24645 0.03125 0.00667
1 0.177523 0.25441 0.03125 0.00667
1 0.175734 0.262586 0.031438 0.00667
1 0.163874 0.28367 0.034074 0.00796
1 0.162556 0.293567 0.032568 0.00753
1 0.166886 0.277001 0.034827 0.0071
0 0.171404 0.283993 0.063065 0.039157
0 0.184488 0.254948 0.057229 0.027108
5 0.848362 0.506454 0.021273 0.015921
4 0.844974 0.507853 0.030685 0.020439
5 0.771178 0.490641 0.017507 0.002797
4 0.767696 0.490964 0.024849 0.004733
5 0.686088 0.483649 0.038592 0.007745
4 0.679405 0.479023 0.053464 0.018287
5 0.573419 0.486123 0.020331 0.008391
4 0.568524 0.478163 0.03238 0.026893
5 0.487293 0.48849 0.01939 0.00796
4 0.482304 0.479991 0.030873 0.026248
5 0.531532 0.486661 0.021649 0.008176
4 0.527014 0.478378 0.032944 0.026033
5 0.484846 0.446751 0.025791 0.004518
5 0.447572 0.46633 0.025791 0.004518
5 0.411521 0.467298 0.025979 0.004303
5 0.378389 0.469557 0.024473 0.004088
4 0.378483 0.464286 0.025414 0.015921
4 0.411709 0.462457 0.027485 0.016136
4 0.44776 0.461381 0.027297 0.016136
4 0.484657 0.44148 0.027297 0.016351
5 0.310712 0.487091 0.031062 0.008176
4 0.29904 0.481497 0.055535 0.022375
5 0.243694 0.489028 0.011107 0.033563
4 0.251977 0.476119 0.030685 0.063683
5 0.098362 0.486876 0.021649 0.007745
4 0.092244 0.482143 0.036145 0.018933
5 0.143449 0.46676 0.009036 0.018718
4 0.13959 0.469234 0.017508 0.024527
5 0.122364 0.640598 0.016566 0.005809
5 0.084902 0.638016 0.016566 0.005809
5 0.020708 0.615641 0.016566 0.005809
4 0.017884 0.614888 0.023343 0.009466
4 0.083584 0.632745 0.021461 0.018503
4 0.120388 0.635865 0.022026 0.017427
5 0.143166 0.601657 0.009601 0.023021
4 0.144578 0.597354 0.014307 0.035499
5 0.238328 0.633283 0.024473 0.009251
4 0.221197 0.624247 0.059864 0.029475
5 0.358151 0.630809 0.020143 0.007315
5 0.421969 0.631347 0.020143 0.0071
5 0.586785 0.658348 0.019955 0.006024
5 0.492188 0.634789 0.016378 0.004948
4 0.579537 0.650495 0.038592 0.025172
4 0.485504 0.632853 0.030874 0.013554
4 0.414251 0.627797 0.038968 0.016351
4 0.349962 0.626721 0.038404 0.016351
4 0.791698 0.638769 0.02805 0.006454
5 0.795557 0.638124 0.019202 0.004733
8 0.725245 0.654798 0.047252 0.03636
3 0.919239 0.489028 0.012425 0.003873
2 0.921404 0.486231 0.023532 0.012048
5 0.637142 0.511295 0.014495 0.003658
4 0.637142 0.511403 0.016002 0.004733
5 0.817583 0.906734 0.015813 0.006239
5 0.68317 0.920503 0.018825 0.005809
4 0.6827 0.920503 0.021273 0.0071
5 0.251506 0.909208 0.015437 0.005163
4 0.251883 0.908993 0.017696 0.006885
5 0.208773 0.903722 0.01506 0.004948
4 0.208961 0.903292 0.016943 0.00753
5 0.166133 0.896622 0.016755 0.004948
4 0.166322 0.897052 0.018637 0.008391
