3 0.251412 0.534961 0.006589 0.02259
2 0.254706 0.533993 0.015437 0.026248
3 0.392225 0.506777 0.020143 0.004088
2 0.39166 0.50441 0.023532 0.011403
3 0.456419 0.504088 0.018637 0.004733
3 0.456043 0.514738 0.019014 0.005809
2 0.455102 0.512156 0.023155 0.013124
2 0.455384 0.50398 0.021837 0.005379
3 0.456325 0.531411 0.019955 0.004733
2 0.455572 0.528399 0.022967 0.012909
3 0.447854 0.547332 0.020708 0.003873
2 0.446913 0.543997 0.02372 0.012263
3 0.448325 0.55895 0.021273 0.005163
2 0.447572 0.556368 0.024285 0.012909
3 0.512048 0.509466 0.019202 0.003873
3 0.519108 0.529045 0.019767 0.004733
2 0.511295 0.506562 0.022214 0.012263
2 0.518072 0.526355 0.02372 0.013554
3 0.522214 0.556583 0.020708 0.005594
3 0.521178 0.542814 0.020896 0.005594
2 0.520425 0.543029 0.022402 0.007315
2 0.521743 0.552926 0.023155 0.01463
3 0.57436 0.506777 0.018825 0.004518
3 0.574454 0.516566 0.01939 0.006454
2 0.573042 0.504088 0.022214 0.011188
2 0.573607 0.513984 0.021837 0.012909
3 0.579631 0.529475 0.019578 0.006024
2 0.578596 0.526248 0.022402 0.0142
3 0.579537 0.553464 0.019767 0.0071
2 0.578313 0.550344 0.022967 0.015491
3 0.629518 0.510542 0.018825 0.004733
3 0.631777 0.519363 0.018825 0.004733
3 0.633189 0.53238 0.018637 0.006239
2 0.631965 0.529583 0.021461 0.014845
2 0.63093 0.51818 0.021649 0.008821
2 0.6282 0.507745 0.021837 0.011188
3 0.642319 0.555508 0.019202 0.006024
2 0.641284 0.552603 0.022026 0.013554
3 0.696254 0.531734 0.017131 0.003658
3 0.696536 0.541738 0.017319 0.003873
2 0.694277 0.52883 0.021461 0.010757
2 0.69503 0.538726 0.021837 0.010757
3 0.699078 0.551635 0.018637 0.005594
2 0.698042 0.549806 0.021461 0.011403
8 0.670651 0.515598 0.017884 0.014415
7 0.484846 0.649204 0.025038 0.006239
6 0.484563 0.649527 0.027485 0.007745
7 0.290474 0.672547 0.03125 0.009036
6 0.290286 0.672547 0.033886 0.010757
7 0.289627 0.72074 0.03445 0.008606
6 0.289627 0.721063 0.036333 0.010542
7 0.362105 0.726334 0.037462 0.011188
6 0.362199 0.726764 0.040663 0.013339
8 0.265248 0.651463 0.025226 0.017212
8 0.262707 0.668029 0.025791 0.018072
8 0.228539 0.652324 0.026732 0.018072
8 0.226092 0.690297 0.026732 0.019148
8 0.221103 0.726226 0.028426 0.021299
8 0.248776 0.729238 0.02805 0.020439
8 0.255083 0.704497 0.023343 0.014845
8 0.27099 0.632207 0.025038 0.019148
8 0.338291 0.651571 0.033133 0.027324
8 0.332455 0.712672 0.025602 0.017857
8 0.327184 0.731928 0.027485 0.021084
8 0.367564 0.698257 0.025791 0.019578
8 0.405215 0.694815 0.022779 0.018287
8 0.399473 0.733219 0.024473 0.020224
8 0.437406 0.692986 0.023908 0.027108
8 0.434394 0.733326 0.023155 0.027324
8 0.443336 0.628012 0.02259 0.018503
8 0.40465 0.65383 0.023155 0.018503
8 0.492093 0.69105 0.023343 0.018503
8 0.521178 0.691803 0.022779 0.019148
8 0.548569 0.658563 0.02259 0.020224
8 0.576337 0.684273 0.022402 0.019578
8 0.550734 0.696751 0.022402 0.019578
8 0.552523 0.7358 0.023343 0.020224
8 0.58509 0.734294 0.023343 0.020224
8 0.572572 0.661682 0.021273 0.016136
8 0.457549 0.69858 0.015625 0.028399
8 0.698513 0.689867 0.021273 0.018287
8 0.699925 0.668567 0.022214 0.023881
8 0.73221 0.68793 0.022779 0.018287
8 0.731269 0.718696 0.022779 0.017857
8 0.69663 0.732466 0.022779 0.017857
8 0.727504 0.64361 0.021273 0.016566
8 0.886672 0.534316 0.021084 0.015706
8 0.874624 0.560026 0.020331 0.015921
8 0.89759 0.562177 0.020331 0.01506
8 0.919804 0.537113 0.018072 0.016136
8 0.932041 0.564544 0.017319 0.012909
8 0.94936 0.564974 0.019578 0.012909
8 0.915474 0.564652 0.019578 0.013554
8 0.924228 0.715792 0.023155 0.020224
8 0.975339 0.712349 0.022967 0.021515
8 0.937406 0.714501 0.016755 0.020224
