1 0.183829 0.238275 0.048758 0.009682
1 0.17884 0.249247 0.050828 0.010542
1 0.174322 0.260972 0.051581 0.010327
0 0.189194 0.243008 0.103163 0.060026
1 0.701148 0.274096 0.073983 0.015491
0 0.698607 0.257638 0.099398 0.059165
7 0.224868 0.431046 0.031062 0.010972
7 0.217432 0.471816 0.038404 0.015921
6 0.224209 0.431046 0.034639 0.014415
6 0.217526 0.47117 0.04198 0.019793
7 0.307605 0.439006 0.039533 0.012694
6 0.3077 0.439006 0.041604 0.015706
7 0.300734 0.481282 0.045369 0.027539
6 0.30064 0.48182 0.048946 0.031196
7 0.362105 0.47074 0.056664 0.016781
6 0.361916 0.470955 0.059676 0.021515
7 0.355422 0.435564 0.034639 0.023881
6 0.354575 0.435779 0.038968 0.026893
7 0.427334 0.418782 0.04631 0.011403
6 0.427052 0.418352 0.048005 0.013124
7 0.419145 0.46278 0.038592 0.010757
6 0.418769 0.462565 0.040474 0.013339
5 0.673287 0.459552 0.034827 0.005594
4 0.666792 0.458799 0.049322 0.009682
7 0.800546 0.414372 0.034827 0.007315
6 0.800734 0.414479 0.036333 0.009682
7 0.460184 0.63651 0.069842 0.018287
6 0.459902 0.635757 0.072666 0.021515
