2 0.645914 0.703686 0.032212 0.020192
3 0.646635 0.708654 0.025481 0.00641
2 0.779808 0.783654 0.034135 0.021795
3 0.781611 0.788141 0.026683 0.007692
2 0.755409 0.731891 0.032933 0.025321
3 0.758173 0.736378 0.025481 0.0125
7 0.818149 0.713462 0.061779 0.021795
6 0.818029 0.713301 0.063462 0.024679
3 0.875962 0.717788 0.023558 0.011218
2 0.873678 0.713782 0.032452 0.023718
3 0.905889 0.776603 0.024279 0.013462
2 0.903125 0.772276 0.033173 0.025321
3 0.846514 0.78125 0.02476 0.011859
2 0.844111 0.777244 0.032933 0.025
3 0.448798 0.497596 0.025 0.00609
2 0.447596 0.494071 0.030769 0.016987
7 0.175361 0.48718 0.055048 0.03141
6 0.175481 0.487019 0.056731 0.033654
2 0.671394 0.554808 0.027885 0.026923
3 0.671154 0.557692 0.023077 0.017308
2 0.659255 0.510256 0.025721 0.03141
3 0.661659 0.508013 0.016106 0.025
2 0.699399 0.438301 0.027644 0.016346
3 0.700721 0.441186 0.019712 0.006731
2 0.751082 0.441346 0.025721 0.017308
3 0.751683 0.445192 0.021635 0.00641
2 0.699038 0.493429 0.019712 0.029167
3 0.701803 0.492788 0.010337 0.024679
2 0.729808 0.542788 0.027404 0.025962
3 0.730288 0.546314 0.023077 0.015705
2 0.793149 0.545513 0.029567 0.012821
3 0.794712 0.548077 0.021154 0.005128
2 0.77512 0.495192 0.027164 0.010256
3 0.777284 0.496635 0.01899 0.00609
