3 0.540286 0.247203 0.018825 0.006024
2 0.544992 0.244083 0.035015 0.015706
3 0.650226 0.230744 0.030497 0.004518
2 0.649849 0.228701 0.035768 0.011618
7 0.501318 0.431261 0.062123 0.018718
6 0.501318 0.432121 0.066265 0.024312
3 0.878671 0.385004 0.036709 0.008821
2 0.877071 0.37941 0.043675 0.02259
3 0.928464 0.380917 0.02372 0.00796
2 0.931099 0.377367 0.047063 0.021084
8 0.876883 0.402646 0.088855 0.046687
3 0.899567 0.832293 0.031062 0.016566
2 0.903803 0.821859 0.058735 0.04475
3 0.959996 0.749785 0.027673 0.012479
2 0.963385 0.741502 0.052146 0.034639
3 0.702466 0.824656 0.015248 0.040017
2 0.710749 0.835521 0.038215 0.072504
3 0.79904 0.842943 0.032944 0.013339
2 0.805817 0.833369 0.061182 0.041093
3 0.714044 0.742793 0.019578 0.008391
2 0.716867 0.736661 0.033886 0.023666
3 0.928087 0.673408 0.027485 0.0142
2 0.931664 0.665663 0.053087 0.036145
