1 0.718844 0.19148 0.064571 0.024096
0 0.711785 0.175452 0.091114 0.070783
3 0.366152 0.376398 0.041039 0.010542
2 0.364646 0.37145 0.046687 0.024742
3 0.416792 0.375323 0.017319 0.041093
2 0.411239 0.376829 0.032944 0.045826
3 0.589891 0.350258 0.033697 0.010757
2 0.589232 0.346708 0.041039 0.023021
3 0.686182 0.343696 0.026732 0.009251
2 0.685053 0.339393 0.033886 0.020009
3 0.764025 0.341652 0.025038 0.006885
2 0.762519 0.33778 0.031815 0.016351
3 0.796687 0.34133 0.024473 0.00753
2 0.795369 0.337242 0.030874 0.017427
3 0.17997 0.621558 0.056852 0.02969
2 0.177711 0.612844 0.065889 0.05099
3 0.315983 0.561532 0.048381 0.0142
2 0.314288 0.55497 0.055158 0.030336
3 0.451619 0.550237 0.044428 0.012694
2 0.450866 0.543675 0.053464 0.032272
3 0.594409 0.539049 0.037839 0.012263
2 0.59215 0.53324 0.045369 0.026033
3 0.850245 0.51065 0.021273 0.013985
2 0.847609 0.50667 0.031062 0.024527
