1 0.287861 0.196795 0.085337 0.028205
0 0.2875 0.179327 0.092308 0.073397
1 0.634375 0.205929 0.035096 0.013141
1 0.636298 0.215705 0.038462 0.014103
1 0.639543 0.225801 0.038702 0.013141
0 0.641346 0.210577 0.075962 0.060897
1 0.69399 0.21859 0.035096 0.016667
1 0.696755 0.228365 0.035336 0.015705
1 0.7 0.237981 0.035577 0.015064
0 0.700841 0.225481 0.073317 0.059295
1 0.751562 0.236218 0.03101 0.017949
1 0.755168 0.245994 0.032452 0.016987
1 0.758894 0.255449 0.031731 0.016667
0 0.758293 0.242308 0.066586 0.064103
1 0.713341 0.274519 0.036779 0.013782
1 0.716827 0.285096 0.038942 0.016346
1 0.720793 0.296635 0.03726 0.016987
0 0.720192 0.28157 0.075962 0.065064
1 0.771274 0.292308 0.035817 0.016026
1 0.775 0.302564 0.034135 0.014744
1 0.778365 0.313462 0.037019 0.015385
0 0.778966 0.300641 0.071394 0.067308
5 0.594712 0.509135 0.045673 0.016987
4 0.595192 0.508814 0.049038 0.022115
5 0.593389 0.446795 0.027163 0.012821
4 0.585577 0.443109 0.049038 0.024038
3 0.820312 0.528045 0.017548 0.007372
2 0.818149 0.52468 0.023317 0.017308
3 0.048678 0.648878 0.041106 0.008654
2 0.049038 0.642308 0.046635 0.023718
3 0.15613 0.676122 0.02524 0.009936
2 0.161418 0.669391 0.042067 0.024679
3 0.158894 0.744551 0.025962 0.015385
2 0.166226 0.740385 0.047356 0.033333
5 0.311538 0.591827 0.046635 0.017628
4 0.298438 0.591506 0.080048 0.027244
5 0.310577 0.701763 0.050962 0.019551
4 0.296755 0.70016 0.086779 0.027885
3 0.381971 0.615224 0.020673 0.008013
2 0.385337 0.610577 0.033654 0.020513
3 0.426923 0.76282 0.030769 0.012821
2 0.427284 0.75641 0.033413 0.028846
3 0.553245 0.66266 0.017067 0.008654
2 0.55649 0.657212 0.030769 0.021474
3 0.572716 0.767308 0.019471 0.009615
2 0.577764 0.763301 0.033894 0.027244
3 0.636899 0.774359 0.017548 0.008333
2 0.639423 0.768269 0.030288 0.021154
5 0.634856 0.655128 0.030769 0.011538
4 0.624279 0.650641 0.057692 0.023077
5 0.69375 0.677404 0.040865 0.011218
4 0.694351 0.677564 0.04351 0.014103
3 0.730529 0.757692 0.025 0.009615
2 0.729928 0.751923 0.029087 0.022436
5 0.759255 0.665705 0.035336 0.007692
4 0.759856 0.665705 0.038942 0.013462
5 0.78125 0.752083 0.033173 0.009295
4 0.782091 0.751923 0.036779 0.014103
3 0.842788 0.686378 0.020192 0.006731
2 0.841106 0.68141 0.024519 0.017949
5 0.867308 0.747115 0.030289 0.007692
4 0.858053 0.74407 0.050721 0.015705
5 0.194471 0.628846 0.047596 0.017949
4 0.179207 0.624359 0.082452 0.032051
5 0.413942 0.701603 0.021154 0.007051
4 0.403005 0.699359 0.04351 0.017949
5 0.582812 0.744872 0.021875 0.008333
4 0.571154 0.744712 0.045673 0.011859
5 0.661899 0.745032 0.022356 0.008654
4 0.652885 0.745032 0.041827 0.0125
8 0.421755 0.625481 0.036779 0.061218
