1 0.261389 0.206218 0.097327 0.024312
0 0.264307 0.187823 0.119352 0.072289
3 0.232022 0.398881 0.03558 0.008606
2 0.231645 0.395654 0.038592 0.018072
3 0.222327 0.43438 0.037274 0.010757
2 0.222609 0.432659 0.041227 0.021515
3 0.224209 0.460736 0.038027 0.008821
2 0.224303 0.456218 0.040474 0.019578
3 0.31137 0.44062 0.036521 0.008606
2 0.311841 0.436209 0.040098 0.019578
3 0.313159 0.389307 0.035203 0.00667
2 0.313912 0.385865 0.038592 0.014845
3 0.393355 0.393072 0.032568 0.008606
2 0.393637 0.389845 0.034262 0.017212
3 0.393166 0.439114 0.03445 0.010327
2 0.392978 0.435779 0.037839 0.020439
3 0.470068 0.438038 0.030497 0.007745
2 0.46988 0.434488 0.035015 0.016566
3 0.46442 0.390383 0.031626 0.00667
2 0.464891 0.387371 0.033697 0.016136
3 0.527108 0.390921 0.028991 0.007315
2 0.526167 0.387586 0.033133 0.015706
3 0.535015 0.436962 0.027861 0.013339
2 0.535109 0.434273 0.031062 0.02173
3 0.566642 0.414479 0.010919 0.029905
2 0.564194 0.415125 0.019955 0.032917
3 0.590832 0.374892 0.025791 0.00667
2 0.590738 0.371558 0.029744 0.01463
3 0.623494 0.385542 0.024473 0.007315
2 0.623682 0.3892 0.027108 0.016351
3 0.606269 0.415125 0.01186 0.027324
2 0.604104 0.41534 0.019955 0.029905
3 0.64439 0.410284 0.011672 0.024527
2 0.642131 0.410822 0.018072 0.026463
3 0.703596 0.413834 0.022026 0.013124
2 0.703878 0.410284 0.025602 0.023236
3 0.714703 0.447504 0.022402 0.007315
2 0.712255 0.442341 0.030309 0.020654
