3 0.183453 0.242255 0.017884 0.006454
2 0.183358 0.239243 0.019578 0.013769
3 0.187594 0.189974 0.017884 0.005164
2 0.187124 0.1875 0.019955 0.011833
3 0.319748 0.185886 0.018637 0.004303
2 0.320218 0.182659 0.02259 0.011618
3 0.305064 0.243653 0.020896 0.005379
2 0.304876 0.241179 0.025038 0.013769
3 0.372364 0.174484 0.021084 0.005164
2 0.372082 0.171794 0.023532 0.012263
3 0.450395 0.095417 0.02052 0.005379
2 0.449925 0.093373 0.02372 0.012048
3 0.443524 0.1321 0.020708 0.005594
2 0.442489 0.129626 0.024285 0.013554
3 0.43044 0.177388 0.019767 0.004948
2 0.430629 0.175022 0.023155 0.012694
5 0.509319 0.0696 0.032944 0.00667
4 0.503671 0.069385 0.047251 0.011833
3 0.89439 0.244406 0.018072 0.004303
2 0.893166 0.241287 0.023532 0.011833
3 0.883471 0.191695 0.015437 0.005164
2 0.882907 0.190189 0.018825 0.011618
3 0.006589 0.454174 0.012425 0.008176
2 0.006965 0.450947 0.013931 0.016781
3 0.215173 0.100366 0.016943 0.004088
2 0.216209 0.097784 0.024661 0.011403
3 0.31843 0.092513 0.01939 0.004733
2 0.319371 0.090254 0.024661 0.011403
3 0.20256 0.145009 0.016566 0.003873
2 0.201713 0.142642 0.019014 0.009897
