3 0.468373 0.627044 0.045934 0.010542
2 0.465361 0.618976 0.054217 0.031411
3 0.455761 0.686532 0.015437 0.058089
2 0.447383 0.687285 0.03445 0.068201
3 0.299887 0.698365 0.043675 0.012479
2 0.298287 0.690727 0.048381 0.033778
3 0.283509 0.861231 0.04744 0.013769
2 0.281156 0.852625 0.053652 0.039157
5 0.357963 0.760004 0.020143 0.087565
4 0.350433 0.79346 0.048005 0.162651
3 0.600056 0.733864 0.052146 0.012048
2 0.598927 0.72741 0.058923 0.036145
3 0.716679 0.667384 0.048569 0.011618
2 0.714608 0.659638 0.057982 0.033563
3 0.73494 0.847031 0.05384 0.01463
2 0.731457 0.836274 0.065324 0.041738
5 0.685712 0.483434 0.025791 0.006454
4 0.676017 0.481713 0.047816 0.019363
3 0.78012 0.629948 0.045557 0.012048
2 0.777767 0.625 0.053276 0.03012
3 0.848927 0.635757 0.05064 0.012048
2 0.848268 0.629733 0.057229 0.037005
3 0.936465 0.848214 0.05177 0.014845
2 0.933264 0.841437 0.061182 0.040878
5 0.044898 0.421364 0.054782 0.032487
4 0.038874 0.408993 0.076619 0.066265
