3 0.175962 0.616026 0.020192 0.009615
2 0.182212 0.609615 0.0375 0.024359
3 0.249038 0.66859 0.032692 0.007692
2 0.248678 0.662981 0.038221 0.021474
3 0.296635 0.67468 0.016827 0.039103
2 0.291707 0.676603 0.029087 0.04359
8 0.229087 0.701442 0.051442 0.036218
8 0.458534 0.672917 0.041106 0.035577
3 0.41238 0.668109 0.020433 0.0125
2 0.41863 0.663622 0.038221 0.028526
3 0.447837 0.58141 0.029808 0.007051
2 0.446755 0.576603 0.033894 0.01859
3 0.308293 0.591186 0.014663 0.034936
2 0.313101 0.589423 0.027644 0.039744
3 0.527164 0.60657 0.011058 0.034295
2 0.522356 0.606731 0.023558 0.040385
3 0.601683 0.604968 0.032692 0.010577
2 0.59988 0.60016 0.038221 0.024038
3 0.71238 0.625 0.032933 0.009615
2 0.710216 0.61907 0.039183 0.024679
3 0.57524 0.693269 0.035096 0.015385
2 0.57488 0.687019 0.041106 0.030449
3 0.729447 0.447436 0.016106 0.005769
2 0.729688 0.44375 0.018029 0.014423
3 0.457452 0.453686 0.027404 0.006731
2 0.456851 0.44968 0.03101 0.017308
3 0.507692 0.324519 0.025 0.005449
2 0.50637 0.321955 0.029567 0.014423
3 0.523077 0.26859 0.020673 0.00641
2 0.522356 0.266026 0.025962 0.013462
