1 0.095673 0.183494 0.04375 0.009936
1 0.092187 0.190865 0.044471 0.009295
0 0.101442 0.187981 0.0875 0.040064
1 0.68762 0.272276 0.053125 0.011218
0 0.686298 0.261699 0.066346 0.035577
5 0.617428 0.144551 0.026202 0.007051
4 0.614664 0.141186 0.033654 0.015705
5 0.617668 0.183494 0.026202 0.007372
4 0.615986 0.180128 0.031971 0.016667
5 0.671755 0.193269 0.026683 0.00641
4 0.670553 0.189583 0.03101 0.015705
5 0.636178 0.224519 0.028125 0.00609
4 0.632332 0.220192 0.03726 0.016026
1 0.948077 0.282212 0.056731 0.0125
0 0.942668 0.271955 0.07524 0.039423
9 0.033654 0.490705 0.053846 0.058333
9 0.135577 0.497756 0.04375 0.053846
9 0.291827 0.508013 0.031731 0.055128
9 0.40601 0.493269 0.030288 0.055128
9 0.446755 0.484295 0.032452 0.055128
9 0.528486 0.511538 0.033894 0.049359
8 0.055889 0.779006 0.03774 0.029808
8 0.102885 0.829327 0.042308 0.03109
8 0.19363 0.841506 0.03726 0.027885
8 0.254447 0.83766 0.035337 0.028526
8 0.35 0.809295 0.034135 0.029487
8 0.41226 0.764904 0.033654 0.029167
8 0.464423 0.80625 0.032692 0.028526
8 0.52488 0.853205 0.034375 0.030128
8 0.58738 0.898558 0.035817 0.033013
8 0.785337 0.895673 0.034615 0.03109
8 0.841106 0.864423 0.034135 0.026282
8 0.878966 0.831731 0.035817 0.026282
8 0.936538 0.811378 0.033173 0.029167
9 0.353005 0.64359 0.041106 0.023718
9 0.667067 0.525641 0.034135 0.055769
9 0.709736 0.523718 0.036779 0.054487
9 0.755889 0.522917 0.036779 0.054167
9 0.837019 0.506571 0.041827 0.053526
9 0.903125 0.53718 0.046635 0.048718
9 0.751202 0.38734 0.030288 0.041987
9 0.467188 0.357853 0.029087 0.04391
9 0.532091 0.383013 0.029087 0.041667
9 0.050361 0.347596 0.042067 0.043269
