1 0.753125 0.595513 0.041346 0.017308
0 0.728486 0.57484 0.108894 0.074679
3 0.46863 0.505929 0.02476 0.006731
2 0.467909 0.502564 0.028606 0.016667
3 0.402163 0.478045 0.015865 0.004808
2 0.403726 0.476442 0.022356 0.015064
3 0.321635 0.482692 0.023558 0.005769
2 0.320192 0.478045 0.03125 0.017628
3 0.151202 0.822115 0.039904 0.015385
2 0.15 0.815545 0.046154 0.032372
3 0.248798 0.766987 0.021635 0.008974
2 0.256851 0.761218 0.042067 0.025
3 0.307572 0.771955 0.035817 0.011859
2 0.30637 0.765705 0.041106 0.028205
3 0.427043 0.761378 0.020433 0.009936
2 0.433173 0.75609 0.037019 0.025
3 0.507212 0.785417 0.032212 0.010577
2 0.504447 0.780128 0.040625 0.026923
3 0.640865 0.773237 0.029327 0.007372
2 0.639423 0.76891 0.036538 0.021154
7 0.411418 0.80593 0.028125 0.040064
6 0.411659 0.80609 0.03101 0.042949
5 0.139062 0.571474 0.04351 0.008333
4 0.200601 0.573237 0.057452 0.0125
5 0.207332 0.574038 0.042067 0.007051
4 0.133053 0.571474 0.057933 0.010897
4 0.147476 0.491186 0.053606 0.011859
5 0.153726 0.492628 0.039183 0.007692
4 0.205649 0.496314 0.053125 0.010577
5 0.212019 0.497596 0.038462 0.006731
4 0.264423 0.498077 0.050962 0.008974
5 0.270072 0.498718 0.03774 0.005769
4 0.323798 0.495513 0.048077 0.008974
5 0.328966 0.496314 0.035817 0.005449
4 0.165505 0.302564 0.043029 0.008974
5 0.169952 0.303205 0.032692 0.005769
4 0.216587 0.310737 0.044712 0.009936
5 0.221755 0.311699 0.031971 0.006731
4 0.267308 0.325801 0.040385 0.0125
5 0.272115 0.327083 0.029808 0.008013
4 0.267428 0.375962 0.045433 0.012179
5 0.271995 0.376603 0.032452 0.007051
4 0.214423 0.365224 0.046635 0.010577
5 0.219712 0.366026 0.033654 0.007051
4 0.163822 0.357532 0.046875 0.011859
5 0.16887 0.358814 0.034375 0.007372
4 0.26262 0.57468 0.054567 0.011539
5 0.26875 0.575 0.040385 0.00641
4 0.32524 0.574038 0.052404 0.009615
5 0.33101 0.573878 0.038462 0.005449
4 0.211538 0.428365 0.049519 0.010577
5 0.216947 0.429327 0.03726 0.007372
4 0.156731 0.421154 0.05 0.012179
5 0.16262 0.422115 0.03726 0.007051
4 0.267428 0.433974 0.046875 0.010897
5 0.272716 0.434936 0.034856 0.007051
4 0.844832 0.486218 0.028606 0.055769
5 0.848317 0.477885 0.019231 0.035256
