3 0.226923 0.431891 0.0125 0.003526
3 0.259736 0.441827 0.005048 0.011218
3 0.233413 0.473558 0.021635 0.00609
2 0.23125 0.429808 0.025962 0.009615
2 0.256731 0.439904 0.013942 0.019551
2 0.234014 0.471314 0.026683 0.014423
3 0.60024 0.398397 0.004808 0.017308
2 0.603606 0.398558 0.013462 0.019551
3 0.730649 0.427404 0.018029 0.004167
2 0.729567 0.425 0.023077 0.010897
3 0.101202 0.745994 0.031731 0.008013
2 0.101322 0.740865 0.038702 0.021474
3 0.079327 0.813622 0.019712 0.008654
2 0.086659 0.809135 0.039663 0.023397
3 0.150481 0.736699 0.018269 0.009936
2 0.156731 0.734455 0.034615 0.026603
3 0.409375 0.785417 0.028365 0.008654
2 0.408053 0.781891 0.032933 0.018269
3 0.411779 0.807532 0.028365 0.011218
2 0.411538 0.803205 0.034135 0.022436
3 0.420312 0.84359 0.032452 0.007692
2 0.419832 0.837981 0.036298 0.021474
3 0.646635 0.332532 0.01875 0.002885
2 0.646034 0.33093 0.022356 0.008654
5 0.234976 0.684936 0.011779 0.030769
4 0.235577 0.68109 0.016827 0.042949
