1 0.078125 0.317448 0.055723 0.010972
0 0.083208 0.300667 0.077184 0.052711
1 0.216209 0.280336 0.044239 0.011188
1 0.213761 0.29077 0.044239 0.009682
1 0.211879 0.301743 0.045745 0.011403
0 0.219221 0.287005 0.072477 0.049484
1 0.281627 0.273989 0.043298 0.011403
1 0.279932 0.283993 0.043675 0.013339
0 0.290663 0.280981 0.071913 0.052065
1 0.378577 0.284639 0.027861 0.011188
1 0.377541 0.29389 0.030309 0.010757
1 0.3766 0.303787 0.032944 0.010757
0 0.385542 0.285607 0.057982 0.053571
1 0.434864 0.272806 0.041039 0.015491
1 0.4359 0.28367 0.040098 0.013554
1 0.437123 0.295503 0.03991 0.010542
0 0.44823 0.277861 0.07003 0.06605
1 0.506777 0.264522 0.040663 0.00796
1 0.506965 0.276355 0.043298 0.010542
1 0.505836 0.287973 0.036521 0.010542
0 0.514684 0.27173 0.07116 0.057229
1 0.911427 0.272806 0.053652 0.009036
0 0.90465 0.2571 0.071724 0.045611
