1 0.355288 0.520192 0.04375 0.013462
0 0.344832 0.507692 0.083413 0.046154
1 0.641827 0.586859 0.04375 0.011538
0 0.626923 0.574519 0.083654 0.047756
5 0.170553 0.79407 0.07524 0.026603
4 0.151923 0.790865 0.119231 0.033013
5 0.28726 0.798878 0.068269 0.028526
4 0.26851 0.797436 0.109135 0.035256
3 0.179327 0.817628 0.019231 0.00641
2 0.185577 0.815545 0.036538 0.01891
8 0.13101 0.838942 0.035577 0.020833
8 0.258293 0.842148 0.033894 0.022115
3 0.278726 0.894712 0.020433 0.007372
2 0.285216 0.890705 0.038221 0.017949
