1 0.068712 0.199656 0.037274 0.011618
1 0.065606 0.211919 0.040098 0.012909
0 0.072854 0.204604 0.076807 0.062823
1 0.36794 0.122311 0.046498 0.012263
1 0.365587 0.134359 0.047063 0.010972
0 0.373776 0.127259 0.089797 0.058305
1 0.698889 0.105099 0.046499 0.013985
1 0.702749 0.116717 0.048193 0.013985
0 0.709055 0.104346 0.096574 0.072719
8 0.125471 0.425667 0.022402 0.027324
8 0.120011 0.467836 0.024285 0.029045
5 0.153709 0.515706 0.005459 0.021515
4 0.153709 0.519793 0.007342 0.033133
5 0.154273 0.561317 0.006589 0.021515
4 0.153897 0.565942 0.008471 0.032057
5 0.143825 0.608649 0.006401 0.022375
4 0.143543 0.613812 0.008471 0.033563
8 0.321442 0.490856 0.025791 0.028184
8 0.340361 0.493761 0.014307 0.033133
8 0.311747 0.514953 0.025602 0.021299
8 0.329537 0.585306 0.029556 0.030336
8 0.3141 0.612199 0.027673 0.023881
8 0.393449 0.486446 0.025226 0.02883
8 0.41105 0.488274 0.010354 0.033348
3 0.418016 0.567126 0.002824 0.026678
2 0.416698 0.566803 0.007718 0.029475
5 0.432888 0.595095 0.014872 0.005594
4 0.432982 0.591652 0.016943 0.0142
5 0.482681 0.611876 0.02259 0.006024
4 0.482869 0.608864 0.025602 0.012478
