3 0.032756 0.495159 0.016566 0.004518
2 0.033321 0.49247 0.020331 0.011188
3 0.016002 0.535822 0.016566 0.005379
2 0.016378 0.53281 0.021837 0.012694
3 0.051017 0.540232 0.016943 0.005594
2 0.050546 0.536898 0.020143 0.013124
3 0.066453 0.497526 0.016566 0.005809
2 0.066642 0.494621 0.021084 0.013339
3 0.102786 0.499677 0.016566 0.004948
2 0.103069 0.497203 0.021273 0.012479
3 0.09262 0.52259 0.016566 0.005594
2 0.092432 0.520009 0.021461 0.013339
3 0.121611 0.54475 0.018072 0.006885
2 0.121988 0.541631 0.023343 0.014845
3 0.146837 0.478916 0.016943 0.003873
2 0.146367 0.475688 0.021273 0.011618
3 0.15945 0.548193 0.018825 0.006885
2 0.159262 0.545073 0.021461 0.015706
3 0.226374 0.553787 0.02052 0.006024
2 0.226845 0.550775 0.025226 0.01506
3 0.235222 0.504626 0.018637 0.004948
2 0.23494 0.501721 0.024473 0.013769
3 0.283509 0.482358 0.018825 0.005164
2 0.283133 0.479884 0.02372 0.013124
3 0.279932 0.526678 0.019955 0.007745
2 0.28012 0.523236 0.024849 0.016351
3 0.321254 0.478378 0.019014 0.006239
2 0.320877 0.475258 0.023155 0.0142
3 0.315794 0.560241 0.020896 0.006024
2 0.316077 0.557552 0.026355 0.013985
3 0.35081 0.533133 0.01939 0.005163
2 0.350151 0.530013 0.024096 0.013985
3 0.377259 0.533886 0.020331 0.00667
2 0.376412 0.530443 0.024285 0.015706
3 0.402485 0.531411 0.021084 0.012478
2 0.401544 0.528507 0.026732 0.021299
3 0.423852 0.540232 0.021273 0.004303
2 0.42291 0.537113 0.024285 0.013124
3 0.489175 0.566803 0.014495 0.004948
2 0.49294 0.563683 0.025038 0.01463
3 0.649944 0.537758 0.013366 0.004948
2 0.653614 0.534961 0.024849 0.013554
3 0.654744 0.576377 0.014307 0.005594
2 0.658038 0.57315 0.024661 0.0142
3 0.727786 0.579497 0.014307 0.004948
2 0.730892 0.576915 0.026167 0.014845
3 0.197948 0.605852 0.020143 0.007745
2 0.19776 0.601979 0.025791 0.017212
3 0.222044 0.652431 0.022026 0.004948
2 0.221856 0.648666 0.027297 0.015491
3 0.331702 0.618008 0.008283 0.026033
2 0.335279 0.616717 0.016943 0.029905
3 0.32003 0.673193 0.023343 0.006454
2 0.319748 0.66932 0.027297 0.017212
3 0.357022 0.665878 0.023532 0.008176
2 0.356739 0.661898 0.028614 0.019148
3 0.389966 0.651786 0.023908 0.005379
2 0.389119 0.647913 0.027108 0.016566
3 0.541886 0.649742 0.005083 0.017212
3 0.563724 0.640383 0.024285 0.006239
2 0.563535 0.63608 0.02692 0.016566
2 0.539345 0.644686 0.013178 0.032057
3 0.648155 0.686102 0.006401 0.028399
2 0.645049 0.687285 0.016755 0.033778
3 0.781062 0.659101 0.006401 0.017427
2 0.777862 0.655013 0.016566 0.031626
3 0.790192 0.690727 0.008848 0.028614
2 0.787745 0.691695 0.018261 0.033132
3 0.129424 0.673516 0.021273 0.00753
2 0.129612 0.672225 0.024661 0.012694
1 0.885542 0.408348 0.035768 0.009036
1 0.888178 0.41846 0.037274 0.009466
0 0.894484 0.413726 0.072854 0.050775
