1 0.045087 0.329066 0.031815 0.00796
1 0.040192 0.336812 0.031062 0.0071
1 0.036333 0.344234 0.028991 0.006454
0 0.046122 0.333262 0.066265 0.041308
1 0.199454 0.344449 0.048758 0.008176
0 0.201054 0.33068 0.060617 0.04432
1 0.496423 0.296149 0.04744 0.00753
0 0.495858 0.28281 0.054217 0.040232
1 0.690983 0.330142 0.042733 0.012263
0 0.690606 0.317018 0.051017 0.045396
1 0.853633 0.346601 0.037462 0.007315
0 0.851562 0.333046 0.049511 0.042599
1 0.951525 0.303571 0.036333 0.010757
0 0.945407 0.289264 0.054593 0.044966
