7 0.031909 0.604561 0.055158 0.013769
6 0.031532 0.604346 0.057417 0.016351
7 0.081231 0.610478 0.046498 0.019578
6 0.081419 0.61037 0.048758 0.022375
7 0.163968 0.614135 0.053464 0.018287
6 0.163874 0.61392 0.055535 0.020439
7 0.188724 0.544428 0.060806 0.013124
6 0.188912 0.544643 0.062312 0.014845
7 0.127071 0.498924 0.041039 0.015491
6 0.127165 0.498817 0.04311 0.016997
7 0.069842 0.490103 0.067018 0.011618
6 0.069654 0.489996 0.069277 0.013985
7 0.107681 0.550775 0.051958 0.012048
6 0.107775 0.550774 0.053652 0.013339
7 0.050075 0.555293 0.062877 0.01506
6 0.050075 0.555185 0.064759 0.016566
7 0.746423 0.324763 0.04631 0.014415
6 0.746423 0.324763 0.047816 0.015706
7 0.817959 0.33864 0.052711 0.020654
6 0.817677 0.338425 0.055911 0.023236
7 0.764684 0.377582 0.050828 0.01463
6 0.764684 0.377904 0.051958 0.017427
3 0.663968 0.382853 0.012048 0.025172
2 0.670463 0.389307 0.029179 0.045826
3 0.979386 0.306799 0.030685 0.005164
2 0.975998 0.302173 0.040851 0.018287
7 0.963479 0.521407 0.047063 0.017857
6 0.963761 0.521407 0.050264 0.019578
7 0.970444 0.564006 0.049699 0.019148
6 0.97035 0.564114 0.05177 0.021515
7 0.918863 0.590792 0.075301 0.024527
6 0.918863 0.590792 0.077937 0.026248
7 0.82756 0.592405 0.079066 0.026033
6 0.827843 0.592405 0.08189 0.029045
6 0.740587 0.594342 0.095633 0.025172
7 0.740964 0.594449 0.094503 0.023666
7 0.632342 0.572827 0.08622 0.026463
6 0.632248 0.572504 0.088291 0.02883
3 0.613799 0.521084 0.044993 0.011188
2 0.614175 0.529152 0.052523 0.028614
7 0.536145 0.483003 0.060618 0.013769
6 0.536145 0.483003 0.062123 0.015491
7 0.447666 0.578528 0.059111 0.017212
6 0.447854 0.578421 0.06137 0.018718
7 0.270614 0.477517 0.043486 0.013985
6 0.270802 0.47741 0.044616 0.01506
7 0.26666 0.545934 0.062312 0.016566
6 0.266566 0.545719 0.064006 0.018718
7 0.256683 0.654905 0.086785 0.024527
6 0.256495 0.65469 0.089044 0.025387
7 0.460655 0.655551 0.071536 0.021515
6 0.460749 0.655336 0.073607 0.023666
7 0.551958 0.644148 0.018072 0.065404
6 0.552334 0.644256 0.021461 0.068201
7 0.543863 0.569492 0.01619 0.061532
6 0.544051 0.569492 0.018449 0.063683
7 0.371517 0.580572 0.057041 0.03636
6 0.371988 0.580465 0.059864 0.039157
7 0.370576 0.525818 0.048381 0.041308
6 0.370294 0.525602 0.050828 0.04346
7 0.09648 0.368976 0.075489 0.016351
6 0.09648 0.369083 0.078125 0.018718
7 0.127447 0.317879 0.043298 0.00667
6 0.127353 0.317879 0.044992 0.00753
7 0.180441 0.337887 0.060806 0.012694
6 0.180629 0.338102 0.063818 0.014415
7 0.172063 0.371235 0.064383 0.013554
6 0.172252 0.370912 0.067018 0.015921
7 0.55064 0.382853 0.07116 0.016136
6 0.550546 0.382745 0.073983 0.018933
7 0.557888 0.338748 0.044239 0.025602
6 0.558076 0.339071 0.046122 0.027969
7 0.439571 0.373171 0.067018 0.020869
6 0.439665 0.373279 0.069089 0.022806
7 0.420934 0.328421 0.057982 0.015706
6 0.421028 0.328313 0.059676 0.017642
7 0.432982 0.286682 0.078313 0.017427
6 0.433076 0.28679 0.080008 0.018933
7 0.334714 0.322612 0.067018 0.014845
6 0.334808 0.322397 0.068712 0.017857
7 0.333396 0.378335 0.065512 0.016136
6 0.333396 0.37855 0.068148 0.018287
7 0.340926 0.284208 0.059111 0.007745
6 0.34102 0.284316 0.060429 0.008821
7 0.264684 0.290663 0.042169 0.008176
6 0.264778 0.290663 0.04311 0.009466
7 0.257812 0.342405 0.055911 0.012263
6 0.257624 0.342513 0.057417 0.013769
7 0.257154 0.372311 0.044428 0.012694
6 0.257154 0.372526 0.046687 0.014415
7 0.242941 0.404367 0.048758 0.013985
6 0.243035 0.404475 0.050828 0.015921
7 0.167545 0.406519 0.058735 0.014415
6 0.167733 0.406519 0.06137 0.016566
8 0.352316 0.656196 0.044239 0.052065
