1 0.750282 0.097139 0.070971 0.015706
0 0.74887 0.080572 0.089985 0.064329
1 0.937218 0.049376 0.024285 0.0071
1 0.939571 0.061102 0.022967 0.010327
1 0.939759 0.072612 0.024849 0.009251
0 0.936935 0.05497 0.072666 0.062177
1 0.954537 0.104023 0.025038 0.011403
1 0.957737 0.114996 0.026167 0.011833
1 0.951619 0.125861 0.044051 0.012048
0 0.955855 0.109725 0.079255 0.061102
8 0.067865 0.473537 0.01186 0.008176
8 0.181476 0.471708 0.012048 0.008391
8 0.184206 0.552065 0.01186 0.008176
1 0.424228 0.586704 0.032944 0.009036
0 0.423193 0.581971 0.038027 0.023236
1 0.505083 0.547117 0.032756 0.013769
0 0.505365 0.54346 0.040474 0.026248
1 0.509789 0.639522 0.035015 0.016136
0 0.509695 0.635112 0.042733 0.028399
1 0.560994 0.637801 0.03238 0.010112
0 0.560335 0.634466 0.037839 0.024096
1 0.545181 0.537113 0.01506 0.038511
0 0.549416 0.535714 0.026167 0.04475
1 0.61634 0.360262 0.03238 0.020009
0 0.615776 0.357466 0.036898 0.031626
1 0.671028 0.533886 0.022026 0.009682
0 0.673758 0.529583 0.035015 0.021299
1 0.970538 0.482143 0.021273 0.008606
0 0.969221 0.478593 0.029179 0.020439
1 0.546404 0.961058 0.024285 0.012048
0 0.552523 0.959122 0.040286 0.027969
