1 0.128106 0.339716 0.052523 0.010757
0 0.133189 0.325839 0.081137 0.046256
1 0.446536 0.262048 0.041416 0.006454
1 0.44616 0.270546 0.042169 0.0071
1 0.444748 0.278937 0.046122 0.0071
1 0.444277 0.29034 0.046687 0.005809
1 0.445971 0.299376 0.044804 0.00667
0 0.454631 0.283025 0.077184 0.075947
1 0.685523 0.152754 0.021649 0.005164
1 0.689288 0.157702 0.021649 0.005164
1 0.690512 0.162866 0.022214 0.005164
1 0.693524 0.16889 0.023343 0.006024
1 0.696254 0.175022 0.023155 0.005379
1 0.698042 0.182229 0.024096 0.006024
1 0.70209 0.192448 0.024285 0.005379
1 0.705478 0.198042 0.022779 0.003657
1 0.699642 0.205787 0.039721 0.0071
1 0.704349 0.216222 0.039345 0.007745
1 0.704819 0.222784 0.044428 0.009682
1 0.707737 0.231282 0.043863 0.010327
1 0.711314 0.241394 0.043863 0.008606
1 0.713761 0.249462 0.043486 0.008821
1 0.718185 0.258068 0.043298 0.008391
1 0.722421 0.269686 0.043486 0.005809
0 0.712538 0.222139 0.115587 0.159423
3 0.333867 0.534316 0.016755 0.010112
2 0.337538 0.528614 0.03012 0.024096
3 0.44776 0.533348 0.017508 0.006885
2 0.452278 0.528507 0.029179 0.017857
3 0.536521 0.516889 0.016943 0.00796
2 0.53991 0.512478 0.03012 0.019793
3 0.640625 0.546149 0.017319 0.0071
2 0.644108 0.541523 0.031815 0.017642
5 0.804782 0.561532 0.042169 0.009897
4 0.805441 0.560133 0.050264 0.015275
3 0.952278 0.505594 0.014872 0.005594
2 0.954631 0.502797 0.027861 0.018072
3 0.097327 0.453851 0.013554 0.004088
2 0.101751 0.450839 0.023908 0.013124
3 0.060994 0.537436 0.015437 0.006024
2 0.06523 0.53324 0.02692 0.015706
3 0.027203 0.479023 0.013742 0.00667
2 0.02965 0.475366 0.022779 0.015706
3 0.084714 0.702775 0.01619 0.008391
2 0.088573 0.699763 0.029179 0.020439
3 0.142978 0.72386 0.018637 0.00753
2 0.146178 0.718696 0.031062 0.020009
3 0.186935 0.728808 0.018072 0.009251
2 0.188535 0.724613 0.026544 0.019793
5 0.150132 0.779367 0.045369 0.015275
4 0.151732 0.781519 0.054217 0.024312
5 0.281815 0.821644 0.033133 0.01463
4 0.282097 0.820891 0.037839 0.023881
3 0.334055 0.827883 0.020143 0.013769
2 0.338761 0.821213 0.036709 0.030551
3 0.42084 0.829389 0.020896 0.009466
2 0.42677 0.824118 0.036521 0.024312
5 0.409544 0.80185 0.04311 0.019363
4 0.409168 0.801205 0.044616 0.022375
5 0.532097 0.858434 0.038215 0.011188
4 0.532568 0.858326 0.043298 0.018718
5 0.530497 0.74247 0.036145 0.012909
4 0.530968 0.74247 0.040851 0.017642
3 0.744635 0.731928 0.019767 0.012048
2 0.746894 0.725688 0.034827 0.027969
5 0.858246 0.734832 0.037651 0.014415
4 0.857869 0.734294 0.042169 0.018933
5 0.875659 0.84886 0.038215 0.014845
4 0.875188 0.849182 0.042169 0.017642
