1 0.661615 0.253335 0.075489 0.012263
0 0.659733 0.236338 0.093938 0.057014
3 0.268543 0.503335 0.023908 0.008391
2 0.268825 0.499355 0.029744 0.020224
3 0.265531 0.538404 0.025038 0.009682
2 0.265154 0.534101 0.029179 0.02173
5 0.343468 0.459122 0.057041 0.01463
4 0.334149 0.459875 0.07756 0.02259
3 0.461032 0.454819 0.026732 0.006885
2 0.460373 0.450624 0.031438 0.017857
5 0.4359 0.471816 0.045745 0.010757
4 0.423569 0.464286 0.072666 0.030981
5 0.326054 0.40469 0.025979 0.009036
3 0.365776 0.407595 0.018072 0.00667
2 0.371423 0.405336 0.034262 0.021945
5 0.420651 0.41222 0.025414 0.010757
4 0.420463 0.412113 0.02692 0.013554
4 0.32596 0.404045 0.027673 0.011188
5 0.458584 0.409101 0.026355 0.009682
4 0.458773 0.409101 0.027861 0.011403
3 0.508754 0.409746 0.029179 0.012694
2 0.508942 0.407272 0.034827 0.025387
5 0.528897 0.445998 0.063441 0.015491
4 0.519861 0.446429 0.084526 0.023666
3 0.673852 0.450301 0.029556 0.007315
2 0.673193 0.445138 0.03238 0.018503
5 0.640154 0.45611 0.043486 0.011188
4 0.622082 0.456325 0.080761 0.02883
3 0.844221 0.42685 0.017508 0.006024
2 0.847986 0.42244 0.035203 0.020009
3 0.164157 0.663404 0.02372 0.006239
2 0.162933 0.657164 0.026544 0.019578
3 0.153426 0.696751 0.024849 0.00753
2 0.154179 0.69062 0.031627 0.020224
3 0.153991 0.737629 0.026355 0.008391
2 0.153238 0.732143 0.032003 0.021945
3 0.151732 0.764307 0.025602 0.0071
2 0.150885 0.759466 0.030309 0.021515
3 0.256965 0.676635 0.027861 0.007745
2 0.256401 0.671364 0.032003 0.02173
5 0.226845 0.674591 0.027108 0.013124
4 0.213291 0.672547 0.056852 0.024527
5 0.253483 0.62855 0.045745 0.008391
4 0.253577 0.62812 0.04744 0.014415
3 0.311559 0.633821 0.017696 0.006454
2 0.317018 0.628657 0.034639 0.018933
3 0.354198 0.635435 0.017884 0.005809
2 0.360881 0.629626 0.035015 0.019578
3 0.355045 0.677496 0.03012 0.007315
2 0.354292 0.671579 0.035768 0.02173
5 0.322289 0.674484 0.027861 0.0142
4 0.3077 0.673408 0.058547 0.025387
5 0.432794 0.693201 0.075301 0.015491
4 0.420934 0.692233 0.100904 0.023881
3 0.573607 0.720848 0.034262 0.012694
5 0.538027 0.704066 0.057982 0.013554
4 0.525696 0.70525 0.085655 0.023666
2 0.572289 0.715899 0.040286 0.025172
5 0.665286 0.69105 0.080572 0.016781
4 0.653238 0.690727 0.108434 0.026463
3 0.980986 0.635327 0.030873 0.007745
2 0.97948 0.630594 0.036898 0.021515
3 0.956419 0.883713 0.020896 0.013124
2 0.961314 0.874462 0.040474 0.034208
