3 0.955478 0.435671 0.021649 0.004303
3 0.967715 0.458154 0.022402 0.004518
2 0.954725 0.433197 0.02692 0.013124
2 0.966114 0.455787 0.027861 0.013985
3 0.840832 0.46364 0.016378 0.007745
2 0.844032 0.460198 0.032191 0.019793
3 0.938159 0.527539 0.022779 0.005164
2 0.936841 0.523666 0.02692 0.015921
3 0.732587 0.445783 0.009601 0.023666
2 0.729575 0.447612 0.01939 0.029045
3 0.547534 0.486661 0.005836 0.025387
2 0.544428 0.486768 0.014684 0.026033
3 0.142225 0.629841 0.013742 0.00796
2 0.146461 0.625645 0.023343 0.018072
3 0.187312 0.636188 0.022214 0.006454
2 0.186559 0.631992 0.026732 0.018287
3 0.175828 0.674053 0.013931 0.005594
2 0.179123 0.67287 0.025038 0.012694
3 0.165474 0.713318 0.013931 0.005379
2 0.169428 0.7088 0.024096 0.016997
3 0.232022 0.715362 0.014495 0.005594
2 0.235693 0.710628 0.027108 0.017642
3 0.253106 0.632638 0.023532 0.005379
2 0.252918 0.628765 0.02805 0.016997
3 0.222327 0.62855 0.013554 0.006239
2 0.226657 0.624462 0.026732 0.018718
3 0.465832 0.619191 0.026167 0.009036
2 0.464326 0.615211 0.031062 0.02173
3 0.559206 0.633821 0.015625 0.006024
2 0.563724 0.62898 0.031438 0.018718
3 0.572101 0.675452 0.027861 0.012694
2 0.571254 0.670504 0.033321 0.025602
3 0.566077 0.724613 0.027861 0.012048
2 0.565136 0.719664 0.033509 0.025818
3 0.663592 0.636618 0.01619 0.009036
2 0.668392 0.634466 0.031062 0.024957
3 0.682229 0.720525 0.028991 0.006024
2 0.682229 0.715254 0.034262 0.02173
3 0.727692 0.669213 0.016755 0.005809
2 0.73334 0.663942 0.032568 0.018933
3 0.728351 0.725688 0.016566 0.006885
2 0.731457 0.721601 0.032944 0.021084
3 0.795087 0.677173 0.027297 0.00796
2 0.792828 0.672547 0.034827 0.021945
3 0.804311 0.722999 0.027297 0.00667
2 0.80224 0.71762 0.033697 0.020869
3 0.884883 0.66136 0.028426 0.006454
2 0.883001 0.656411 0.03558 0.019793
3 0.890531 0.717405 0.016002 0.008391
2 0.893166 0.712887 0.032568 0.024742
