3 0.192395 0.112414 0.018825 0.013124
2 0.194936 0.108219 0.028426 0.027108
3 0.144202 0.138231 0.03012 0.016136
2 0.144296 0.134897 0.03558 0.02883
2 0.148814 0.112629 0.035956 0.027754
3 0.149473 0.115318 0.029367 0.015491
3 0.154744 0.096816 0.027485 0.012478
2 0.15512 0.093373 0.036898 0.024957
4 0.204066 0.072719 0.051205 0.027539
5 0.212444 0.069277 0.032191 0.017642
3 0.273155 0.065082 0.031627 0.018287
2 0.271555 0.063361 0.036709 0.031627
3 0.264307 0.042922 0.019202 0.011833
2 0.270143 0.037328 0.033886 0.027324
3 0.307417 0.05497 0.021084 0.010972
2 0.313159 0.050452 0.039721 0.027754
3 0.35881 0.032057 0.022967 0.012909
2 0.363893 0.026893 0.041792 0.02926
3 0.482963 0.02883 0.024661 0.011618
2 0.489081 0.023128 0.044051 0.028184
3 0.234375 0.026678 0.03012 0.016781
2 0.233151 0.024096 0.033697 0.027539
8 0.157191 0.804862 0.036145 0.024096
8 0.070783 0.839931 0.033886 0.008176
