1 0.354447 0.157212 0.035817 0.01891
0 0.345553 0.141987 0.067548 0.05641
1 0.633053 0.196314 0.05024 0.018269
0 0.630649 0.185737 0.061779 0.047115
3 0.312139 0.474519 0.014663 0.005449
2 0.315986 0.470673 0.02524 0.015064
3 0.395072 0.541987 0.016587 0.007692
2 0.398558 0.538462 0.026923 0.016667
3 0.490986 0.491346 0.014183 0.005128
2 0.494591 0.487981 0.024279 0.013141
3 0.488101 0.541186 0.014663 0.010577
2 0.490024 0.53718 0.027644 0.021795
3 0.563341 0.588301 0.015625 0.00609
2 0.567428 0.584455 0.026683 0.015705
3 0.535457 0.535577 0.015144 0.00641
2 0.539784 0.532212 0.025721 0.016987
3 0.547236 0.488622 0.014183 0.004808
2 0.551442 0.484936 0.024038 0.014103
3 0.632572 0.465865 0.014663 0.004808
2 0.635937 0.46266 0.02524 0.013782
3 0.615144 0.557212 0.014423 0.006731
2 0.61863 0.553365 0.026202 0.015064
3 0.725361 0.470353 0.013702 0.00609
2 0.728966 0.467788 0.024279 0.015705
3 0.740024 0.565064 0.014663 0.005128
2 0.741707 0.561378 0.02476 0.015064
3 0.892668 0.573077 0.020433 0.007051
2 0.890986 0.56907 0.026202 0.016346
7 0.925601 0.620994 0.051683 0.015705
6 0.92476 0.619712 0.057692 0.022756
3 0.120913 0.825801 0.031731 0.011218
2 0.119832 0.820513 0.038702 0.026282
3 0.277885 0.84375 0.01875 0.009295
2 0.279207 0.839744 0.02476 0.020513
3 0.321394 0.857853 0.03125 0.015064
2 0.321514 0.851923 0.036298 0.030128
3 0.396034 0.846154 0.029087 0.010256
2 0.396034 0.841346 0.033894 0.022436
3 0.485096 0.807532 0.017308 0.007372
2 0.490024 0.802724 0.030529 0.020192
3 0.558053 0.789744 0.016587 0.008974
2 0.561659 0.784936 0.029567 0.021154
3 0.630649 0.78782 0.016587 0.007692
2 0.634736 0.783013 0.029087 0.019231
3 0.709375 0.68109 0.015865 0.009615
2 0.713101 0.677244 0.027163 0.022436
3 0.762981 0.793109 0.017308 0.008654
2 0.766587 0.788141 0.032692 0.022436
3 0.815144 0.809776 0.015865 0.008013
2 0.817788 0.804487 0.029808 0.019872
3 0.791707 0.697276 0.016106 0.008013
2 0.795553 0.692949 0.028125 0.01859
3 0.953966 0.7625 0.016587 0.007051
2 0.955769 0.757853 0.030288 0.020192
