3 0.395331 0.537866 0.014684 0.004733
2 0.398908 0.534638 0.024849 0.013769
3 0.464608 0.537973 0.014684 0.005809
3 0.439383 0.508283 0.012801 0.004518
3 0.506683 0.539694 0.013742 0.004948
3 0.72948 0.692556 0.016566 0.006885
3 0.730233 0.764415 0.017319 0.006885
3 0.775791 0.769901 0.016566 0.00667
3 0.767508 0.709015 0.015813 0.006239
3 0.149285 0.71762 0.013931 0.008821
3 0.186182 0.721063 0.013931 0.005809
3 0.164157 0.663296 0.014307 0.007745
3 0.107022 0.481175 0.018261 0.008391
3 0.048946 0.498602 0.016566 0.00667
3 0.149002 0.372956 0.016002 0.004088
3 0.195124 0.377259 0.016378 0.003657
3 0.056099 0.597892 0.018449 0.006454
3 0.038027 0.642534 0.018825 0.008391
2 0.055629 0.595633 0.030685 0.023021
2 0.037745 0.641459 0.030685 0.023021
2 0.049228 0.49602 0.022779 0.014845
2 0.106551 0.479131 0.021084 0.015491
2 0.149285 0.371342 0.020708 0.010757
2 0.195877 0.375323 0.02052 0.010112
2 0.442677 0.506132 0.023908 0.012694
2 0.467526 0.535176 0.025038 0.015706
2 0.509789 0.536252 0.024473 0.014845
2 0.733528 0.688683 0.02805 0.019363
2 0.768637 0.704819 0.021461 0.017642
2 0.733716 0.759897 0.027297 0.018503
2 0.777673 0.765921 0.02372 0.016781
2 0.151826 0.714608 0.023908 0.019578
2 0.188253 0.717513 0.019955 0.015921
2 0.166698 0.660392 0.024661 0.020009
3 0.217715 0.737844 0.016378 0.008391
2 0.219785 0.734294 0.023532 0.019363
