3 0.436182 0.308197 0.064759 0.024312
2 0.440983 0.315404 0.075866 0.047762
5 0.753294 0.288834 0.078878 0.017427
4 0.747835 0.26506 0.096197 0.069707
3 0.758189 0.559165 0.062688 0.023666
2 0.754706 0.549591 0.074925 0.050129
5 0.087726 0.328636 0.042545 0.011833
4 0.086973 0.322612 0.047063 0.025602
5 0.10721 0.284531 0.040474 0.009251
4 0.107022 0.280336 0.04311 0.018933
4 0.028803 0.341437 0.047816 0.01463
5 0.037556 0.341545 0.027673 0.009251
3 0.127541 0.529045 0.048381 0.015491
2 0.126224 0.520331 0.060053 0.038942
3 0.245858 0.605852 0.057605 0.019363
2 0.242564 0.59574 0.066453 0.046472
3 0.346386 0.577238 0.063253 0.016351
2 0.344409 0.567664 0.073983 0.043244
3 0.863799 0.582831 0.060053 0.016351
2 0.85834 0.571966 0.07436 0.042814
3 0.867093 0.64673 0.06363 0.0142
2 0.863517 0.638339 0.07756 0.04389
3 0.77372 0.67685 0.069277 0.019363
2 0.768637 0.668567 0.083584 0.049699
5 0.774755 0.727194 0.061935 0.016781
4 0.770802 0.720417 0.072854 0.032917
5 0.666604 0.616609 0.072289 0.0142
4 0.652956 0.616717 0.102221 0.02216
3 0.756589 0.610155 0.062123 0.0142
2 0.752165 0.59972 0.074736 0.043244
3 0.977127 0.612629 0.045745 0.016136
2 0.969597 0.602195 0.060806 0.046041
3 0.097892 0.647268 0.053464 0.012694
2 0.096291 0.637478 0.06683 0.040448
3 0.77212 0.078098 0.038968 0.007315
2 0.769672 0.07358 0.048005 0.019793
3 0.941077 0.220525 0.041792 0.010757
2 0.936653 0.215146 0.053276 0.026678
5 0.188818 0.378765 0.042169 0.041523
5 0.22035 0.364458 0.038215 0.04389
4 0.168675 0.359832 0.088102 0.083692
4 0.189853 0.330787 0.104104 0.115534
