1 0.052617 0.321644 0.039345 0.009036
0 0.052334 0.310026 0.090361 0.04432
1 0.403332 0.218266 0.042357 0.0071
1 0.402108 0.226011 0.044804 0.006239
1 0.40032 0.234187 0.044616 0.005379
1 0.398626 0.244406 0.043863 0.006885
1 0.39919 0.251936 0.041227 0.008606
1 0.396084 0.262909 0.044804 0.009466
1 0.395425 0.276786 0.046122 0.008821
0 0.403991 0.256454 0.085843 0.107143
1 0.564194 0.309811 0.066265 0.013769
0 0.562594 0.296794 0.076242 0.050129
1 0.768355 0.318094 0.05817 0.013554
0 0.762895 0.304002 0.083773 0.050344
3 0.307982 0.557121 0.019202 0.006239
2 0.312877 0.551635 0.034639 0.017642
3 0.536521 0.589824 0.019578 0.009251
2 0.540663 0.583907 0.037651 0.023236
3 0.652579 0.479561 0.007718 0.018933
2 0.648061 0.474828 0.02052 0.031411
3 0.785862 0.469127 0.017884 0.00667
2 0.788215 0.465146 0.032756 0.016781
3 0.801958 0.537005 0.019202 0.006885
2 0.804688 0.533025 0.033697 0.017857
3 0.847044 0.444277 0.016002 0.005594
2 0.850056 0.44062 0.030685 0.013769
3 0.888178 0.536037 0.017319 0.00667
2 0.89119 0.531734 0.03125 0.017857
