3 0.287462 0.124785 0.039533 0.011618
7 0.367376 0.08025 0.077749 0.012478
6 0.367564 0.08025 0.080384 0.015491
3 0.503577 0.13167 0.025602 0.011618
7 0.799511 0.123494 0.03012 0.015491
6 0.799511 0.124032 0.032756 0.019578
2 0.511483 0.12855 0.045557 0.029905
2 0.286521 0.118546 0.045557 0.026678
3 0.115023 0.457078 0.032756 0.00753
2 0.112764 0.451915 0.03991 0.02216
3 0.299228 0.408348 0.021649 0.010327
2 0.306476 0.403292 0.041792 0.028614
3 0.4391 0.441695 0.008095 0.02883
2 0.4343 0.433412 0.022967 0.050559
3 0.721386 0.410714 0.009413 0.042169
3 0.749153 0.314221 0.023532 0.009682
3 0.829066 0.36392 0.009789 0.042814
3 0.231834 0.315727 0.022026 0.00796
2 0.237481 0.310994 0.040474 0.024742
2 0.755459 0.307552 0.042169 0.026893
2 0.725998 0.40867 0.021649 0.048838
2 0.834526 0.362844 0.026355 0.047978
7 0.89872 0.329604 0.048569 0.012048
7 0.899285 0.339178 0.050452 0.013554
6 0.899191 0.334337 0.057417 0.02883
7 0.967432 0.454819 0.048946 0.009897
7 0.966867 0.463963 0.047816 0.010112
6 0.967056 0.459337 0.051958 0.022806
7 0.285015 0.051312 0.038404 0.013985
7 0.305817 0.058735 0.037839 0.011618
6 0.295181 0.054432 0.061747 0.024096
