5 0.444654 0.234617 0.028238 0.005809
4 0.444654 0.234509 0.030497 0.009466
5 0.605328 0.396192 0.017884 0.063468
4 0.604669 0.395762 0.024096 0.068632
5 0.188065 0.408455 0.027108 0.00753
4 0.187688 0.40824 0.029367 0.010972
5 0.215644 0.497203 0.030309 0.009036
4 0.215644 0.497203 0.032944 0.011188
5 0.204443 0.601119 0.030497 0.009036
4 0.204537 0.601226 0.032944 0.010972
5 0.835561 0.447612 0.030309 0.00796
4 0.836032 0.447935 0.033509 0.011188
5 0.859563 0.546041 0.03125 0.007745
4 0.860034 0.545826 0.033697 0.011188
5 0.237199 0.806046 0.038404 0.00753
4 0.237011 0.805938 0.040663 0.009897
5 0.21395 0.947827 0.040474 0.008821
4 0.213573 0.94815 0.04311 0.011188
5 0.463291 0.803464 0.040663 0.008821
4 0.463855 0.803787 0.044428 0.012048
5 0.464797 0.942879 0.044051 0.010972
4 0.464891 0.942448 0.045745 0.013554
5 0.577749 0.817341 0.048193 0.010757
4 0.565512 0.806691 0.077184 0.038942
5 0.591114 0.968374 0.051581 0.013769
4 0.578031 0.957939 0.083773 0.043244
5 0.940794 0.880701 0.037839 0.014415
4 0.940606 0.880809 0.041227 0.017212
3 0.203972 0.274957 0.022026 0.004733
2 0.20416 0.27216 0.025414 0.012479
3 0.145896 0.541846 0.026355 0.00796
2 0.14599 0.536682 0.028426 0.021299
3 0.134036 0.648989 0.028614 0.006239
2 0.135072 0.643933 0.032191 0.018933
3 0.820971 0.521837 0.025226 0.00796
2 0.820312 0.517642 0.031815 0.019363
