1 0.053934 0.34488 0.040851 0.008606
0 0.053746 0.330895 0.055911 0.04389
1 0.1891 0.322397 0.026544 0.009251
1 0.18637 0.329389 0.028991 0.007315
0 0.189947 0.320891 0.057229 0.038941
1 0.379706 0.324548 0.049699 0.00796
0 0.381118 0.310886 0.061559 0.04389
1 0.544898 0.305938 0.047252 0.008606
0 0.544334 0.291523 0.058547 0.045611
1 0.700207 0.331433 0.046498 0.00753
0 0.698419 0.317448 0.058358 0.045396
1 0.855798 0.314759 0.047063 0.010327
0 0.852974 0.301097 0.058358 0.045826
8 0.971856 0.295719 0.055911 0.044105
