5 0.308923 0.201484 0.029744 0.010112
4 0.302805 0.200624 0.044616 0.014415
5 0.203596 0.19148 0.032568 0.008606
4 0.198325 0.19062 0.046498 0.012048
5 0.156909 0.65781 0.030685 0.0071
4 0.150791 0.657487 0.045934 0.011618
3 0.210843 0.681799 0.026732 0.010327
2 0.210373 0.678464 0.032191 0.020439
3 0.223174 0.62059 0.025414 0.011403
2 0.224492 0.617147 0.031815 0.023881
7 0.32003 0.662543 0.076807 0.027324
6 0.322007 0.664157 0.089797 0.039157
3 0.434582 0.597461 0.030309 0.009036
2 0.434582 0.593481 0.032568 0.018718
3 0.564288 0.591652 0.030685 0.007745
2 0.563912 0.587242 0.033321 0.020869
3 0.692206 0.594449 0.031626 0.009036
2 0.692018 0.589824 0.036898 0.020869
3 0.78445 0.571966 0.03125 0.014415
2 0.783603 0.568094 0.037086 0.027754
3 0.864834 0.561317 0.029368 0.012479
2 0.862764 0.557874 0.035392 0.022806
