1 0.322948 0.355744 0.05177 0.015275
1 0.645614 0.31207 0.061935 0.013985
1 0.870764 0.246988 0.053652 0.0142
3 0.592056 0.484832 0.021837 0.005379
3 0.636201 0.478378 0.013366 0.004088
5 0.487575 0.468158 0.024096 0.006024
4 0.484469 0.468481 0.032191 0.008821
5 0.491152 0.508283 0.025226 0.006239
4 0.488611 0.508713 0.032944 0.008821
5 0.58029 0.430185 0.020143 0.004948
4 0.576901 0.4304 0.02805 0.00796
2 0.591867 0.481175 0.024096 0.013554
2 0.63959 0.474935 0.024661 0.013554
5 0.698889 0.416631 0.026167 0.0071
4 0.695689 0.417169 0.034074 0.010327
5 0.60834 0.494729 0.021649 0.005379
4 0.604763 0.495374 0.030685 0.008391
0 0.323136 0.341652 0.063065 0.053356
0 0.64439 0.296579 0.076054 0.054002
0 0.865117 0.235585 0.082643 0.046902
3 0.273814 0.716652 0.020896 0.005164
3 0.332361 0.700086 0.022026 0.005594
3 0.395708 0.696321 0.021837 0.00796
3 0.468938 0.691373 0.022967 0.00667
3 0.517508 0.654583 0.014307 0.005379
3 0.59102 0.654905 0.014872 0.005163
3 0.648908 0.650172 0.023343 0.005594
3 0.659074 0.622203 0.021461 0.006885
3 0.698795 0.611338 0.02372 0.005809
3 0.709149 0.59133 0.022967 0.00667
3 0.731363 0.610908 0.02372 0.006239
3 0.802523 0.599613 0.016566 0.005594
3 0.795087 0.638877 0.024661 0.005809
3 0.721291 0.650387 0.024285 0.007745
2 0.273626 0.712672 0.024285 0.015275
2 0.33189 0.695676 0.024473 0.015706
2 0.395896 0.692664 0.024473 0.017857
2 0.46875 0.687285 0.027108 0.017427
2 0.521273 0.650387 0.025979 0.015921
2 0.594691 0.65028 0.027861 0.016997
2 0.647967 0.646192 0.027861 0.016997
2 0.65785 0.618546 0.027297 0.017642
2 0.698325 0.607143 0.028426 0.015921
2 0.729857 0.60682 0.028238 0.017427
2 0.707831 0.587887 0.027485 0.015706
2 0.720068 0.645977 0.03012 0.018718
2 0.793298 0.634789 0.03012 0.017857
2 0.803558 0.596278 0.023908 0.015275
