8 0.9 0.26266 0.027885 0.018269
8 0.939423 0.251763 0.028846 0.016346
8 0.957091 0.146154 0.027644 0.020513
2 0.088582 0.587019 0.024279 0.019551
3 0.08738 0.590705 0.01851 0.009615
3 0.061178 0.638622 0.017548 0.006731
2 0.063702 0.635256 0.027885 0.017308
8 0.22488 0.585737 0.022837 0.01891
8 0.221514 0.604968 0.024279 0.020192
8 0.218269 0.625481 0.024519 0.020833
8 0.241827 0.626763 0.023077 0.022115
8 0.24387 0.60625 0.023317 0.020192
8 0.267428 0.60657 0.023317 0.020833
8 0.269832 0.583654 0.02524 0.020513
8 0.246154 0.584455 0.022115 0.020192
7 0.345072 0.550962 0.020913 0.00641
6 0.344952 0.550962 0.022115 0.007692
7 0.351442 0.532372 0.01875 0.005128
6 0.351322 0.532372 0.020433 0.00641
8 0.461779 0.594551 0.026923 0.017949
8 0.507812 0.578686 0.025721 0.021474
2 0.63125 0.517628 0.029327 0.017949
3 0.627043 0.521635 0.016587 0.008654
2 0.666466 0.505288 0.03149 0.020833
3 0.66226 0.510256 0.017308 0.008333
8 0.734014 0.551763 0.028606 0.020192
8 0.732212 0.477404 0.026923 0.021474
7 0.737861 0.530449 0.073317 0.017949
6 0.737861 0.530769 0.075721 0.021154
4 0.645793 0.578846 0.045913 0.01282
5 0.652885 0.578526 0.029808 0.009615
6 0.647716 0.529968 0.063702 0.015064
7 0.647837 0.529968 0.0625 0.013141
7 0.559255 0.546474 0.059375 0.021154
6 0.559375 0.546635 0.061058 0.02468
7 0.369952 0.548558 0.022596 0.00609
6 0.369832 0.548397 0.024279 0.007692
7 0.333173 0.590064 0.022115 0.005769
6 0.333173 0.590064 0.023558 0.007051
