1 0.384413 0.240856 0.071536 0.009682
0 0.383471 0.225904 0.083584 0.049914
1 0.074642 0.281411 0.068336 0.010757
0 0.077843 0.263769 0.095444 0.051635
1 0.737575 0.266781 0.040663 0.012048
0 0.721009 0.252904 0.084714 0.050129
8 0.282474 0.897698 0.040098 0.00796
8 0.282474 0.813898 0.040098 0.007745
8 0.355422 0.574118 0.03991 0.00796
8 0.359093 0.495052 0.038968 0.008176
8 0.359469 0.420826 0.038968 0.008176
8 0.642602 0.39404 0.029932 0.004948
8 0.648155 0.448688 0.03012 0.005809
8 0.654838 0.507745 0.031815 0.006024
8 0.660768 0.570676 0.033132 0.0071
8 0.616811 0.730314 0.037086 0.009251
8 0.632248 0.847999 0.038968 0.011833
8 0.88366 0.827775 0.033886 0.012694
8 0.868882 0.754733 0.031438 0.011618
8 0.855892 0.684811 0.030309 0.010757
8 0.054499 0.446321 0.02692 0.00667
8 0.040192 0.501291 0.02805 0.007745
8 0.023626 0.559488 0.029179 0.00667
8 0.786145 0.387478 0.026732 0.004733
8 0.800452 0.439651 0.028238 0.00667
8 0.816736 0.496127 0.02805 0.007315
8 0.828125 0.556368 0.029367 0.008606
8 0.925734 0.979776 0.031815 0.016351
