4 0.172722 0.119083 0.047252 0.028614
5 0.172816 0.124355 0.045181 0.015921
4 0.266566 0.094449 0.049322 0.016781
5 0.27372 0.096601 0.033133 0.010757
4 0.373776 0.115211 0.061559 0.014845
5 0.382624 0.114028 0.041604 0.010757
8 0.542357 0.114996 0.030873 0.005809
4 0.604292 0.112522 0.06137 0.012048
5 0.613799 0.112629 0.040474 0.008391
3 0.589326 0.019148 0.014872 0.003442
2 0.59262 0.016566 0.026732 0.010757
4 0.794239 0.168567 0.060994 0.016136
5 0.805723 0.167922 0.036145 0.009251
4 0.257624 0.168244 0.052523 0.019363
5 0.266002 0.171256 0.034639 0.012478
