3 0.715267 0.045181 0.014495 0.023236
2 0.719032 0.045073 0.025038 0.026033
3 0.858904 0.086381 0.017884 0.027324
2 0.856175 0.086704 0.027108 0.03012
3 0.406062 0.330895 0.031626 0.009466
2 0.414157 0.323903 0.055723 0.029475
3 0.513931 0.328636 0.033133 0.012694
2 0.520614 0.323365 0.056664 0.028399
3 0.51939 0.267965 0.049322 0.009251
2 0.517978 0.263016 0.053276 0.025172
3 0.515154 0.37188 0.034827 0.017427
2 0.522308 0.365749 0.059676 0.031411
3 0.615493 0.400172 0.051017 0.016351
2 0.613611 0.394686 0.057041 0.033778
3 0.601657 0.30099 0.048569 0.012479
2 0.600809 0.297117 0.055535 0.032272
5 0.702843 0.291201 0.072854 0.017857
4 0.689571 0.288834 0.106175 0.026893
3 0.728916 0.318739 0.044804 0.014845
2 0.726751 0.313145 0.051393 0.026893
3 0.784262 0.32358 0.042545 0.008606
2 0.782285 0.31917 0.052899 0.023881
5 0.818618 0.302173 0.068336 0.017427
4 0.807041 0.299591 0.096386 0.02259
5 0.91971 0.31605 0.063441 0.013339
4 0.907568 0.314544 0.089985 0.023236
3 0.805252 0.25441 0.025791 0.009251
2 0.808264 0.251398 0.050264 0.017427
3 0.886578 0.250753 0.025791 0.009682
2 0.889966 0.245697 0.044239 0.025387
3 0.892413 0.291523 0.023155 0.010757
2 0.897026 0.286575 0.038404 0.027108
3 0.894672 0.34262 0.042733 0.008391
2 0.892413 0.335736 0.05064 0.024312
3 0.433641 0.717728 0.0657 0.023236
2 0.431382 0.707724 0.076619 0.049268
3 0.836785 0.71009 0.051581 0.02259
2 0.833208 0.703421 0.064759 0.048838
3 0.819748 0.633498 0.052523 0.019578
2 0.816265 0.625108 0.0625 0.042384
3 0.894108 0.63253 0.054405 0.015491
2 0.892131 0.622741 0.0625 0.039372
3 0.959243 0.633821 0.05064 0.012909
2 0.955102 0.624462 0.061182 0.03679
3 0.974492 0.708154 0.048005 0.026033
2 0.96875 0.698472 0.06137 0.047978
5 0.571254 0.549161 0.092809 0.023021
4 0.556194 0.548731 0.13573 0.038511
3 0.944371 0.565835 0.049511 0.01463
2 0.940888 0.557874 0.062123 0.037005
