1 0.397402 0.355099 0.033133 0.008821
1 0.397214 0.364028 0.03238 0.009036
1 0.628483 0.34133 0.026167 0.00753
1 0.628577 0.349075 0.027485 0.00753
1 0.792545 0.361446 0.023343 0.004733
1 0.793581 0.368761 0.025038 0.005164
1 0.795369 0.376506 0.025979 0.005164
1 0.830572 0.3608 0.022967 0.005594
0 0.814947 0.364996 0.08509 0.037651
0 0.633189 0.34488 0.049134 0.042599
0 0.403144 0.359294 0.057417 0.049053
1 0.178087 0.367577 0.019202 0.0071
1 0.169992 0.376291 0.032756 0.006454
0 0.176111 0.372311 0.060429 0.043244
7 0.312594 0.541738 0.014119 0.048623
6 0.313347 0.541954 0.017131 0.052926
3 0.345538 0.485693 0.016378 0.006239
2 0.344503 0.483111 0.020331 0.013985
3 0.818712 0.464501 0.012425 0.003873
2 0.817771 0.462242 0.015813 0.010542
3 0.159356 0.53281 0.017884 0.004088
2 0.159168 0.530443 0.020896 0.011833
3 0.169334 0.461381 0.016755 0.005379
2 0.169239 0.459122 0.018449 0.011188
