3 0.214138 0.172332 0.026544 0.007315
2 0.212349 0.168244 0.031627 0.019793
3 0.29791 0.188898 0.027673 0.012478
2 0.296969 0.186532 0.032568 0.021945
5 0.308264 0.174591 0.044616 0.00796
4 0.296875 0.173516 0.068901 0.020869
7 0.386483 0.166201 0.049699 0.013554
6 0.386201 0.16577 0.052523 0.016136
7 0.459996 0.211166 0.016755 0.010542
6 0.459902 0.211166 0.017319 0.011833
3 0.518825 0.15738 0.017319 0.010542
2 0.523814 0.153292 0.032568 0.023881
3 0.517696 0.209015 0.015813 0.0071
2 0.522026 0.204604 0.030873 0.020654
3 0.604857 0.153614 0.027861 0.009897
2 0.604575 0.150065 0.031815 0.02216
3 0.67131 0.1875 0.016943 0.009251
2 0.676205 0.18438 0.030873 0.024527
3 0.668675 0.246235 0.015437 0.005379
2 0.672157 0.241502 0.028803 0.016997
3 0.746423 0.185671 0.023343 0.006024
2 0.745294 0.182014 0.026732 0.017642
3 0.814477 0.209983 0.022779 0.011618
2 0.814006 0.20525 0.026732 0.023666
3 0.811182 0.258821 0.020708 0.009466
2 0.810523 0.25441 0.025038 0.021299
7 0.86427 0.251721 0.042169 0.024957
6 0.862293 0.25043 0.048381 0.02969
3 0.982587 0.251506 0.018261 0.008606
2 0.982116 0.246988 0.021837 0.019363
5 0.04904 0.406411 0.025414 0.008176
4 0.045087 0.406949 0.034827 0.012694
3 0.214891 0.370374 0.025038 0.0071
2 0.213667 0.366502 0.028238 0.018718
3 0.310806 0.397698 0.02259 0.008391
2 0.309582 0.394148 0.02692 0.019363
3 0.417922 0.412973 0.026732 0.005379
2 0.416604 0.40781 0.030497 0.017857
3 0.450866 0.416523 0.026732 0.006885
2 0.450019 0.411682 0.030309 0.019148
3 0.418204 0.445783 0.026167 0.006885
2 0.417263 0.442556 0.030685 0.018072
3 0.451054 0.385004 0.026355 0.006239
2 0.450019 0.380379 0.030309 0.018933
3 0.448325 0.447289 0.025791 0.009897
2 0.448701 0.443954 0.030685 0.02173
3 0.48381 0.402646 0.026355 0.005809
2 0.483434 0.399204 0.03012 0.017427
3 0.48381 0.442018 0.025979 0.008391
2 0.483434 0.438898 0.03012 0.019793
3 0.529367 0.343266 0.00753 0.029475
2 0.53285 0.342083 0.017508 0.034423
3 0.517131 0.391136 0.026355 0.006885
3 0.547346 0.376936 0.026544 0.005594
3 0.547346 0.416738 0.025414 0.006885
2 0.516472 0.38608 0.030309 0.018718
2 0.54744 0.373709 0.030497 0.018072
2 0.546969 0.411467 0.030309 0.019578
3 0.515343 0.446429 0.025791 0.009036
3 0.544992 0.445891 0.024849 0.005379
2 0.515531 0.441695 0.029556 0.020654
2 0.544898 0.442771 0.028803 0.016781
3 0.591397 0.375861 0.026167 0.005594
2 0.590362 0.37145 0.029368 0.017427
3 0.670463 0.387694 0.023532 0.005164
2 0.66971 0.383821 0.027673 0.016781
3 0.743129 0.401355 0.023155 0.0071
2 0.743599 0.397483 0.027861 0.017857
5 0.752636 0.384897 0.037651 0.009036
4 0.742093 0.382853 0.06137 0.020009
3 0.796781 0.367793 0.022026 0.009251
2 0.79631 0.363705 0.027485 0.020439
3 0.855986 0.373709 0.020708 0.006454
2 0.855422 0.369406 0.024849 0.017212
3 0.939665 0.358972 0.016755 0.009251
2 0.940418 0.355099 0.021649 0.020439
3 0.98974 0.405228 0.017508 0.008391
2 0.989081 0.401893 0.019955 0.018072
3 0.333302 0.319923 0.025038 0.010327
2 0.331796 0.316803 0.030685 0.02173
