1 0.520237 0.195245 0.031062 0.013985
1 0.510072 0.205034 0.052146 0.019363
1 0.510825 0.216007 0.052146 0.019363
1 0.41971 0.193954 0.058923 0.019148
1 0.421404 0.182229 0.057794 0.019363
1 0.423004 0.170611 0.056476 0.018933
1 0.336408 0.156626 0.052711 0.01463
0 0.341585 0.160822 0.10448 0.067341
0 0.433547 0.179002 0.092997 0.070568
0 0.519578 0.201484 0.085467 0.075947
1 0.858622 0.250861 0.031627 0.020224
0 0.844503 0.23139 0.063253 0.06605
1 0.765437 0.740641 0.044804 0.023451
1 0.849962 0.233864 0.033886 0.021515
1 0.938441 0.688791 0.034262 0.017857
0 0.922063 0.664587 0.07756 0.089931
