3 0.287086 0.604561 0.035015 0.009036
2 0.286427 0.597892 0.041227 0.024957
3 0.422346 0.612306 0.035203 0.011618
2 0.420934 0.606497 0.042545 0.025387
3 0.4359 0.531949 0.034074 0.008391
2 0.435053 0.52571 0.03991 0.02216
3 0.544051 0.524957 0.033132 0.008176
2 0.542357 0.519471 0.039157 0.02173
3 0.542169 0.614565 0.034639 0.008821
2 0.541039 0.608864 0.041039 0.024527
7 0.670369 0.564974 0.072289 0.018503
6 0.671028 0.563791 0.075113 0.023881
3 0.773343 0.573042 0.028614 0.008391
2 0.77259 0.567341 0.036898 0.021515
5 0.912651 0.576592 0.028238 0.007315
4 0.904273 0.576377 0.048005 0.022806
3 0.055723 0.627367 0.027485 0.009466
2 0.057794 0.621343 0.036898 0.024096
5 0.203219 0.395116 0.041604 0.00796
4 0.198136 0.394578 0.055158 0.01506
5 0.289251 0.392104 0.046499 0.012263
4 0.27805 0.392212 0.07003 0.018933
5 0.365587 0.401248 0.034639 0.005594
4 0.358246 0.402216 0.052711 0.013124
5 0.375753 0.350258 0.03878 0.007745
4 0.371706 0.350151 0.048381 0.011833
3 0.453031 0.403937 0.031815 0.009251
2 0.451525 0.398774 0.037839 0.02216
3 0.516754 0.360585 0.03012 0.006454
2 0.516566 0.355852 0.036521 0.017642
3 0.565888 0.361768 0.029744 0.00796
2 0.565136 0.357681 0.034262 0.019148
3 0.615493 0.352732 0.02805 0.010112
2 0.615399 0.349075 0.032003 0.021299
3 0.678558 0.386188 0.028426 0.006454
2 0.676864 0.382315 0.033321 0.018072
