1 0.071254 0.242685 0.03445 0.006885
1 0.065983 0.250753 0.035956 0.00753
0 0.073701 0.247418 0.077748 0.042169
1 0.421028 0.24333 0.023908 0.006885
1 0.420275 0.251614 0.024661 0.00667
1 0.419898 0.259359 0.024661 0.00667
0 0.420369 0.248171 0.067018 0.041954
1 0.346103 0.280443 0.041227 0.00753
1 0.34488 0.288404 0.03878 0.0071
1 0.34262 0.296364 0.039157 0.00667
0 0.350715 0.284423 0.074172 0.040878
0 0.417828 0.290017 0.07436 0.045611
1 0.411615 0.28281 0.040098 0.009251
1 0.532662 0.257207 0.022026 0.006239
1 0.529462 0.266459 0.027673 0.006239
1 0.529556 0.276893 0.027485 0.006885
0 0.529085 0.262371 0.075866 0.047117
1 0.604104 0.254841 0.028238 0.005379
1 0.604951 0.264092 0.028803 0.006239
1 0.605892 0.274849 0.028426 0.0071
0 0.60561 0.262371 0.07756 0.045396
1 0.666416 0.260972 0.040663 0.012909
0 0.675828 0.267319 0.077937 0.054002
1 0.210467 0.641997 0.05384 0.024096
0 0.20802 0.62059 0.123117 0.088425
1 0.451337 0.598322 0.08189 0.016351
0 0.451337 0.57358 0.095444 0.081325
3 0.550922 0.933197 0.014119 0.010542
2 0.55224 0.934165 0.022779 0.021515
