3 0.601939 0.18083 0.016755 0.005809
2 0.601186 0.178894 0.019767 0.011403
3 0.618035 0.254195 0.018825 0.003657
2 0.616434 0.251829 0.023908 0.009682
5 0.673569 0.258713 0.024473 0.009682
4 0.661333 0.257207 0.052711 0.016136
5 0.748023 0.272698 0.024285 0.00753
4 0.736916 0.270977 0.048005 0.013124
3 0.185617 0.3892 0.025226 0.006885
3 0.174134 0.41179 0.025226 0.006454
3 0.156626 0.489996 0.027861 0.004948
3 0.232587 0.495482 0.027297 0.006885
3 0.240305 0.439114 0.026167 0.006024
2 0.185335 0.38608 0.030309 0.015275
2 0.174228 0.408025 0.02692 0.015275
2 0.157003 0.486123 0.029367 0.016136
2 0.232116 0.491071 0.031627 0.017857
2 0.239175 0.435994 0.031815 0.016136
3 0.241999 0.415448 0.023155 0.005163
2 0.242752 0.411898 0.031438 0.016136
3 0.248212 0.384789 0.025414 0.00667
2 0.246988 0.381132 0.029367 0.016136
3 0.290569 0.4375 0.023908 0.020009
2 0.292357 0.433842 0.033509 0.032057
3 0.26619 0.483003 0.018449 0.008176
2 0.271837 0.479669 0.035392 0.018287
3 0.062312 0.500861 0.026732 0.006454
2 0.061747 0.496558 0.030873 0.016351
3 0.271367 0.52173 0.017131 0.007745
2 0.275602 0.520116 0.031626 0.014845
3 0.308358 0.519793 0.017696 0.006454
3 0.317112 0.488812 0.017884 0.006454
3 0.357869 0.492362 0.017696 0.00667
3 0.35128 0.524742 0.017696 0.007315
2 0.312971 0.515921 0.03445 0.018933
2 0.321442 0.486231 0.031815 0.016351
2 0.362199 0.488167 0.03238 0.016781
3 0.325019 0.4517 0.017508 0.006239
2 0.330196 0.449333 0.03125 0.019578
3 0.33349 0.431691 0.017131 0.005379
2 0.338008 0.429647 0.030685 0.017642
2 0.356457 0.521622 0.03445 0.021299
3 0.363987 0.409961 0.015249 0.006239
2 0.367376 0.406411 0.027297 0.016351
3 0.366717 0.424806 0.015813 0.006239
2 0.366999 0.420826 0.024285 0.015491
3 0.388931 0.419966 0.015437 0.004303
3 0.389025 0.452022 0.016002 0.005163
2 0.390907 0.416846 0.023532 0.015275
2 0.393166 0.447827 0.029932 0.016566
3 0.39552 0.471816 0.025226 0.006454
2 0.395049 0.468696 0.027673 0.015706
3 0.396084 0.525495 0.017696 0.006239
2 0.40145 0.523236 0.032191 0.017642
7 0.396273 0.48849 0.018072 0.010112
6 0.396273 0.48849 0.019578 0.012694
3 0.500376 0.52883 0.01619 0.005594
3 0.583208 0.474613 0.01619 0.006885
3 0.572289 0.506454 0.027108 0.006454
3 0.57596 0.533455 0.02692 0.00667
2 0.504706 0.523989 0.031626 0.017427
2 0.588291 0.47117 0.029744 0.021945
2 0.571818 0.502152 0.029932 0.016781
2 0.574642 0.529583 0.031438 0.019148
3 0.903238 0.482035 0.010919 0.004948
2 0.905215 0.478163 0.021649 0.013985
