8 0.311178 0.634615 0.027163 0.017949
8 0.361418 0.659936 0.025721 0.016026
8 0.409014 0.659936 0.024279 0.013462
8 0.466587 0.619712 0.021154 0.013141
8 0.504087 0.621635 0.022115 0.014423
8 0.535457 0.600641 0.020433 0.019872
8 0.565024 0.632051 0.022356 0.01282
5 0.594111 0.55 0.020433 0.004487
4 0.590144 0.549359 0.03125 0.007051
5 0.651803 0.601923 0.009856 0.021154
4 0.645793 0.606731 0.027163 0.03141
5 0.659495 0.641987 0.009856 0.024359
4 0.652644 0.646154 0.030288 0.035256
3 0.635817 0.6375 0.005288 0.019231
2 0.632692 0.637821 0.0125 0.020513
5 0.473077 0.573077 0.022596 0.005769
4 0.46863 0.572596 0.032452 0.007372
5 0.38726 0.577724 0.026442 0.00609
4 0.380048 0.577564 0.046154 0.012179
5 0.336298 0.558814 0.029327 0.009295
4 0.329808 0.558814 0.047115 0.015064
