3 0.402579 0.266351 0.017884 0.004303
2 0.402108 0.264307 0.019578 0.009682
3 0.405779 0.320891 0.01939 0.004518
2 0.406062 0.318094 0.021837 0.010972
3 0.472044 0.247633 0.018261 0.004733
2 0.471668 0.245374 0.019767 0.010542
3 0.525602 0.336704 0.019955 0.003442
2 0.526544 0.333692 0.02372 0.010327
3 0.620011 0.285069 0.019014 0.003873
2 0.61907 0.282595 0.022402 0.010972
3 0.768449 0.303249 0.017319 0.003227
2 0.76666 0.300774 0.022402 0.009466
3 0.767319 0.328421 0.017696 0.004088
2 0.766001 0.325947 0.021461 0.009897
3 0.792357 0.354991 0.018072 0.003442
2 0.791227 0.35284 0.02259 0.010757
3 0.905309 0.49204 0.019202 0.005594
2 0.903426 0.488812 0.024473 0.013339
3 0.920746 0.525387 0.018449 0.007315
2 0.918581 0.522268 0.024661 0.014845
3 0.929782 0.566373 0.019578 0.005809
2 0.927899 0.562285 0.024473 0.015706
3 0.062406 0.653722 0.022402 0.014415
2 0.0625 0.650064 0.029367 0.025172
