1 0.674793 0.288296 0.064947 0.012048
0 0.67244 0.274634 0.088102 0.045396
1 0.355045 0.233111 0.05384 0.017857
0 0.356175 0.222031 0.067018 0.052926
1 0.119447 0.2642 0.048381 0.008606
0 0.125659 0.252797 0.072101 0.038296
3 0.291416 0.445998 0.022214 0.005163
2 0.290851 0.443309 0.026355 0.012694
3 0.717526 0.453744 0.026544 0.006024
2 0.716585 0.449333 0.032191 0.015275
3 0.802523 0.455034 0.028614 0.007315
2 0.80064 0.450516 0.036145 0.017212
3 0.884318 0.699763 0.032568 0.00753
2 0.88253 0.694062 0.039533 0.020654
3 0.772214 0.715362 0.028991 0.013339
2 0.770331 0.712672 0.036521 0.027324
3 0.516566 0.645762 0.03012 0.008391
2 0.516472 0.640383 0.03445 0.02216
3 0.503859 0.598322 0.015625 0.006024
2 0.50866 0.593696 0.029367 0.016997
3 0.5609 0.608649 0.006589 0.018933
4 0.557041 0.604023 0.016566 0.034208
3 0.640907 0.65867 0.030309 0.009682
2 0.638648 0.65383 0.036709 0.024527
7 0.719409 0.649527 0.009601 0.043029
6 0.719126 0.649849 0.011672 0.046687
7 0.73061 0.652754 0.009789 0.040017
6 0.73061 0.653292 0.011295 0.043244
3 0.301299 0.693309 0.027297 0.009682
2 0.301393 0.688791 0.032003 0.02173
3 0.245388 0.653292 0.025791 0.00753
2 0.246047 0.649204 0.030497 0.019578
3 0.152767 0.65867 0.022026 0.009251
2 0.152767 0.654367 0.029556 0.020869
5 0.191736 0.645977 0.035956 0.010542
4 0.192018 0.646192 0.037274 0.012263
5 0.111069 0.639307 0.032003 0.009682
4 0.111258 0.639415 0.035392 0.012048
3 0.378389 0.911252 0.026732 0.00753
2 0.377165 0.905443 0.030309 0.021299
