7 0.2548 0.235155 0.032191 0.011618
6 0.255177 0.23494 0.034827 0.016781
7 0.237293 0.274419 0.038592 0.011833
6 0.237858 0.274312 0.041227 0.015921
7 0.220821 0.324441 0.037274 0.011618
6 0.221103 0.324656 0.040098 0.01463
7 0.205478 0.373386 0.035203 0.011403
6 0.205196 0.373924 0.036521 0.01463
7 0.27805 0.37457 0.033509 0.013769
6 0.278144 0.374355 0.035956 0.016351
7 0.289439 0.320783 0.038215 0.013339
6 0.289439 0.321213 0.040851 0.015921
7 0.303464 0.273021 0.035768 0.009897
6 0.303934 0.273666 0.037839 0.012909
7 0.314853 0.232143 0.031438 0.010757
6 0.314853 0.232466 0.033697 0.013124
3 0.819183 0.365318 0.019014 0.005163
2 0.817959 0.36349 0.022967 0.012263
3 0.8109 0.326162 0.017884 0.007745
2 0.809959 0.324441 0.020896 0.0142
3 0.795087 0.29034 0.017507 0.003227
2 0.794522 0.288296 0.020896 0.009466
3 0.255553 0.533563 0.021649 0.005594
2 0.254895 0.531196 0.025979 0.01463
3 0.263742 0.465361 0.021461 0.005594
2 0.262707 0.463318 0.025791 0.012263
3 0.2548 0.420719 0.020896 0.0071
2 0.254612 0.418137 0.025414 0.014415
3 0.321913 0.446321 0.022214 0.008391
2 0.322289 0.443094 0.025979 0.016136
3 0.388742 0.439974 0.022967 0.005164
2 0.388648 0.43707 0.025414 0.013124
3 0.382907 0.481067 0.023343 0.005163
2 0.382436 0.477732 0.025414 0.014415
3 0.382342 0.522268 0.022967 0.004948
2 0.381401 0.519578 0.027861 0.01506
3 0.372647 0.566157 0.025038 0.006239
2 0.372082 0.563361 0.030309 0.016566
3 0.458678 0.547332 0.023532 0.006024
2 0.458773 0.54389 0.027108 0.015491
3 0.496047 0.486338 0.022967 0.006239
2 0.495294 0.482788 0.027485 0.01506
3 0.473268 0.445676 0.021461 0.005809
2 0.472515 0.442448 0.024473 0.013124
3 0.581796 0.496773 0.023532 0.005594
2 0.581608 0.493976 0.025791 0.01463
3 0.599209 0.553356 0.023343 0.007315
2 0.598174 0.550237 0.026167 0.016136
3 0.695595 0.542276 0.022967 0.009251
2 0.694842 0.538619 0.025602 0.018287
3 0.865211 0.569923 0.020708 0.008176
2 0.863705 0.56691 0.026732 0.015921
3 0.852692 0.508929 0.022402 0.00753
2 0.851939 0.506347 0.025414 0.016136
3 0.838855 0.458154 0.019955 0.005379
2 0.837161 0.456218 0.023343 0.013985
3 0.922346 0.506562 0.019014 0.004088
2 0.921028 0.504088 0.023908 0.012479
3 0.917075 0.566265 0.022402 0.010757
2 0.916133 0.564114 0.025414 0.020224
3 0.859657 0.670719 0.008095 0.031627
2 0.85721 0.671256 0.017131 0.035714
3 0.96282 0.685886 0.023155 0.006454
2 0.961126 0.682121 0.027673 0.016997
