1 0.266827 0.662019 0.005288 0.005449
0 0.267308 0.65593 0.011058 0.019551
1 0.478606 0.577885 0.010096 0.009615
0 0.475601 0.569391 0.021394 0.036218
1 0.851923 0.640385 0.017308 0.008974
1 0.845673 0.652244 0.029808 0.011538
0 0.851562 0.646154 0.051202 0.057692
1 0.659976 0.71907 0.019952 0.007372
0 0.653005 0.704968 0.039183 0.04391
1 0.417788 0.745513 0.008173 0.007051
0 0.415385 0.736218 0.018269 0.03141
1 0.273077 0.776122 0.005769 0.006731
0 0.272596 0.769712 0.0125 0.025321
1 0.196755 0.789103 0.004567 0.003846
0 0.198438 0.783654 0.01274 0.01859
1 0.327043 0.635897 0.005529 0.005128
1 0.326563 0.640865 0.005529 0.005449
1 0.325962 0.645833 0.005769 0.005769
0 0.327524 0.6375 0.011779 0.026923
