1 0.140907 0.351441 0.030685 0.009251
0 0.135919 0.338102 0.058358 0.044535
1 0.049322 0.55185 0.036521 0.012909
0 0.058076 0.534746 0.05817 0.053141
1 0.269014 0.560026 0.058735 0.010757
0 0.271743 0.540878 0.072101 0.054647
1 0.519767 0.570245 0.064006 0.012263
0 0.518072 0.548623 0.074172 0.061102
1 0.240776 0.836596 0.069277 0.020869
0 0.244352 0.810564 0.08622 0.083692
1 0.547816 0.876721 0.077937 0.021945
0 0.547722 0.850258 0.08942 0.093374
1 0.836502 0.891244 0.072854 0.029905
0 0.833302 0.863382 0.097327 0.101979
1 0.710561 0.320891 0.034074 0.011833
0 0.698042 0.306906 0.066265 0.048408
