7 0.086899 0.646154 0.089663 0.023718
6 0.087139 0.645673 0.093029 0.029808
1 0.723678 0.316186 0.056971 0.011218
0 0.720192 0.305929 0.074039 0.041346
3 0.198197 0.658654 0.03149 0.015385
2 0.19976 0.654648 0.040385 0.027885
3 0.079447 0.760096 0.038221 0.008654
2 0.079327 0.755288 0.046635 0.022756
3 0.174159 0.78734 0.036779 0.009295
2 0.173918 0.782372 0.042548 0.024359
3 0.288582 0.805609 0.021875 0.008013
2 0.294952 0.79984 0.039904 0.023397
5 0.959736 0.626442 0.028125 0.008654
4 0.955649 0.61907 0.038702 0.025962
