7 0.204537 0.486338 0.041604 0.009251
6 0.204443 0.486553 0.043298 0.010972
3 0.270049 0.519256 0.01939 0.004088
2 0.26939 0.515921 0.022967 0.012048
3 0.350527 0.518287 0.019955 0.004733
2 0.350151 0.515383 0.023343 0.013554
3 0.402014 0.516351 0.02052 0.004303
2 0.401826 0.513016 0.023908 0.013554
7 0.618129 0.464178 0.055158 0.011403
6 0.618411 0.464501 0.058735 0.015491
7 0.874247 0.455465 0.05497 0.011618
6 0.874059 0.45568 0.059864 0.01506
3 0.806946 0.6392 0.024285 0.008176
2 0.805346 0.635327 0.030497 0.020224
3 0.18863 0.571859 0.012801 0.006024
2 0.1923 0.568417 0.022779 0.015491
3 0.187406 0.591867 0.011483 0.004303
2 0.190512 0.588102 0.021837 0.013985
3 0.183076 0.609187 0.012236 0.005379
2 0.186276 0.605637 0.023155 0.015921
3 0.183358 0.626614 0.012048 0.004948
2 0.186465 0.622741 0.023532 0.015706
3 0.180535 0.645762 0.012048 0.004518
3 0.180629 0.665125 0.01186 0.004948
3 0.237764 0.630594 0.013178 0.005163
3 0.233528 0.649312 0.012989 0.004733
3 0.231363 0.668352 0.012801 0.004948
3 0.271084 0.666846 0.013931 0.0071
3 0.349209 0.596278 0.013554 0.006239
3 0.341491 0.617362 0.013931 0.005379
3 0.341114 0.643825 0.013554 0.008391
3 0.340456 0.67244 0.014495 0.00796
3 0.404367 0.675882 0.023343 0.0071
3 0.213102 0.609832 0.012425 0.00753
2 0.184206 0.642104 0.024285 0.014845
2 0.184111 0.66136 0.02372 0.01463
2 0.216867 0.607035 0.024849 0.018718
2 0.241717 0.627582 0.024849 0.015921
2 0.237105 0.646192 0.025038 0.015275
2 0.23494 0.665125 0.024473 0.015275
2 0.274849 0.662543 0.025602 0.0213
2 0.353822 0.593589 0.023908 0.016781
2 0.345444 0.613812 0.025602 0.015491
2 0.344974 0.641028 0.027297 0.020869
2 0.345068 0.669105 0.026732 0.019363
2 0.403803 0.671794 0.027485 0.017857
3 0.252071 0.383176 0.010919 0.003873
2 0.25593 0.381239 0.020143 0.012048
3 0.397402 0.326054 0.005271 0.016136
2 0.400226 0.325516 0.012048 0.019363
3 0.446442 0.378765 0.019014 0.003657
2 0.446254 0.376291 0.021273 0.011188
3 0.574736 0.37102 0.018072 0.004948
2 0.575207 0.369191 0.023532 0.011618
3 0.573701 0.3267 0.018637 0.004518
2 0.572477 0.325301 0.02372 0.010327
3 0.619917 0.286037 0.004895 0.016566
2 0.617658 0.286145 0.010542 0.018933
3 0.721574 0.347139 0.007154 0.018718
2 0.71875 0.347676 0.014684 0.020654
3 0.447666 0.254303 0.016566 0.004303
2 0.447289 0.253012 0.018449 0.008606
3 0.493129 0.26151 0.017884 0.004948
2 0.493035 0.259897 0.019578 0.010327
3 0.868129 0.37457 0.017884 0.003442
2 0.866811 0.372526 0.022402 0.010542
3 0.925734 0.374247 0.019014 0.005809
4 0.924605 0.37145 0.023908 0.013985
8 0.730139 0.486984 0.050264 0.031196
3 0.973268 0.464071 0.012801 0.003873
2 0.975998 0.461274 0.025414 0.012909
3 0.986352 0.48849 0.007342 0.013554
2 0.990023 0.492147 0.018072 0.026463
3 0.166227 0.39759 0.014684 0.003442
2 0.16698 0.395224 0.018072 0.010757
3 0.185335 0.347569 0.014872 0.004088
2 0.185712 0.345525 0.017884 0.009466
