1 0.2 0.754647 0.084615 0.022115
0 0.203846 0.728686 0.110096 0.091987
1 0.439784 0.750801 0.081971 0.025962
0 0.439423 0.725801 0.096635 0.090064
1 0.633173 0.772596 0.077404 0.023397
0 0.631971 0.746955 0.093269 0.090705
1 0.852163 0.75641 0.046635 0.021795
0 0.832212 0.728205 0.099519 0.095513
1 0.327284 0.409455 0.039663 0.019551
0 0.317788 0.390385 0.086058 0.070513
1 0.554808 0.425481 0.065865 0.013782
0 0.553966 0.409776 0.07476 0.058654
1 0.774038 0.450962 0.065865 0.016026
0 0.771755 0.433333 0.08149 0.058974
1 0.897476 0.412821 0.017067 0.005128
1 0.899038 0.416987 0.016827 0.003846
0 0.899159 0.406731 0.04351 0.032692
