3 0.103966 0.574199 0.05601 0.024038
2 0.102764 0.566026 0.066106 0.046795
3 0.098438 0.658814 0.059375 0.013782
2 0.096514 0.65016 0.067548 0.036859
3 0.252644 0.764263 0.034615 0.019551
2 0.26274 0.75609 0.062019 0.048718
3 0.263582 0.601603 0.047837 0.015385
2 0.263822 0.595673 0.055048 0.031731
8 0.248918 0.530929 0.046394 0.041346
8 0.366466 0.481731 0.038221 0.033333
8 0.377764 0.555128 0.04351 0.030769
8 0.389904 0.641346 0.04375 0.037821
8 0.400361 0.742628 0.047356 0.041026
8 0.455649 0.551923 0.038702 0.030128
8 0.469111 0.60641 0.039183 0.033974
8 0.483774 0.671795 0.040625 0.03141
8 0.495673 0.747436 0.046154 0.03718
8 0.564303 0.683013 0.039663 0.032692
8 0.578005 0.767788 0.042548 0.035577
8 0.882212 0.734135 0.03125 0.025962
3 0.546635 0.608974 0.035096 0.014744
2 0.545192 0.603846 0.041827 0.032051
3 0.666226 0.660897 0.03149 0.009615
2 0.664423 0.655769 0.037981 0.026923
3 0.71863 0.570994 0.026683 0.009936
2 0.716106 0.566346 0.034135 0.022436
5 0.705168 0.688141 0.047356 0.015385
4 0.67476 0.68109 0.112019 0.033974
5 0.771154 0.696955 0.042308 0.015064
4 0.761298 0.695673 0.064423 0.020192
5 0.857692 0.675641 0.035096 0.016667
4 0.840986 0.673558 0.071875 0.038141
7 0.357692 0.525962 0.069231 0.025
6 0.358293 0.525962 0.076202 0.030128
6 0.394231 0.715865 0.098558 0.036218
6 0.394591 0.715865 0.104087 0.040705
3 0.099519 0.76859 0.065865 0.019872
2 0.098798 0.759295 0.077404 0.050641
3 0.25649 0.490865 0.043269 0.016987
2 0.254567 0.485256 0.049038 0.034615
