3 0.584996 0.821644 0.024661 0.008176
2 0.584243 0.818416 0.029179 0.019793
3 0.506024 0.825732 0.02372 0.006454
2 0.505648 0.820676 0.027485 0.018718
3 0.425546 0.821429 0.023908 0.006024
2 0.424605 0.816695 0.027673 0.018933
3 0.503953 0.692879 0.013554 0.004948
2 0.508189 0.689759 0.025038 0.01506
3 0.303746 0.766889 0.022402 0.00753
2 0.303464 0.762694 0.027108 0.019363
3 0.244164 0.763662 0.022214 0.00667
2 0.24407 0.759251 0.026167 0.017642
3 0.212538 0.78281 0.022214 0.006239
2 0.212444 0.77883 0.026167 0.017212
3 0.294334 0.818632 0.022779 0.010327
2 0.294145 0.813576 0.028426 0.02216
3 0.430817 0.770331 0.022026 0.005379
2 0.429782 0.766028 0.025979 0.016136
3 0.430911 0.721493 0.022214 0.005809
2 0.430252 0.717836 0.026167 0.016566
3 0.571254 0.714178 0.021649 0.010112
2 0.570218 0.711058 0.026732 0.019793
3 0.551958 0.669105 0.021084 0.006024
2 0.551017 0.665663 0.024849 0.015491
3 0.223645 0.708692 0.009036 0.024957
2 0.227127 0.706863 0.017131 0.029475
3 0.120294 0.69148 0.009036 0.021515
2 0.127636 0.689436 0.026732 0.027754
4 0.091397 0.677926 0.05817 0.020224
5 0.098927 0.679217 0.039721 0.013769
4 0.025602 0.673946 0.049699 0.015706
5 0.02965 0.674484 0.038968 0.011188
4 0.129989 0.653937 0.031438 0.017857
5 0.137425 0.65383 0.012048 0.005163
4 0.141566 0.613274 0.027485 0.015275
5 0.147873 0.613275 0.010354 0.003227
3 0.760636 0.813576 0.023532 0.005379
2 0.759318 0.809273 0.028426 0.017857
3 0.810712 0.673515 0.02052 0.006239
2 0.8093 0.670073 0.024849 0.016566
4 0.653144 0.667169 0.03445 0.021515
5 0.653426 0.673516 0.030873 0.005809
4 0.60448 0.666308 0.034262 0.021515
5 0.605422 0.672009 0.030497 0.00796
4 0.610881 0.634466 0.029367 0.01463
5 0.617752 0.633929 0.013742 0.003227
4 0.175922 0.711381 0.057041 0.026893
5 0.187406 0.712027 0.02692 0.0071
4 0.150038 0.574441 0.027108 0.010757
5 0.15465 0.574656 0.016002 0.003442
4 0.026073 0.531842 0.042357 0.024957
5 0.032662 0.535822 0.023532 0.013554
4 0.42884 0.615103 0.025979 0.012048
5 0.434488 0.615964 0.013178 0.004303
4 0.426017 0.652969 0.027485 0.013769
5 0.431664 0.654367 0.013178 0.004088
5 0.869446 0.60639 0.012989 0.029475
5 0.855704 0.572074 0.012613 0.027108
4 0.859281 0.571213 0.021273 0.030981
5 0.905026 0.568201 0.02805 0.008176
4 0.897684 0.561209 0.046875 0.030336
3 0.903709 0.704174 0.020143 0.005594
2 0.902203 0.700301 0.025791 0.015921
3 0.964326 0.700732 0.01939 0.004733
2 0.962538 0.696429 0.025602 0.015921
3 0.93477 0.613597 0.017884 0.005163
2 0.932888 0.610262 0.024285 0.014415
3 0.915004 0.648128 0.02052 0.004948
2 0.911333 0.645654 0.03238 0.010757
4 0.874812 0.605314 0.025602 0.033778
5 0.962444 0.738597 0.031062 0.009466
4 0.95369 0.7287 0.053464 0.037435
5 0.907191 0.77969 0.010542 0.030551
4 0.912933 0.778399 0.023908 0.034423
5 0.896837 0.734187 0.014307 0.03722
4 0.899849 0.733219 0.02372 0.041308
4 0.796969 0.694277 0.070971 0.022805
5 0.806852 0.693954 0.048569 0.014415
5 0.665286 0.759251 0.03238 0.006885
4 0.664721 0.751829 0.036898 0.023881
4 0.616529 0.751936 0.035768 0.024527
5 0.61747 0.759789 0.03238 0.0071
5 0.963761 0.620052 0.027297 0.006454
4 0.960655 0.612414 0.036145 0.024742
5 0.713291 0.675774 0.021837 0.003873
4 0.709243 0.675775 0.031438 0.005163
4 0.724774 0.781519 0.033886 0.00753
5 0.728727 0.781304 0.02372 0.004518
5 0.294051 0.685026 0.007154 0.023666
4 0.293204 0.690512 0.011483 0.035499
