2 0.395192 0.351442 0.395513 0.358894 0.429167 0.372356 0.458654 0.385337 0.459936 0.380769
1 0.333333 0.414183 0.334615 0.422837 0.361859 0.435096 0.363462 0.426442
2 0.291026 0.388702 0.290705 0.394952 0.313782 0.404808 0.340705 0.415625 0.341987 0.410096
1 0.226923 0.365144 0.226603 0.374279 0.258333 0.388942 0.258654 0.379087
2 0.411218 0.424519 0.411538 0.434375 0.480769 0.461779 0.482051 0.454567
1 0.488462 0.81899 0.490705 0.839183 0.531731 0.847115 0.530128 0.828125
1 0.56218 0.844952 0.564103 0.862019 0.607692 0.870673 0.602564 0.853365 0.572756 0.846635
1 0.615064 0.873077 0.623077 0.890865 0.652885 0.888942 0.645192 0.872115
1 0.633013 0.751683 0.638141 0.766346 0.665064 0.770673 0.659936 0.756971
1 0.660897 0.783414 0.666667 0.797837 0.695833 0.804327 0.689744 0.787981
1 0.66891 0.765625 0.671795 0.778365 0.697756 0.784135 0.691026 0.770192
4 0.79359 0.910337 0.799038 0.928125 0.824359 0.931731 0.817949 0.912981
4 0.841987 0.906731 0.847115 0.92476 0.872756 0.930048 0.864103 0.911058
1 0.774038 0.810336 0.776923 0.824038 0.800962 0.828365 0.796474 0.816587
1 0.730128 0.805288 0.733654 0.819712 0.755769 0.825481 0.750962 0.809856
1 0.672115 0.826923 0.679808 0.84399 0.705769 0.84351 0.697436 0.825962
1 0.744231 0.858413 0.74968 0.875721 0.775 0.876442 0.769551 0.860577 0.755128 0.858413
