1 0.348558 0.609936 0.388942 0.610897 0.388221 0.633013 0.345433 0.632372 0.348798 0.611538
4 0.307692 0.608974 0.343029 0.610897 0.339423 0.634295 0.304808 0.633013
4 0.417308 0.703205 0.454808 0.703526 0.451923 0.735897 0.414423 0.734615
1 0.461058 0.641667 0.501442 0.647115 0.499519 0.673077 0.456971 0.666667
1 0.467548 0.470513 0.503606 0.47468 0.501683 0.495192 0.465144 0.489423
1 0.572836 0.628846 0.6125 0.633013 0.613702 0.633333 0.6125 0.656731 0.571635 0.650641 0.572115 0.630128
1 0.572356 0.658654 0.614664 0.664103 0.614423 0.690705 0.570673 0.684615
3 0.632452 0.729487 0.709615 0.727885 0.709856 0.752564 0.632212 0.760256
1 0.795673 0.690705 0.840625 0.69359 0.84375 0.722436 0.797356 0.716987
1 0.791586 0.655128 0.828365 0.664744 0.83101 0.690064 0.789663 0.679487
1 0.952163 0.639103 0.973798 0.640705 0.985817 0.692308 0.964663 0.688782
1 0.958173 0.760577 0.99976 0.764423 0.999519 0.794231 0.970433 0.790705 0.961538 0.78141
4 0.417788 0.702885 0.415625 0.734936 0.451683 0.735256 0.454087 0.702885
1 0.729567 0.497115 0.732212 0.517308 0.770673 0.516346 0.766106 0.497115
