0 0.066587 0.313141 0.058413 0.336859 0.047596 0.366667 0.084135 0.366667 0.116827 0.372436 0.137019 0.321795 0.117548 0.317628 0.094712 0.314103
0 0.421154 0.334936 0.417308 0.382692 0.438702 0.384295 0.463462 0.386859 0.4875 0.386859 0.488462 0.334936 0.466346 0.336218 0.441587 0.334295
0 0.587019 0.328846 0.591106 0.378205 0.603606 0.376282 0.630769 0.375641 0.664183 0.373077 0.654567 0.321474 0.61875 0.325962 0.588462 0.329808
0 0.655288 0.320833 0.664663 0.370192 0.733654 0.363782 0.721394 0.314744 0.689664 0.316667
0 0.724279 0.316026 0.736538 0.363782 0.80625 0.361538 0.791346 0.311538 0.758654 0.315385
0 0.927164 0.296474 0.942308 0.347436 0.997115 0.34391 0.977404 0.292628
1 0.147115 0.610897 0.144231 0.628205 0.173077 0.626603 0.174038 0.608013 0.146394 0.610256
1 0.208654 0.603846 0.206971 0.619872 0.234135 0.617949 0.235577 0.600962
1 0.270913 0.583654 0.267308 0.6 0.295192 0.59968 0.297356 0.583654
1 0.160096 0.523397 0.155529 0.535577 0.170192 0.539423 0.180048 0.540705 0.183894 0.528205 0.16899 0.52468
2 0.889663 0.492628 0.896394 0.517628 0.917067 0.516026 0.946154 0.515705 0.942788 0.504167 0.908173 0.505449 0.903606 0.491667
2 0.906731 0.55032 0.910817 0.565705 0.962019 0.563462 0.958654 0.550962 0.926923 0.552885 0.921635 0.551282
1 0.107212 0.792628 0.098317 0.811859 0.125481 0.822115 0.133894 0.803205
1 0.177163 0.764423 0.176202 0.782692 0.206971 0.778205 0.20649 0.759615 0.186779 0.763462
1 0.153125 0.848077 0.15625 0.866667 0.186058 0.845513 0.182452 0.828846 0.160337 0.842949
