0 0.645833 0.194712 0.652244 0.21226 0.69391 0.209856 0.727564 0.207692 0.71891 0.186779 0.694551 0.189904 0.683654 0.189904
0 0.591667 0.217548 0.595833 0.23726 0.610256 0.238942 0.613462 0.236298 0.623397 0.235577 0.671795 0.233894 0.665385 0.2125 0.648397 0.2125
0 0.583333 0.242788 0.582051 0.261298 0.599038 0.260337 0.616667 0.258413 0.646474 0.259856 0.66282 0.260337 0.657692 0.235577 0.614744 0.236779 0.610256 0.239663 0.601282 0.238462
0 0.658333 0.234856 0.663141 0.257212 0.69968 0.25649 0.725 0.256971 0.73782 0.256971 0.732692 0.23125 0.691987 0.232692 0.665705 0.234375
0 0.666346 0.212019 0.672436 0.233173 0.697436 0.231971 0.739744 0.23101 0.733974 0.207692 0.715385 0.208894 0.696474 0.210337 0.6875 0.211298 0.672115 0.211538
0 0.733013 0.231731 0.738462 0.255048 0.779167 0.254327 0.805128 0.255048 0.820833 0.254327 0.813462 0.229087 0.790705 0.229567 0.772115 0.229808 0.760256 0.229808 0.739744 0.23125
0 0.719551 0.18726 0.727564 0.207452 0.753526 0.204808 0.798718 0.201923 0.786538 0.181731 0.744872 0.185337
0 0.735256 0.207933 0.739423 0.229087 0.760256 0.228606 0.796474 0.228846 0.81891 0.227404 0.809936 0.200962 0.801282 0.201923 0.776603 0.204327 0.769872 0.204327 0.757372 0.205769 0.744551 0.20625
0 0.759936 0.429087 0.769872 0.470192 0.877564 0.471394 0.862179 0.426683
0 0.25 0.397596 0.2375 0.436058 0.333013 0.432692 0.341667 0.39351
0 0.000321 0.298317 0.056731 0.29976 0.073077 0.270433 0.004167 0.26875 0.000321 0.27524
4 0.085577 0.64375 0.080769 0.65625 0.113462 0.659135 0.118269 0.649279
4 0.162821 0.69976 0.157692 0.715144 0.190705 0.715144 0.195833 0.699279
4 0.028205 0.666106 0.017949 0.679567 0.050962 0.679567 0.058333 0.666586
4 0.000321 0.705048 0.032692 0.707212 0.022756 0.721875 0.000321 0.721635
4 0.347756 0.701202 0.358333 0.70024 0.376923 0.696394 0.375321 0.714423 0.346154 0.71899
4 0.530128 0.727404 0.563462 0.723798 0.565705 0.738462 0.532051 0.743269
4 0.534295 0.684615 0.566667 0.684615 0.568269 0.698317 0.532372 0.698558
4 0.607692 0.663702 0.640385 0.66226 0.642628 0.678846 0.609295 0.680048
4 0.770192 0.71274 0.802244 0.716106 0.807051 0.728125 0.770513 0.724279
4 0.890064 0.727644 0.924359 0.723558 0.934295 0.741106 0.897756 0.74351
