0 0.316026 0.468029 0.314103 0.480048 0.308333 0.489904 0.30609 0.495192 0.328526 0.496154 0.355769 0.501683 0.379487 0.50649 0.408654 0.508654 0.414103 0.469231 0.368269 0.46851 0.330449 0.467548
0 0.692628 0.496394 0.702885 0.536298 0.805128 0.534375 0.801282 0.517548 0.789103 0.495192 0.726603 0.495192
2 0.19391 0.871394 0.255128 0.870913 0.254808 0.879327 0.193269 0.880048 0.19391 0.872115
2 0.196154 0.84351 0.252564 0.839183 0.251923 0.847596 0.195833 0.850721 0.196795 0.84399
2 0.204487 0.788942 0.257372 0.785337 0.258013 0.793029 0.216987 0.795673 0.205128 0.795673
2 0.302885 0.872115 0.460897 0.869471 0.461538 0.887019 0.300962 0.889904
2 0.275962 0.911779 0.44359 0.909856 0.44359 0.927164 0.271795 0.930048
1 0.641026 0.88101 0.648077 0.919712 0.672436 0.91899 0.665385 0.879327 0.640705 0.879567
1 0.666987 0.845914 0.665705 0.853846 0.7125 0.864664 0.714103 0.854567 0.711859 0.853846
2 0.658654 0.837981 0.716026 0.844231 0.715064 0.852404 0.666026 0.845192 0.658333 0.844712 0.658654 0.838702
1 0.708654 0.885336 0.710577 0.900721 0.758013 0.902885 0.754808 0.8875
4 0.748397 0.915144 0.754487 0.93774 0.795833 0.938221 0.789103 0.915865
2 0.758333 0.720192 0.814103 0.717548 0.816346 0.723798 0.760577 0.727163 0.758333 0.720914
1 0.803205 0.819231 0.846795 0.81875 0.850962 0.833654 0.807692 0.834615
1 0.833333 0.87524 0.841346 0.891587 0.885897 0.887981 0.878526 0.872356
1 0.865385 0.803125 0.871474 0.819952 0.916026 0.81899 0.909615 0.802885
1 0.904167 0.880769 0.910256 0.899038 0.958654 0.898798 0.951603 0.880529
4 0.94968 0.859135 0.958654 0.88101 0.998718 0.879808 0.988462 0.859135
1 0.203205 0.796394 0.198077 0.81226 0.242628 0.814664 0.246154 0.801202 0.244872 0.797837
1 0.102244 0.859135 0.096795 0.876683 0.146474 0.879327 0.150321 0.860577
1 0.126923 0.830288 0.122115 0.847837 0.171154 0.848317 0.174359 0.830288
1 0.110897 0.915144 0.101603 0.934615 0.152244 0.939904 0.160577 0.919712
1 0.177564 0.909856 0.172115 0.929808 0.225321 0.93101 0.227564 0.910577
