0 0.423798 0.311859 0.413942 0.372115 0.494712 0.386218 0.499038 0.327244
0 0.021875 0.222436 0.097596 0.226923 0.093029 0.242628 0.088702 0.25 0.078365 0.283654 0.051683 0.280449 0.011538 0.280769 0.000962 0.279487 0.001683 0.265064 0.013942 0.234615
0 0.732933 0.352564 0.736779 0.360897 0.740625 0.378526 0.746394 0.408333 0.797837 0.410256 0.822836 0.41218 0.815385 0.373397 0.801923 0.35641 0.749279 0.351603
1 0.884375 0.741346 0.909615 0.739103 0.915144 0.744551 0.920192 0.760897 0.890625 0.760897
4 0.885096 0.65609 0.909856 0.655449 0.914423 0.67532 0.889423 0.673718
4 0.880769 0.634295 0.904567 0.632372 0.909856 0.651603 0.886298 0.652564
4 0.711058 0.615064 0.713702 0.634295 0.720914 0.634615 0.738221 0.636538 0.735337 0.617308
4 0.483413 0.674038 0.483654 0.696795 0.490625 0.697115 0.509856 0.696795 0.509856 0.674359
4 0.158894 0.634615 0.186298 0.637821 0.182452 0.658013 0.153606 0.65609
4 0.222837 0.659295 0.25 0.6625 0.247115 0.682692 0.21875 0.68109
4 0.160096 0.594872 0.185577 0.596474 0.181971 0.614744 0.155529 0.613462
4 0.182692 0.523397 0.206731 0.525962 0.203125 0.542308 0.176683 0.541026
4 0.323077 0.489744 0.347115 0.492308 0.34351 0.508654 0.31899 0.50609
1 0.196875 0.566026 0.192067 0.582372 0.221154 0.586538 0.22524 0.569551
1 0.251202 0.517308 0.247837 0.532692 0.277404 0.53782 0.28125 0.522115
1 0.299038 0.547436 0.295673 0.563782 0.32476 0.566667 0.327404 0.551282
3 0.36851 0.678526 0.364904 0.693269 0.415625 0.695833 0.416587 0.678846
1 0.393029 0.529808 0.41899 0.53109 0.420913 0.533013 0.421154 0.547115 0.391346 0.544551
1 0.484375 0.55032 0.483173 0.567308 0.513221 0.567949 0.512981 0.552564
1 0.556731 0.525962 0.55601 0.540385 0.583654 0.545192 0.584615 0.533013 0.58101 0.529808
1 0.558654 0.608013 0.584135 0.60641 0.587019 0.608654 0.590144 0.622756 0.56226 0.62468
1 0.620433 0.602564 0.621875 0.620192 0.650962 0.620833 0.649519 0.603846
1 0.61274 0.539744 0.612981 0.555449 0.639423 0.558333 0.639423 0.543269
1 0.761058 0.63109 0.791106 0.631731 0.794712 0.648397 0.763942 0.647756
1 0.641827 0.691346 0.643029 0.708974 0.67476 0.71218 0.673317 0.69359
1 0.716586 0.714103 0.717788 0.731731 0.749519 0.734936 0.748077 0.716346
1 0.779327 0.715385 0.783654 0.734615 0.813462 0.736218 0.813462 0.731731 0.809856 0.715705
2 0.618269 0.660256 0.673317 0.663462 0.672837 0.674359 0.61851 0.670192
