0 0.0375 0.379808 0.017308 0.423397 0.091346 0.422756 0.106971 0.373077 0.039183 0.375
0 0.373077 0.454487 0.365144 0.504167 0.4375 0.516346 0.441346 0.464103
0 0.649038 0.454487 0.660096 0.503526 0.733654 0.50609 0.717788 0.457051
2 0.267308 0.729487 0.313221 0.728205 0.312981 0.736218 0.266587 0.736859
2 0.261538 0.764103 0.310337 0.763462 0.309615 0.772756 0.261058 0.772756
2 0.253125 0.796795 0.305529 0.797436 0.305048 0.805769 0.252163 0.805449
2 0.248077 0.835577 0.298317 0.836538 0.297596 0.845192 0.247596 0.84359
1 0.251442 0.809295 0.248077 0.827885 0.279808 0.829808 0.282212 0.810256
2 0.358413 0.72468 0.406971 0.725962 0.40625 0.734936 0.357692 0.732372
2 0.355048 0.760577 0.404808 0.761538 0.404087 0.771154 0.354567 0.769231
2 0.42524 0.641026 0.466587 0.639744 0.466827 0.646795 0.42524 0.647436
2 0.423317 0.667628 0.46851 0.666667 0.46851 0.673718 0.423077 0.674038
2 0.423077 0.698397 0.466827 0.697115 0.467067 0.705128 0.423317 0.705449
2 0.454808 0.729808 0.453125 0.745513 0.481971 0.75 0.482933 0.734295
2 0.421394 0.764744 0.470673 0.764103 0.470913 0.773397 0.421154 0.773397
2 0.423317 0.803526 0.470913 0.804487 0.471154 0.814103 0.423317 0.81218
2 0.350962 0.8 0.402163 0.80032 0.401923 0.809936 0.35024 0.808974
2 0.347115 0.836859 0.399519 0.839103 0.399519 0.848718 0.345913 0.846154
2 0.420673 0.840385 0.464663 0.840705 0.464663 0.849038 0.420913 0.848077
2 0.015865 0.684615 0.065144 0.68718 0.062019 0.696795 0.01274 0.69391
2 0.002404 0.716346 0.051202 0.71859 0.049279 0.728205 0.00024 0.72468
