0 0.362019 0.126923 0.355529 0.157372 0.379808 0.152244 0.400721 0.148077 0.41274 0.146795 0.414663 0.13109 0.417067 0.127885 0.417548 0.120833 0.403365 0.123718 0.3875 0.121795 0.365625 0.125962
0 0.355769 0.159615 0.35 0.188462 0.408894 0.178526 0.413942 0.147756 0.398798 0.149359 0.357692 0.158013 0.35601 0.158013
5 0.092308 0.434615 0.07476 0.470192 0.098558 0.473077 0.115385 0.435256
5 0.164183 0.421474 0.15601 0.458654 0.181731 0.455449 0.188942 0.41859
5 0.19976 0.43141 0.194471 0.467628 0.215385 0.463462 0.220913 0.427564
5 0.224279 0.417949 0.217548 0.455769 0.243269 0.450641 0.249038 0.413462
5 0.292308 0.423718 0.288942 0.459936 0.311298 0.453526 0.31226 0.417308
5 0.314663 0.408013 0.312019 0.445833 0.339904 0.438141 0.340625 0.400962 0.315385 0.407692
5 0.347356 0.397756 0.348798 0.434936 0.376442 0.426923 0.374038 0.392308
5 0.380048 0.407051 0.382692 0.442628 0.407933 0.433654 0.405288 0.398077
5 0.411538 0.395833 0.416106 0.431731 0.442548 0.423718 0.43774 0.38782
5 0.440865 0.378846 0.444712 0.416026 0.473317 0.409936 0.468029 0.373077
5 0.473558 0.383654 0.478365 0.420192 0.505288 0.413462 0.49976 0.375962
5 0.557692 0.370192 0.564664 0.407372 0.592788 0.40032 0.585337 0.363462
5 0.596154 0.376923 0.603606 0.413782 0.631971 0.405769 0.623558 0.370192
5 0.664663 0.360897 0.672837 0.399359 0.702404 0.395513 0.693029 0.357372
5 0.701683 0.34359 0.717308 0.382372 0.744952 0.376282 0.728606 0.339744
5 0.830529 0.342949 0.844231 0.380769 0.87476 0.374679 0.859135 0.336859
5 0.911538 0.338462 0.923077 0.378205 0.954567 0.375641 0.942788 0.335897
5 0.947596 0.348718 0.960337 0.388782 0.985577 0.386859 0.973317 0.348397
