0 0.39375 0.229808 0.392788 0.258013 0.391587 0.278846 0.419471 0.287821 0.452163 0.2875 0.470673 0.283333 0.470433 0.236218 0.436779 0.233333 0.411058 0.23141
0 0.727885 0.269872 0.738942 0.317949 0.74976 0.358333 0.825 0.357692 0.809615 0.310577 0.795673 0.273718 0.761058 0.270513
1 0.051442 0.822115 0.046875 0.836218 0.046635 0.842628 0.077404 0.842949 0.078365 0.822756
1 0.110577 0.799679 0.110817 0.821795 0.14976 0.813141 0.146875 0.791346 0.127885 0.795192
2 0.386538 0.489103 0.386298 0.500962 0.422596 0.502885 0.423077 0.489423
1 0.439904 0.48718 0.438221 0.503205 0.4375 0.50609 0.466827 0.507692 0.46851 0.491026
2 0.710577 0.53782 0.71226 0.551923 0.745913 0.551282 0.74375 0.536538
1 0.217067 0.561859 0.214904 0.578205 0.229808 0.579167 0.245913 0.580128 0.247837 0.563462 0.229567 0.561859
1 0.309375 0.507372 0.306971 0.522756 0.335817 0.525641 0.338462 0.510577 0.323798 0.508654
1 0.51274 0.540385 0.514423 0.555769 0.543269 0.553526 0.540625 0.5375 0.526442 0.538462
1 0.641827 0.56218 0.646875 0.576603 0.672115 0.565385 0.663942 0.550641 0.652163 0.557051
1 0.820192 0.554487 0.820192 0.570513 0.844952 0.575321 0.84399 0.558654 0.830769 0.55609 0.819712 0.554167
1 0.851923 0.501923 0.853606 0.513462 0.854808 0.517308 0.864664 0.517949 0.882692 0.520192 0.880529 0.505128 0.869471 0.504487 0.859375 0.502885
1 0.425962 0.6875 0.428365 0.704487 0.454327 0.7 0.450481 0.683654
1 0.486538 0.709615 0.491827 0.728526 0.519712 0.716667 0.514663 0.699038
1 0.420192 0.807372 0.421154 0.829487 0.455288 0.828846 0.454327 0.806731
1 0.476683 0.778526 0.478606 0.800641 0.51274 0.796154 0.509135 0.774359
1 0.521154 0.795833 0.521154 0.817308 0.553365 0.81891 0.552644 0.797436 0.534375 0.797436
1 0.527404 0.844551 0.53149 0.86859 0.564664 0.858654 0.558173 0.835897
5 0.629327 0.813782 0.631731 0.850962 0.66851 0.852564 0.664904 0.814423
1 0.692067 0.797436 0.698558 0.817308 0.727163 0.80641 0.720192 0.786859
5 0.860337 0.54359 0.867067 0.570833 0.899038 0.569872 0.892308 0.541987
1 0.221875 0.742628 0.214423 0.758974 0.230288 0.768269 0.245913 0.772756 0.250962 0.752564
1 0.217788 0.788782 0.214423 0.810577 0.25 0.816346 0.253125 0.795513
5 0.283654 0.790705 0.278606 0.828526 0.318269 0.830769 0.321635 0.796154 0.297596 0.792308
1 0.292788 0.767949 0.28726 0.788141 0.29976 0.791026 0.3125 0.79359 0.321394 0.795513 0.324279 0.782372 0.324279 0.775641 0.305288 0.770833
3 0.351923 0.817628 0.350721 0.832372 0.387981 0.832692 0.387981 0.817308
5 0.604567 0.698718 0.60601 0.730449 0.638462 0.733013 0.636058 0.701923
1 0.605529 0.679167 0.607933 0.696795 0.635096 0.697756 0.633413 0.679487 0.622356 0.680128 0.609856 0.678846
1 0.687981 0.735256 0.691106 0.755769 0.723317 0.754167 0.71851 0.733333
1 0.772356 0.706731 0.776683 0.726603 0.806731 0.723077 0.80024 0.703526
1 0.538221 0.74359 0.538702 0.763462 0.570192 0.764423 0.56899 0.74391
4 0.585817 0.828205 0.586538 0.851282 0.614904 0.852244 0.612981 0.826923 0.58726 0.828526
4 0.788702 0.820513 0.795192 0.84391 0.820433 0.838141 0.814664 0.81282
4 0.861538 0.821154 0.86875 0.844551 0.894712 0.839103 0.887019 0.813462
4 0.855288 0.741346 0.8625 0.765705 0.888221 0.758654 0.879087 0.734295
4 0.906971 0.71282 0.911779 0.734615 0.935817 0.730769 0.930529 0.709295
4 0.930288 0.826923 0.934615 0.852244 0.963221 0.850962 0.95601 0.827244
1 0.719712 0.554167 0.71899 0.56859 0.748077 0.572115 0.747356 0.557051
0 0.001202 0.222756 0.000481 0.284936 0.040385 0.286859 0.059615 0.227885 0.023317 0.225641
