4 0.203606 0.665064 0.200721 0.692308 0.235577 0.690705 0.238462 0.663782
4 0.297596 0.664103 0.294712 0.691667 0.329327 0.692308 0.330288 0.665705
4 0.3875 0.661218 0.419712 0.660897 0.420192 0.68718 0.386298 0.6875
4 0.469231 0.666346 0.500721 0.664744 0.502404 0.691346 0.470913 0.692949
4 0.552404 0.660577 0.584375 0.6625 0.585817 0.688462 0.553846 0.68718
4 0.551202 0.591987 0.58149 0.588462 0.584615 0.614744 0.553365 0.616346
4 0.667548 0.666026 0.697115 0.664103 0.703125 0.692308 0.672837 0.691987
4 0.677644 0.711538 0.708414 0.713462 0.7125 0.741026 0.68125 0.739103
4 0.71875 0.696795 0.748317 0.697756 0.753365 0.724359 0.721154 0.723397
4 0.71226 0.667308 0.743029 0.666667 0.747596 0.692628 0.717308 0.692949
4 0.776923 0.657692 0.808413 0.657372 0.813942 0.682692 0.782212 0.682692
4 0.848798 0.667308 0.878125 0.666346 0.884856 0.691667 0.854808 0.691346
4 0.652163 0.415385 0.654808 0.433013 0.68125 0.433974 0.677164 0.416026
4 0.660096 0.446474 0.6625 0.465385 0.688942 0.466346 0.687019 0.446474
4 0.660817 0.476923 0.663942 0.494872 0.691106 0.495833 0.688702 0.478526
4 0.743269 0.479487 0.746635 0.499679 0.773317 0.498077 0.770673 0.478526
4 0.739664 0.45032 0.743029 0.470833 0.769471 0.473077 0.766587 0.452564
4 0.260817 0.45032 0.290865 0.451282 0.288702 0.470513 0.257212 0.470192
4 0.25024 0.164423 0.274038 0.166346 0.272596 0.180449 0.248798 0.176923
1 0.466106 0.218269 0.478846 0.21859 0.478606 0.241667 0.465625 0.241667
1 0.783173 0.249679 0.784135 0.258654 0.786058 0.263141 0.813942 0.264103 0.808654 0.251923
4 0.060337 0.611859 0.091587 0.615385 0.085096 0.641346 0.053846 0.638782
4 0.047356 0.683974 0.040385 0.713141 0.051683 0.714103 0.062019 0.715064 0.075721 0.71859 0.083413 0.6875 0.065144 0.683333
4 0.130048 0.686218 0.126202 0.716346 0.134375 0.714744 0.145192 0.71218 0.160337 0.713462 0.163221 0.682692 0.146875 0.683974
4 0.138702 0.596795 0.15024 0.591026 0.165625 0.589744 0.163702 0.616026 0.146875 0.616987 0.135337 0.622436
