0 0.142788 0.142308 0.197596 0.140705 0.184615 0.174359 0.125962 0.170513
0 0.394712 0.119872 0.45024 0.123077 0.448317 0.157051 0.389663 0.15
4 0.082933 0.378526 0.105048 0.380769 0.100962 0.39359 0.08101 0.392949
4 0.03101 0.373397 0.051442 0.373077 0.046875 0.3875 0.025962 0.383654
1 0.223317 0.346154 0.246394 0.346474 0.244712 0.359295 0.219471 0.358333
1 0.171635 0.415064 0.192788 0.41891 0.191106 0.432692 0.167308 0.427244
1 0.281971 0.420192 0.30625 0.424359 0.302644 0.437179 0.277404 0.433013
1 0.349038 0.41218 0.374279 0.411218 0.37524 0.42532 0.349038 0.42532
1 0.360096 0.34359 0.38149 0.344872 0.380769 0.358333 0.357692 0.355769
1 0.392067 0.254487 0.4125 0.256731 0.410817 0.267949 0.389904 0.264423
1 0.430769 0.290385 0.453125 0.290064 0.452885 0.300641 0.43149 0.300962
1 0.427404 0.357051 0.452404 0.357692 0.451202 0.371795 0.426683 0.370192
1 0.420913 0.430449 0.445673 0.43141 0.445433 0.446154 0.419952 0.445513
1 0.51851 0.252564 0.539423 0.25 0.541106 0.260897 0.519712 0.2625
1 0.447115 0.244231 0.466106 0.242949 0.465385 0.253846 0.464183 0.255449 0.444231 0.254808
1 0.603365 0.247436 0.626202 0.248397 0.627404 0.266987 0.603606 0.264423
1 0.593269 0.369872 0.616346 0.369551 0.616827 0.379167 0.614423 0.38109 0.59375 0.38109
1 0.602163 0.438462 0.625481 0.439103 0.627404 0.445513 0.627404 0.452564 0.602404 0.451282
1 0.655769 0.442308 0.667067 0.440064 0.680769 0.440385 0.682452 0.446154 0.682692 0.453205 0.669231 0.453205 0.658414 0.454808
1 0.646635 0.373397 0.65649 0.371795 0.667788 0.371795 0.669231 0.374038 0.670673 0.382051 0.656971 0.383013 0.647837 0.382692 0.646394 0.377244
1 0.632452 0.317628 0.642308 0.317628 0.653365 0.316667 0.654808 0.317949 0.654567 0.327564 0.632933 0.327564
1 0.584615 0.317308 0.607692 0.317308 0.604086 0.326923 0.603365 0.329487 0.589183 0.326603 0.583654 0.327244 0.583414 0.317628
4 0.695913 0.324359 0.714904 0.324038 0.717788 0.336218 0.698317 0.336859
4 0.716586 0.384936 0.736538 0.383974 0.738462 0.398397 0.719471 0.398397
4 0.728365 0.45641 0.749038 0.454487 0.753365 0.470833 0.731731 0.471474
5 0.772596 0.371474 0.797596 0.370833 0.803365 0.391026 0.803365 0.397756 0.777404 0.396474 0.773558 0.379808
5 0.756971 0.297756 0.782452 0.295833 0.7875 0.319231 0.7625 0.321474 0.756731 0.300641
3 0.214904 0.632051 0.255048 0.634936 0.251442 0.661859 0.212019 0.65
4 0.288702 0.666026 0.315865 0.666346 0.314663 0.689744 0.28726 0.688782
4 0.325721 0.56859 0.351683 0.571154 0.349279 0.590705 0.324519 0.589103
1 0.424519 0.529487 0.452163 0.532051 0.450721 0.549038 0.423558 0.545513
3 0.369471 0.576282 0.471154 0.584936 0.470913 0.611538 0.36899 0.603205
1 0.046875 0.783333 0.08101 0.785897 0.079808 0.80641 0.042067 0.804487
1 0.184856 0.762821 0.215385 0.772436 0.209615 0.794551 0.177404 0.783974
1 0.270673 0.75641 0.304808 0.752244 0.305529 0.776923 0.269952 0.777885
4 0.399279 0.801923 0.428125 0.8 0.427885 0.826923 0.399279 0.827564
3 0.347115 0.740064 0.402644 0.741667 0.395673 0.838141 0.33774 0.833974
4 0.414423 0.65609 0.439663 0.658974 0.438462 0.68141 0.411298 0.678846
1 0.523317 0.584295 0.552164 0.579167 0.55649 0.596795 0.526202 0.600641
1 0.528846 0.670513 0.557933 0.673718 0.560096 0.673718 0.560096 0.692949 0.528365 0.68782
1 0.613702 0.705449 0.64375 0.710897 0.645192 0.716026 0.644231 0.73109 0.613702 0.725962
1 0.610337 0.616987 0.638221 0.61859 0.639423 0.636538 0.610577 0.632372 0.610337 0.617628
4 0.634856 0.835577 0.663221 0.832372 0.667067 0.858333 0.639183 0.859936 0.635817 0.835897
1 0.722356 0.750962 0.75625 0.74968 0.758413 0.772115 0.726923 0.773077
1 0.736058 0.828526 0.769712 0.829487 0.772356 0.852885 0.772356 0.853526 0.737981 0.852244
1 0.844712 0.779808 0.878125 0.782692 0.88101 0.807372 0.846154 0.801603
1 0.8 0.643269 0.828846 0.642628 0.834375 0.660897 0.805048 0.6625
1 0.777644 0.540064 0.803365 0.540385 0.805769 0.544231 0.808173 0.556731 0.781731 0.55641
1 0.861538 0.576282 0.890385 0.582692 0.893029 0.597436 0.863221 0.592949
1 0.890865 0.688462 0.922837 0.698397 0.923077 0.717308 0.890385 0.705449
1 0.92524 0.821474 0.959135 0.823397 0.963462 0.846154 0.93101 0.845192 0.924519 0.822115
