4 0.075962 0.851603 0.072596 0.870192 0.100721 0.870192 0.102885 0.851923
4 0.079808 0.83141 0.075721 0.85 0.102404 0.850641 0.106971 0.830769
4 0.08125 0.814423 0.080529 0.828526 0.107212 0.827885 0.107212 0.815385
4 0.082692 0.797756 0.078125 0.811218 0.105288 0.814103 0.109135 0.796795
4 0.085337 0.78109 0.081731 0.795192 0.109135 0.794872 0.111779 0.779487
4 0.094471 0.740385 0.090385 0.759295 0.117067 0.758013 0.120913 0.740705
4 0.088462 0.760897 0.085577 0.779167 0.11226 0.778846 0.115865 0.759615
5 0.09351 0.703846 0.091106 0.711538 0.121635 0.714423 0.123798 0.705128
5 0.087019 0.716026 0.082692 0.72468 0.115625 0.72532 0.116587 0.716346
5 0.096394 0.728526 0.094471 0.738782 0.125481 0.738462 0.12524 0.730128
4 0.184615 0.817308 0.182212 0.838782 0.209135 0.839423 0.211058 0.816987
4 0.205048 0.767628 0.202644 0.78718 0.230288 0.784936 0.23149 0.763782
4 0.301683 0.753526 0.30024 0.772115 0.326683 0.772115 0.327404 0.751282
4 0.294231 0.822436 0.290625 0.847115 0.316346 0.848077 0.318269 0.824038
4 0.388462 0.832372 0.385817 0.855769 0.413221 0.85609 0.414183 0.834295
4 0.374279 0.766026 0.372596 0.790064 0.399279 0.789744 0.39976 0.767308
4 0.479087 0.809295 0.479087 0.831731 0.506731 0.830128 0.505048 0.808333
4 0.472837 0.758013 0.473558 0.780128 0.499279 0.778846 0.498317 0.758013
4 0.507452 0.756731 0.507933 0.777885 0.533654 0.778205 0.532452 0.757372
1 0.442067 0.741346 0.441106 0.759295 0.465385 0.757692 0.463221 0.741346
1 0.183173 0.674038 0.178606 0.689744 0.206731 0.694872 0.210096 0.683654 0.20601 0.677564
1 0.228125 0.675962 0.225481 0.692949 0.255769 0.69359 0.25649 0.677244
1 0.267067 0.704808 0.266106 0.721474 0.289423 0.720833 0.289183 0.706731
1 0.305769 0.70609 0.303606 0.722756 0.326683 0.725 0.327644 0.708974
1 0.344231 0.713462 0.34399 0.730449 0.370433 0.727564 0.36875 0.711538
1 0.561779 0.677564 0.560336 0.690705 0.58149 0.698718 0.582212 0.683333
4 0.571154 0.735577 0.571875 0.757051 0.595914 0.756731 0.594952 0.735256 0.572836 0.734936
4 0.595914 0.736538 0.597356 0.757692 0.621394 0.757372 0.619952 0.737179
4 0.572356 0.759295 0.572356 0.776603 0.597596 0.777885 0.595914 0.758654
4 0.573558 0.798397 0.574038 0.81859 0.599519 0.819551 0.597837 0.8
4 0.597837 0.759295 0.598798 0.778526 0.622596 0.778846 0.621154 0.759295
4 0.574519 0.822115 0.57476 0.845192 0.601683 0.844231 0.600481 0.822756
4 0.634615 0.746474 0.6375 0.767628 0.661058 0.763782 0.657452 0.743269
4 0.666586 0.756731 0.667067 0.779487 0.692308 0.78109 0.692067 0.758974
4 0.699038 0.763462 0.701923 0.784295 0.726683 0.781731 0.723558 0.760897
4 0.638702 0.816667 0.640625 0.839744 0.666586 0.838141 0.664423 0.815064
4 0.678606 0.821795 0.68125 0.845833 0.70625 0.843269 0.703606 0.820192
4 0.720673 0.800962 0.724519 0.822756 0.751923 0.819551 0.747356 0.797756
4 0.755288 0.825 0.759375 0.848718 0.784135 0.84391 0.780288 0.821795
4 0.788462 0.799359 0.791346 0.820833 0.817548 0.818269 0.813221 0.798718
4 0.826442 0.809295 0.830288 0.83141 0.85649 0.827244 0.850481 0.80641
4 0.776683 0.747756 0.780529 0.76891 0.80601 0.765705 0.801923 0.746474
4 0.777404 0.705128 0.778365 0.724038 0.804327 0.72532 0.802164 0.70609
4 0.734135 0.689423 0.736298 0.708654 0.761538 0.704167 0.758173 0.686859
4 0.73101 0.745192 0.733413 0.764744 0.757933 0.765064 0.75601 0.74359
4 0.683173 0.436538 0.685577 0.45 0.706971 0.445833 0.704327 0.433013
4 0.23101 0.43109 0.226683 0.445833 0.253365 0.454487 0.25649 0.439744
4 0.37476 0.428846 0.373077 0.448077 0.396635 0.444872 0.398077 0.428205
1 0.384615 0.413141 0.382452 0.423718 0.401442 0.427244 0.403125 0.41859
1 0.392308 0.36282 0.390865 0.378205 0.414423 0.382051 0.416346 0.369551
1 0.373798 0.341346 0.373077 0.355449 0.392788 0.354487 0.391827 0.339103
1 0.517548 0.45 0.51851 0.463782 0.539423 0.460897 0.538462 0.448077
1 0.535337 0.425641 0.535817 0.438141 0.55625 0.441667 0.554567 0.425641
