4 0.182452 0.78718 0.176683 0.811538 0.205769 0.810577 0.211779 0.78718
4 0.091106 0.752244 0.083413 0.773718 0.110577 0.776282 0.116827 0.755128
1 0.084135 0.714423 0.082212 0.717949 0.072596 0.75032 0.088221 0.75032 0.099279 0.715385
4 0.041106 0.839744 0.033173 0.866026 0.065865 0.866026 0.071154 0.840385
4 0.258413 0.789423 0.259375 0.8125 0.288702 0.804167 0.286779 0.78141
1 0.191106 0.752244 0.18774 0.772115 0.220673 0.771154 0.223317 0.750641
1 0.274038 0.750962 0.270433 0.753846 0.267788 0.769551 0.268029 0.769872 0.3 0.770192 0.302885 0.751603
4 0.424519 0.77468 0.422596 0.798718 0.45024 0.80032 0.450962 0.776603 0.442548 0.777564
1 0.572836 0.735577 0.573558 0.755449 0.605048 0.754487 0.603606 0.735897
1 0.569231 0.675641 0.570913 0.692949 0.600962 0.691667 0.598317 0.673718
4 0.59351 0.632692 0.595433 0.651282 0.619952 0.651282 0.618029 0.632372
1 0.580288 0.575962 0.58101 0.591026 0.608654 0.591987 0.60625 0.575321
1 0.670673 0.570833 0.673317 0.586218 0.701442 0.585256 0.698558 0.570192
4 0.610817 0.807372 0.611298 0.830769 0.640385 0.833333 0.639663 0.810256
4 0.96226 0.61891 0.970192 0.629808 0.99375 0.630128 0.986058 0.619231
1 0.85625 0.614744 0.859375 0.628205 0.88774 0.626923 0.882212 0.612179 0.85601 0.613462
4 0.843269 0.576923 0.848798 0.591987 0.871875 0.592949 0.866587 0.576603
1 0.838702 0.564103 0.863942 0.5625 0.865385 0.563462 0.867788 0.568269 0.870192 0.576282 0.866106 0.575962 0.843029 0.575641
1 0.744712 0.583654 0.747596 0.598397 0.775481 0.598077 0.772356 0.583333
1 0.771875 0.635897 0.777404 0.652244 0.804087 0.646474 0.798077 0.630769
1 0.78101 0.694872 0.784135 0.7125 0.814904 0.71282 0.811058 0.694872
1 0.785096 0.742949 0.787019 0.760897 0.820192 0.764103 0.816587 0.744231
1 0.805769 0.816667 0.811058 0.83718 0.84351 0.836859 0.838702 0.814744
1 0.898798 0.807051 0.903365 0.82468 0.935577 0.823077 0.930288 0.805449
1 0.878365 0.740705 0.882452 0.758654 0.912981 0.757372 0.908414 0.739103
1 0.863221 0.683654 0.86851 0.701282 0.896875 0.700962 0.891346 0.683654
1 0.708414 0.804167 0.709375 0.825641 0.74375 0.829167 0.74399 0.826282 0.741587 0.807692
1 0.685817 0.73141 0.684856 0.75032 0.717308 0.758333 0.717788 0.739103
1 0.681971 0.681731 0.683173 0.698718 0.713702 0.701923 0.713462 0.6875 0.71226 0.683654 0.683173 0.68109
1 0.67524 0.624038 0.677164 0.639423 0.707212 0.639423 0.704327 0.623397 0.676202 0.623077
4 0.200962 0.436859 0.195192 0.45032 0.218029 0.453526 0.223317 0.441667
4 0.230769 0.376282 0.226202 0.38782 0.246875 0.391987 0.250962 0.380769
4 0.300962 0.435897 0.299038 0.447756 0.321635 0.447756 0.322115 0.435577
4 0.291587 0.386538 0.288221 0.399359 0.309375 0.400962 0.311779 0.389103
4 0.303606 0.334295 0.3 0.34359 0.320433 0.348077 0.322596 0.3375
4 0.370673 0.316346 0.369231 0.326603 0.388462 0.328205 0.389904 0.316987
4 0.363942 0.367308 0.363221 0.380449 0.384375 0.379487 0.383654 0.367308
4 0.35649 0.4375 0.355288 0.451282 0.377885 0.450641 0.377885 0.438141
4 0.432452 0.45 0.430288 0.463782 0.452163 0.465064 0.453365 0.451282
4 0.440865 0.394872 0.440625 0.407051 0.461538 0.407051 0.461058 0.395192
4 0.450962 0.358333 0.451202 0.368269 0.471154 0.36859 0.470433 0.358333
4 0.591827 0.354487 0.592067 0.365705 0.61226 0.366667 0.612019 0.354487
1 0.584856 0.279808 0.586298 0.289103 0.607692 0.287821 0.605529 0.278526
1 0.575 0.308974 0.576683 0.31859 0.597356 0.316026 0.595914 0.30609
4 0.604086 0.414744 0.604567 0.428205 0.625962 0.428846 0.625 0.416026
4 0.67524 0.435577 0.678125 0.449359 0.699519 0.447115 0.695433 0.434936
4 0.749279 0.414423 0.751923 0.430128 0.774038 0.428526 0.771635 0.415064
4 0.911298 0.450641 0.915625 0.464103 0.935577 0.461859 0.930529 0.449038
4 0.879567 0.391026 0.88125 0.401282 0.901442 0.402564 0.899519 0.391667
4 0.849519 0.345833 0.854086 0.35641 0.871154 0.354167 0.866346 0.34359
4 0.917067 0.336218 0.921635 0.347756 0.941106 0.347115 0.936779 0.335897
4 0.905769 0.315385 0.910096 0.32468 0.928606 0.320513 0.922837 0.310897
4 0.955769 0.325641 0.960337 0.335577 0.979327 0.332692 0.973317 0.322436
4 0.975481 0.375 0.979086 0.386538 0.998317 0.385256 0.994471 0.373397
4 0.930048 0.376603 0.934375 0.38718 0.954087 0.386538 0.948558 0.375321
4 0.949519 0.417628 0.955769 0.430128 0.973798 0.425962 0.966346 0.413782
4 0.970433 0.454167 0.974279 0.468269 0.995433 0.467949 0.988942 0.453205
4 0.980288 0.482372 0.985096 0.495833 1.0 0.496795 0.999519 0.488462 0.997596 0.481731
4 0.531971 0.348718 0.544471 0.350321 0.54399 0.360897 0.532452 0.360256 0.53125 0.35
5 0.445433 0.340064 0.445192 0.346474 0.477885 0.347756 0.477163 0.340385
4 0.20625 0.655769 0.200962 0.675641 0.228846 0.676282 0.231731 0.658974
