1 0.490625 0.522115 0.490385 0.547756 0.534375 0.545833 0.532452 0.519551
4 0.55625 0.525962 0.55649 0.554167 0.594231 0.55609 0.59375 0.526282
4 0.595192 0.526603 0.597356 0.556731 0.636298 0.55641 0.633173 0.525
4 0.558654 0.558013 0.558413 0.5875 0.597596 0.58782 0.596394 0.558654
1 0.674038 0.564103 0.675721 0.589103 0.720673 0.5875 0.716586 0.560897
1 0.69351 0.515385 0.696154 0.542628 0.739904 0.540705 0.7375 0.513141
1 0.792308 0.535256 0.794952 0.560577 0.827163 0.563782 0.837981 0.561859 0.834856 0.536538
1 0.783414 0.466987 0.786538 0.490064 0.827404 0.489103 0.823558 0.465064
5 0.790865 0.492628 0.791586 0.498077 0.819471 0.498077 0.819471 0.492628
1 0.902404 0.444231 0.905288 0.468269 0.945433 0.469551 0.942308 0.444231
3 0.310577 0.551282 0.309615 0.56282 0.344952 0.560577 0.344471 0.550962
1 0.808413 0.567628 0.812019 0.597756 0.85625 0.595192 0.852163 0.577885 0.848317 0.567949
