4 0.04375 0.244231 0.068269 0.244872 0.064423 0.261859 0.038702 0.259615
4 0.069231 0.170192 0.09399 0.171474 0.090625 0.186859 0.066346 0.183333 0.06899 0.169551
0 0.353606 0.142308 0.408894 0.153526 0.433654 0.162179 0.434615 0.163462 0.429808 0.224679 0.402885 0.216346 0.352885 0.204808 0.346154 0.198077
0 0.719712 0.129167 0.78774 0.139744 0.794231 0.141346 0.800481 0.172436 0.803606 0.195513 0.748798 0.186859 0.724279 0.183974 0.720673 0.148077
1 0.147115 0.44968 0.17524 0.445833 0.179567 0.449038 0.178846 0.463141 0.147596 0.466987 0.146875 0.466026
1 0.254087 0.468269 0.264183 0.464744 0.278846 0.464103 0.280769 0.465064 0.281731 0.471474 0.27476 0.482051 0.253125 0.483974
1 0.328125 0.461859 0.336779 0.460897 0.346394 0.460897 0.34976 0.46282 0.352644 0.469231 0.346394 0.479487 0.330529 0.477564 0.325962 0.481731 0.327163 0.470513
1 0.35024 0.389744 0.361538 0.388141 0.373558 0.390064 0.37476 0.389744 0.376202 0.409295 0.369712 0.40641 0.365865 0.405769 0.353846 0.404167 0.349038 0.405449 0.350481 0.390385
1 0.41875 0.435256 0.444471 0.438462 0.447115 0.438782 0.447596 0.441667 0.445913 0.455449 0.416106 0.451282 0.417548 0.437179 0.418269 0.435897
4 0.514904 0.484295 0.539423 0.48141 0.541827 0.501923 0.515625 0.503526 0.514904 0.485577
4 0.51851 0.402564 0.546154 0.404808 0.546875 0.419551 0.51851 0.41891
1 0.611779 0.437821 0.640865 0.440385 0.642067 0.45609 0.611779 0.454167
4 0.7625 0.396795 0.77524 0.391667 0.787981 0.392308 0.788221 0.410897 0.777644 0.408333 0.764904 0.412821
4 0.810577 0.46891 0.834856 0.473077 0.83774 0.491346 0.823077 0.489103 0.81274 0.488782 0.810577 0.472115
4 0.864664 0.489423 0.880529 0.492628 0.889904 0.490705 0.894231 0.512821 0.883173 0.5125 0.868029 0.508333 0.864904 0.495513
4 0.849038 0.396474 0.874279 0.395192 0.879327 0.410897 0.853365 0.413141 0.85 0.398718
4 0.965865 0.432051 0.9875 0.432372 0.994471 0.45 0.970914 0.449359 0.965385 0.433333
4 0.057692 0.720513 0.0875 0.72532 0.080048 0.751923 0.04976 0.745833 0.056731 0.724038
1 0.307692 0.655128 0.341106 0.657692 0.342308 0.661218 0.339663 0.678846 0.305769 0.67532
4 0.367308 0.697436 0.398077 0.700641 0.395913 0.725962 0.365385 0.724038
4 0.441346 0.692628 0.471394 0.695833 0.46899 0.722115 0.439663 0.717628
4 0.513942 0.697115 0.542308 0.696795 0.542788 0.722756 0.513702 0.720833
4 0.578365 0.698397 0.607452 0.696154 0.610577 0.720833 0.580769 0.723077
4 0.649038 0.703205 0.678846 0.706731 0.678846 0.73109 0.648798 0.725962
1 0.729327 0.714423 0.760096 0.717628 0.761779 0.717628 0.764183 0.737179 0.763942 0.738141 0.73125 0.735256 0.730529 0.733333 0.728846 0.715385
1 0.910337 0.690705 0.942788 0.691026 0.946875 0.711538 0.915144 0.71282
