0 0.176683 0.144551 0.262019 0.154487 0.254327 0.188462 0.251202 0.209295 0.161538 0.201923
0 0.394231 0.134615 0.387981 0.192308 0.471635 0.201923 0.474519 0.141346
0 0.70649 0.058654 0.775721 0.06859 0.779327 0.080769 0.784375 0.094551 0.785096 0.120192 0.713221 0.108013 0.713462 0.094231 0.711058 0.078526
1 0.447837 0.352564 0.478125 0.352885 0.478365 0.366987 0.447837 0.367949
1 0.511298 0.316346 0.511779 0.330128 0.540865 0.333013 0.540865 0.319872
4 0.570673 0.375 0.597356 0.376923 0.598317 0.394872 0.571875 0.392949
4 0.642788 0.369551 0.669471 0.369872 0.670192 0.38782 0.64375 0.386538
4 0.759615 0.36859 0.784375 0.370513 0.788462 0.3875 0.7625 0.38718
4 0.76274 0.3875 0.7875 0.389423 0.791586 0.40641 0.765865 0.40609
4 0.820673 0.38782 0.847837 0.38718 0.850962 0.405769 0.826442 0.405449
1 0.93125 0.397436 0.955048 0.401923 0.960096 0.416987 0.934856 0.41218
4 0.976923 0.380769 0.983173 0.396474 0.999519 0.395192 0.99976 0.38141
1 0.735096 0.565705 0.740865 0.583974 0.764183 0.580769 0.770433 0.579167 0.771394 0.577564 0.765144 0.561218
1 0.411538 0.584295 0.445433 0.581731 0.447596 0.584615 0.447596 0.602564 0.412019 0.604808
1 0.472596 0.617308 0.505529 0.616026 0.507692 0.617949 0.508894 0.637821 0.472115 0.638782
2 0.46226 0.573718 0.517308 0.572115 0.517308 0.582051 0.461298 0.58141
1 0.563942 0.554487 0.563942 0.572756 0.598077 0.575962 0.597837 0.558654
1 0.616587 0.615385 0.620192 0.635897 0.655529 0.633974 0.652163 0.616667 0.647356 0.613462
1 0.670192 0.621154 0.704087 0.621795 0.70601 0.633013 0.707212 0.640064 0.706731 0.642308 0.672837 0.642308
4 0.802644 0.624359 0.835096 0.622436 0.841106 0.648397 0.811538 0.649359
1 0.873798 0.552885 0.901442 0.548397 0.906971 0.566346 0.876683 0.571474 0.871875 0.553846
4 0.889183 0.634295 0.917308 0.633333 0.924038 0.654808 0.894231 0.65609
1 0.736058 0.657692 0.769471 0.657051 0.774038 0.678526 0.738702 0.678846
2 0.819231 0.707692 0.876442 0.708974 0.878365 0.719872 0.820673 0.720192
