2 0.039423 0.430449 0.03149 0.45641 0.117067 0.454487 0.116827 0.442628 0.048798 0.443269 0.051442 0.430128
4 0.25625 0.695513 0.252885 0.713782 0.274279 0.715705 0.276923 0.698077
4 0.447596 0.705449 0.46851 0.707372 0.467788 0.725 0.446394 0.722436
4 0.376202 0.516667 0.39351 0.520833 0.391346 0.533974 0.373798 0.529487
4 0.377644 0.439744 0.397356 0.4375 0.396635 0.449359 0.378846 0.45
4 0.436298 0.515064 0.454808 0.512821 0.455288 0.52468 0.436538 0.526603
4 0.272356 0.871154 0.269712 0.890705 0.294952 0.892628 0.298077 0.870833
4 0.344231 0.897756 0.340625 0.920513 0.366106 0.920833 0.367067 0.896795
4 0.664183 0.726603 0.664423 0.746154 0.68726 0.746154 0.685577 0.728205
0 0.000721 0.519872 0.06226 0.515064 0.049519 0.566987 0.00024 0.567308
4 0.143269 0.861218 0.140385 0.880449 0.165865 0.882372 0.16899 0.860897
