5 0.185337 0.484295 0.208894 0.491987 0.198798 0.525641 0.172596 0.520833
5 0.224038 0.48141 0.247596 0.48718 0.241587 0.527244 0.214904 0.521154
5 0.284615 0.452885 0.310817 0.457051 0.308413 0.503846 0.282212 0.500962
5 0.311538 0.455769 0.33774 0.459936 0.335337 0.506731 0.309135 0.503846
5 0.341106 0.456731 0.367067 0.460897 0.364904 0.507692 0.338702 0.504808
5 0.379087 0.491346 0.399038 0.492308 0.401923 0.533333 0.377885 0.534295
5 0.416587 0.481731 0.436298 0.482692 0.439183 0.523718 0.415144 0.52468
5 0.524519 0.509936 0.545433 0.515385 0.545913 0.55032 0.526202 0.546795
5 0.549519 0.506731 0.56851 0.511218 0.569471 0.548077 0.552404 0.546474
5 0.569952 0.516026 0.588462 0.517628 0.591106 0.554487 0.574519 0.552564
5 0.595192 0.560897 0.608413 0.563782 0.613221 0.588462 0.597115 0.586218 0.594712 0.561538
