1 0.629808 0.69359 0.63101 0.71282 0.658414 0.713782 0.662019 0.708974 0.660096 0.69391
1 0.76274 0.774038 0.767067 0.794551 0.794712 0.792628 0.796875 0.788141 0.791346 0.772756
1 0.738942 0.725962 0.745433 0.744551 0.769471 0.739103 0.771875 0.734936 0.765385 0.719231 0.758413 0.720833
3 0.786298 0.708013 0.789663 0.725641 0.84976 0.716667 0.847837 0.700962
1 0.857452 0.707372 0.864183 0.725641 0.889904 0.71859 0.882212 0.701923
1 0.886538 0.767628 0.896394 0.784936 0.919712 0.776603 0.917548 0.769551 0.909856 0.759615
1 0.827644 0.769231 0.834375 0.789744 0.860577 0.783333 0.853606 0.764744
1 0.432212 0.488782 0.436058 0.502564 0.462981 0.500641 0.461298 0.489423 0.457692 0.485577 0.432692 0.486859
3 0.147115 0.48718 0.149279 0.503846 0.202885 0.48141 0.203846 0.477244 0.201683 0.470192
1 0.659135 0.542308 0.657452 0.552885 0.683173 0.568269 0.685336 0.553205 0.6625 0.541346
1 0.646394 0.499038 0.661298 0.525962 0.672115 0.520513 0.65625 0.494551
1 0.685577 0.432692 0.690625 0.446474 0.713221 0.442628 0.707933 0.430128
1 0.738221 0.432692 0.739183 0.447756 0.763942 0.45 0.7625 0.435897
1 0.689183 0.479808 0.695673 0.508013 0.708894 0.506731 0.701202 0.478846
1 0.718029 0.529808 0.716106 0.542628 0.739183 0.555769 0.742548 0.553846 0.74351 0.541987
1 0.778365 0.541026 0.784135 0.551923 0.807933 0.55032 0.799038 0.539103
1 0.761538 0.491026 0.768269 0.50032 0.788702 0.496795 0.782452 0.490064
