0 0.255128 0.225962 0.247115 0.249038 0.275 0.252644 0.297436 0.255048 0.327564 0.259615 0.332372 0.233413 0.297115 0.229567 0.270192 0.226683
0 0.246474 0.255288 0.243269 0.267788 0.239103 0.28101 0.289423 0.284375 0.323077 0.287019 0.327885 0.262981
0 0.332692 0.233894 0.328526 0.258654 0.353846 0.263221 0.405449 0.271154 0.407372 0.246394 0.366987 0.238462
0 0.408333 0.246394 0.40641 0.271394 0.437179 0.275 0.467628 0.280288 0.48109 0.283413 0.48109 0.258654 0.446474 0.252885 0.429167 0.249519
0 0.695833 0.289663 0.707372 0.314183 0.725962 0.315144 0.747756 0.317067 0.762821 0.31851 0.778526 0.320673 0.765064 0.296394 0.734615 0.292548 0.716346 0.290625
4 0.163782 0.452885 0.159936 0.462981 0.188782 0.465385 0.192308 0.455529
4 0.152885 0.491587 0.149359 0.501923 0.18109 0.503606 0.183654 0.494471
4 0.265385 0.47476 0.26282 0.485337 0.292628 0.488462 0.294551 0.477644
4 0.380769 0.510096 0.379487 0.520192 0.408974 0.522837 0.408974 0.5125
4 0.473397 0.492788 0.475 0.503846 0.501282 0.505048 0.500641 0.494471
4 0.476282 0.509615 0.476923 0.520913 0.504167 0.521875 0.503526 0.511298
4 0.478526 0.524519 0.479487 0.535337 0.507051 0.536298 0.50641 0.525721
4 0.541026 0.506971 0.542628 0.516587 0.569872 0.517308 0.566667 0.507212
4 0.603846 0.512019 0.605128 0.522837 0.633013 0.522115 0.629487 0.51226
4 0.686218 0.504808 0.690705 0.516106 0.717628 0.516827 0.713782 0.505529
4 0.691346 0.516827 0.695192 0.527163 0.723397 0.527404 0.71891 0.517308
4 0.7 0.527404 0.701282 0.538462 0.730769 0.542067 0.727885 0.530048
4 0.75 0.502404 0.753526 0.5125 0.778205 0.513942 0.77468 0.503606
4 0.766667 0.533173 0.769872 0.545192 0.795833 0.547115 0.79359 0.536538
4 0.820833 0.528125 0.824359 0.539183 0.851603 0.539423 0.848397 0.528365
1 0.824038 0.541106 0.853205 0.54351 0.855769 0.544952 0.857692 0.553125 0.825962 0.550721
1 0.379487 0.520913 0.379487 0.526202 0.390385 0.527163 0.41218 0.529086 0.412821 0.523077
1 0.360577 0.485096 0.360256 0.49351 0.391987 0.496154 0.392628 0.487981
1 0.408654 0.486779 0.408654 0.495192 0.441026 0.497115 0.440064 0.488942
1 0.145192 0.501923 0.142949 0.511298 0.178846 0.514423 0.18141 0.504087
1 0.189103 0.426923 0.184936 0.435577 0.217628 0.440144 0.220192 0.435096 0.220192 0.43149
2 0.247756 0.430529 0.244872 0.442788 0.324038 0.452163 0.32468 0.446154 0.269551 0.438702 0.271154 0.432933
4 0.694551 0.480048 0.697756 0.489904 0.722756 0.491106 0.719872 0.48101
1 0.315385 0.622356 0.349038 0.621394 0.34968 0.634375 0.314423 0.634856
1 0.267628 0.665144 0.263141 0.679567 0.308974 0.681731 0.311218 0.676202 0.276923 0.674519 0.278526 0.665625
4 0.28109 0.620433 0.281731 0.636538 0.314103 0.635817 0.315064 0.621154
4 0.28141 0.659375 0.314103 0.660817 0.3125 0.676202 0.277564 0.674038
4 0.179808 0.662981 0.214423 0.664183 0.211859 0.680529 0.175962 0.679327
4 0.158013 0.707452 0.195833 0.707692 0.193269 0.725962 0.154808 0.725481
4 0.139103 0.745913 0.178205 0.742548 0.178846 0.760817 0.138141 0.764663
4 0.040385 0.705769 0.077244 0.710577 0.069872 0.727163 0.030449 0.723077
4 0.274359 0.71899 0.309936 0.720192 0.308013 0.737981 0.271154 0.736538
1 0.289423 0.749279 0.332051 0.746154 0.334295 0.761779 0.290064 0.764663
1 0.370513 0.70649 0.374359 0.718269 0.38109 0.717788 0.41218 0.716346 0.408013 0.701442
4 0.380769 0.71851 0.379167 0.732212 0.413462 0.733173 0.413141 0.71851
4 0.383013 0.645192 0.415385 0.645192 0.416026 0.659615 0.382051 0.659135
4 0.46282 0.635096 0.49359 0.635817 0.492949 0.64976 0.461859 0.649038
4 0.464744 0.724038 0.499038 0.723317 0.50032 0.739423 0.465064 0.739423
1 0.480449 0.761058 0.48141 0.77524 0.522115 0.775962 0.521474 0.760577
1 0.554167 0.760577 0.554808 0.77476 0.595192 0.775962 0.593269 0.7625
4 0.546154 0.735337 0.547115 0.751923 0.580769 0.753365 0.580128 0.736779
1 0.634615 0.646635 0.670513 0.653606 0.669872 0.664904 0.632372 0.658894
4 0.639423 0.667788 0.670192 0.669471 0.672115 0.684135 0.641026 0.683413
1 0.828846 0.742788 0.864103 0.743029 0.869872 0.757692 0.833013 0.756971
4 0.789744 0.728125 0.821154 0.728606 0.826603 0.744231 0.794551 0.74399
4 0.770192 0.653606 0.797436 0.653606 0.804167 0.667308 0.77468 0.668269
1 0.821154 0.657212 0.820192 0.659375 0.827564 0.680529 0.844551 0.681971 0.838141 0.656971
1 0.922115 0.65649 0.935577 0.652885 0.953526 0.677885 0.939423 0.680048
4 0.900641 0.619231 0.904808 0.631971 0.932051 0.632692 0.928205 0.619471
1 0.895513 0.607933 0.927885 0.607452 0.932372 0.61899 0.90032 0.61899
4 0.920513 0.710577 0.948718 0.711779 0.954487 0.726683 0.924679 0.725
4 0.975 0.652885 0.98109 0.666346 0.999359 0.667548 0.99968 0.654327
5 0.922115 0.733173 0.982692 0.736058 0.992628 0.770192 0.935897 0.764904
5 0.910897 0.665865 0.927244 0.707212 0.965705 0.708414 0.963782 0.702885 0.970192 0.702644 0.957692 0.678365 0.940064 0.680769 0.926603 0.665865
1 0.458974 0.659375 0.455449 0.672356 0.495192 0.677164 0.495833 0.664183
