1 0.135096 0.635256 0.129808 0.65609 0.166587 0.660256 0.169952 0.639103
4 0.178365 0.640064 0.172596 0.665064 0.203365 0.668269 0.209375 0.645192
1 0.0875 0.575962 0.103125 0.60609 0.119471 0.59391 0.103365 0.566346
1 0.123317 0.491346 0.115865 0.506731 0.146635 0.514744 0.150721 0.504487 0.152885 0.497115
4 0.283894 0.63109 0.279327 0.654808 0.311058 0.657051 0.313221 0.634295
1 0.45024 0.625 0.44976 0.642949 0.483654 0.646474 0.483894 0.629167
4 0.452163 0.673077 0.450481 0.705449 0.470192 0.705769 0.470433 0.674359
4 0.547837 0.614423 0.547115 0.646474 0.566827 0.647436 0.565144 0.615705
4 0.602644 0.551923 0.601683 0.568269 0.627885 0.56891 0.626683 0.551282
4 0.53726 0.541026 0.5375 0.560577 0.563942 0.559295 0.56274 0.541026
4 0.658894 0.600641 0.660817 0.621474 0.688702 0.620513 0.686058 0.600962
1 0.730288 0.6375 0.732692 0.655769 0.766827 0.657051 0.763221 0.63718
1 0.035817 0.697436 0.031731 0.715705 0.0 0.710897 0.00024 0.709615 0.00024 0.7 0.003606 0.691346
4 0.008413 0.691346 0.016827 0.668269 0.047837 0.675 0.040144 0.697436
4 0.420433 0.308013 0.420673 0.322115 0.44351 0.322115 0.442548 0.309295
4 0.353125 0.303846 0.351442 0.316987 0.373798 0.317308 0.374519 0.304808
1 0.361538 0.279487 0.359856 0.303526 0.347356 0.302885 0.35 0.277244
4 0.377163 0.235256 0.376202 0.249038 0.377885 0.249679 0.398077 0.250962 0.398558 0.23782
4 0.41851 0.247115 0.416587 0.259936 0.439183 0.26218 0.439904 0.249038
1 0.487019 0.253846 0.484375 0.266987 0.510096 0.271154 0.5125 0.257051
4 0.507933 0.280449 0.508173 0.294551 0.530288 0.295513 0.530048 0.280449
1 0.440865 0.297115 0.439183 0.307372 0.442548 0.308013 0.465865 0.311218 0.466106 0.299038
1 0.625481 0.269872 0.627164 0.278526 0.630288 0.28141 0.647837 0.279487 0.651683 0.27532 0.650481 0.26891
4 0.604808 0.311538 0.604567 0.325 0.628125 0.326603 0.626683 0.311859
1 0.602404 0.551603 0.622836 0.547115 0.618029 0.529487 0.588942 0.536218 0.593029 0.554487
4 0.151442 0.208013 0.146394 0.222115 0.170192 0.223077 0.172837 0.210897
