1 0.864664 0.772115 0.867788 0.792308 0.900721 0.793269 0.895914 0.773397
1 0.852404 0.718269 0.859375 0.73782 0.888942 0.733013 0.879087 0.71282
1 0.783654 0.792949 0.786298 0.805769 0.790865 0.8125 0.820913 0.815385 0.815865 0.79359
1 0.765865 0.740385 0.767308 0.759936 0.801683 0.763141 0.798317 0.742308
1 0.671394 0.791346 0.677644 0.813782 0.709615 0.805769 0.703125 0.783974
1 0.135096 0.527244 0.14399 0.532692 0.149519 0.529487 0.151923 0.527244 0.166346 0.504808 0.152163 0.498397 0.149279 0.501923
1 0.236058 0.475962 0.239423 0.489103 0.240865 0.489103 0.26899 0.478846 0.265865 0.465385 0.251442 0.469872
1 0.568269 0.3125 0.569712 0.324038 0.59375 0.324038 0.592548 0.311859
1 0.432452 0.303526 0.429327 0.311859 0.429327 0.313462 0.451923 0.319872 0.454567 0.319872 0.455769 0.307372
2 0.898317 0.761218 0.912981 0.816346 0.920913 0.814744 0.907692 0.760897
2 0.840625 0.701282 0.853125 0.751282 0.861779 0.749359 0.857933 0.736538 0.851683 0.717628 0.846875 0.700321
