0 0.354808 0.35641 0.348077 0.41218 0.430288 0.408654 0.432692 0.354167
5 0.270913 0.358654 0.264663 0.395833 0.329327 0.391667 0.331971 0.357372
0 0.034856 0.35609 0.076683 0.357372 0.113462 0.359295 0.089904 0.407051 0.02524 0.409936 0.017788 0.414744 0.01274 0.414103 0.028125 0.367308
4 0.166106 0.626923 0.191827 0.636218 0.185817 0.654487 0.167067 0.64968 0.163942 0.645192 0.163942 0.640064 0.1625 0.639423 0.163462 0.634615
4 0.264183 0.688462 0.288221 0.689423 0.285817 0.709615 0.277885 0.709295 0.274038 0.708333 0.269952 0.708013 0.264663 0.704487 0.261298 0.701603 0.260817 0.697756 0.262019 0.692308
1 0.459135 0.78718 0.46226 0.783333 0.490865 0.777564 0.494471 0.8 0.463462 0.809295 0.460577 0.807372 0.459615 0.799038
1 0.391346 0.758654 0.392548 0.75609 0.400962 0.746795 0.404808 0.739103 0.40649 0.729487 0.412981 0.734936 0.420192 0.741346 0.418269 0.748718 0.415625 0.75641 0.414423 0.764103 0.409856 0.771795 0.403606 0.772115 0.397115 0.766987 0.39351 0.761859
1 0.705048 0.694872 0.714423 0.700321 0.736058 0.7125 0.735337 0.721474 0.733894 0.725962 0.718029 0.721154 0.707933 0.717308 0.703606 0.715705 0.703365 0.705449
0 0.671875 0.36891 0.713462 0.368269 0.750962 0.363141 0.754808 0.383013 0.760577 0.399038 0.763462 0.407692 0.746635 0.410256 0.732212 0.419551 0.719712 0.421795 0.682452 0.41859 0.677164 0.396795
5 0.615865 0.369551 0.618029 0.405449 0.669231 0.402885 0.665385 0.36891
