4 0.113221 0.360897 0.111058 0.380128 0.137981 0.38141 0.139904 0.363782
4 0.008173 0.326923 0.003365 0.342949 0.030048 0.341026 0.034856 0.32532
4 0.089183 0.626603 0.08101 0.652244 0.114183 0.659295 0.121394 0.632372
4 0.580769 0.663782 0.584135 0.690385 0.613702 0.68782 0.612019 0.661218
1 0.675 0.635897 0.677164 0.655769 0.711058 0.657051 0.707452 0.63718
4 0.772837 0.632372 0.776202 0.655128 0.804087 0.654808 0.801202 0.630769
4 0.41274 0.360256 0.412019 0.379167 0.437981 0.380449 0.438221 0.36218
4 0.315385 0.356731 0.31274 0.376282 0.339183 0.380769 0.341346 0.360897
1 0.1125 0.571795 0.147356 0.566026 0.146875 0.585577 0.112019 0.591987
1 0.31274 0.691667 0.343269 0.690064 0.343029 0.705449 0.341827 0.709615 0.311779 0.711859
1 0.208894 0.601923 0.242308 0.603846 0.240865 0.624359 0.205288 0.623397
1 0.415144 0.628526 0.44375 0.632372 0.446154 0.636538 0.444952 0.653205 0.412019 0.64968
4 0.662019 0.569551 0.68125 0.570513 0.683413 0.603526 0.665144 0.602244
1 0.891106 0.625641 0.922356 0.625641 0.92524 0.633654 0.927885 0.645833 0.894952 0.646474
1 0.486538 0.699359 0.517308 0.7 0.516827 0.719231 0.487019 0.719231
1 0.230288 0.384295 0.226683 0.399038 0.256731 0.404487 0.260577 0.388141
1 0.455529 0.415705 0.452644 0.432051 0.481971 0.441026 0.484615 0.423718
1 0.513221 0.383333 0.511298 0.397756 0.540385 0.404487 0.541827 0.389423
1 0.597837 0.409295 0.627644 0.406731 0.630769 0.424359 0.608894 0.425641 0.59976 0.423718
1 0.684135 0.384295 0.710577 0.383974 0.713702 0.38782 0.715385 0.401603 0.68726 0.401282
1 0.783414 0.401282 0.811298 0.40032 0.814183 0.41218 0.814664 0.417308 0.786058 0.416346
1 0.852404 0.395513 0.852163 0.41218 0.882933 0.417628 0.88149 0.4
0 0.710817 0.115705 0.720433 0.175 0.749279 0.174359 0.804327 0.175 0.790865 0.115385
