4 0.413702 0.23782 0.438942 0.237179 0.438942 0.249038 0.413702 0.25
4 0.328365 0.185256 0.353606 0.184295 0.353606 0.196474 0.328365 0.197436
4 0.561298 0.304487 0.588942 0.303205 0.588462 0.315705 0.561298 0.316987
4 0.608173 0.32532 0.636298 0.324359 0.636538 0.339423 0.609375 0.340705
4 0.686058 0.240705 0.714663 0.240064 0.716586 0.253526 0.688462 0.255128
4 0.768269 0.265064 0.796635 0.264423 0.79976 0.278205 0.773077 0.278526
1 0.60625 0.309936 0.636538 0.308974 0.638221 0.323718 0.607692 0.323397
4 0.705048 0.493269 0.738221 0.492308 0.743269 0.514423 0.709375 0.515705
4 0.844952 0.497436 0.878365 0.496795 0.884615 0.517949 0.852163 0.51859
1 0.795192 0.501603 0.833414 0.501282 0.838702 0.520192 0.79976 0.521154
1 0.675721 0.497115 0.680288 0.516346 0.708654 0.514103 0.704808 0.494872
4 0.594952 0.491346 0.595433 0.498397 0.596394 0.513782 0.605048 0.51218 0.615385 0.509295 0.627885 0.513782 0.629808 0.497115 0.628606 0.48718
4 0.434135 0.459615 0.434375 0.478205 0.465385 0.477244 0.464663 0.457372
4 0.437019 0.511538 0.437019 0.532692 0.470192 0.53109 0.469712 0.509936
1 0.475721 0.511859 0.514663 0.51218 0.513462 0.532372 0.475 0.532051
4 0.327404 0.541026 0.325481 0.563782 0.360577 0.561859 0.361298 0.538462
4 0.367788 0.491346 0.365385 0.513782 0.398317 0.513141 0.400721 0.491667
4 0.307452 0.45 0.303365 0.469551 0.335337 0.470192 0.338702 0.450641
1 0.342788 0.438141 0.353365 0.438782 0.376442 0.440705 0.372115 0.454167 0.36899 0.45641 0.338221 0.454167 0.338942 0.45032 0.336779 0.45032 0.341827 0.438141
1 0.33125 0.488782 0.326442 0.505449 0.327163 0.50641 0.362981 0.509936 0.366587 0.490705 0.363221 0.491026 0.343269 0.489744
4 0.224519 0.511218 0.258654 0.511218 0.254087 0.533654 0.21875 0.533333
1 0.229808 0.486538 0.225962 0.503526 0.253365 0.504167 0.264904 0.502564 0.267308 0.485577 0.263462 0.485577
1 0.109615 0.534295 0.146154 0.527244 0.15024 0.528526 0.148317 0.546154 0.112981 0.552885 0.106971 0.551282
4 0.105529 0.552564 0.098317 0.576923 0.132933 0.577244 0.139663 0.553526
4 0.144471 0.453846 0.176202 0.452885 0.171875 0.473077 0.139663 0.474038
1 0.153125 0.425641 0.148317 0.441667 0.184615 0.441667 0.188462 0.425962
4 0.938221 0.700962 0.978365 0.698397 0.988942 0.728846 0.948077 0.731731
4 0.798798 0.683013 0.835577 0.679167 0.845914 0.709615 0.808173 0.714744
4 0.756731 0.683013 0.79351 0.679167 0.803846 0.709615 0.766106 0.715064
4 0.71851 0.688782 0.75625 0.683974 0.764904 0.714103 0.725962 0.719231
4 0.68101 0.689744 0.71875 0.689423 0.72524 0.719551 0.686058 0.720513
4 0.685817 0.623718 0.720673 0.620513 0.728125 0.648397 0.691346 0.650962
4 0.595433 0.670833 0.597356 0.698718 0.636779 0.699359 0.632452 0.66859
4 0.617308 0.741026 0.621154 0.774359 0.66274 0.77468 0.657692 0.741987
1 0.616346 0.71218 0.653365 0.713782 0.657212 0.7125 0.660817 0.71859 0.663702 0.727885 0.664663 0.741987 0.61899 0.738782 0.617548 0.733974
1 0.547596 0.755769 0.562981 0.753205 0.592308 0.747436 0.594952 0.747436 0.600481 0.770192 0.599519 0.773718 0.555048 0.783654 0.551923 0.780769
4 0.474279 0.703846 0.474279 0.733974 0.514423 0.733333 0.512981 0.701923
4 0.402163 0.663462 0.402644 0.691667 0.441587 0.686218 0.440144 0.657372
4 0.322356 0.730769 0.319471 0.76218 0.361538 0.759295 0.363702 0.727244
4 0.33149 0.6875 0.329567 0.713462 0.36875 0.713462 0.369952 0.682372
4 0.164183 0.72468 0.203365 0.720513 0.198077 0.752244 0.158173 0.755449
4 0.089663 0.718269 0.129327 0.715064 0.121635 0.745833 0.081971 0.749359
1 0.009615 0.7375 0.053365 0.735256 0.054087 0.740064 0.047356 0.764103 0.001683 0.766346 0.001442 0.761859
4 0.0 0.766987 0.030288 0.765705 0.019712 0.798077 0.00024 0.799038
1 0.065385 0.798718 0.113462 0.79391 0.107692 0.826282 0.057452 0.829167
4 0.259856 0.775641 0.3 0.773397 0.296394 0.804167 0.254808 0.804808
1 0.366827 0.725962 0.410337 0.734615 0.411058 0.741346 0.405529 0.765385 0.36226 0.754487 0.363462 0.735256
