1 0.197356 0.685897 0.194712 0.7 0.21899 0.700321 0.220913 0.685897
1 0.23149 0.692628 0.229567 0.707051 0.252644 0.70609 0.254327 0.691346
1 0.260817 0.694551 0.257452 0.709615 0.280288 0.7125 0.282212 0.700641 0.28149 0.696474
1 0.300481 0.688462 0.299038 0.702564 0.323558 0.702564 0.324038 0.688141
1 0.335817 0.697436 0.334615 0.711859 0.357933 0.710897 0.358654 0.696154
1 0.368029 0.697436 0.367067 0.711218 0.390385 0.710577 0.390625 0.695833
1 0.40601 0.6625 0.404567 0.676923 0.426683 0.678526 0.427644 0.664744
1 0.411058 0.63109 0.410337 0.644231 0.431971 0.643269 0.432452 0.630128
1 0.36899 0.62532 0.36851 0.638782 0.390385 0.638462 0.391346 0.624359
1 0.334135 0.657692 0.332933 0.671795 0.35625 0.670513 0.356971 0.65641
1 0.303365 0.658654 0.300962 0.671795 0.324279 0.673397 0.325962 0.659615
3 0.300481 0.617949 0.300962 0.626923 0.328606 0.624038 0.329087 0.616026
1 0.280288 0.600962 0.277644 0.627564 0.289663 0.627885 0.292067 0.600962
1 0.240625 0.609615 0.239663 0.623397 0.262019 0.621795 0.262981 0.608333
1 0.264904 0.655128 0.263702 0.669551 0.283654 0.669231 0.287019 0.668269 0.288462 0.654487
1 0.234615 0.650962 0.232452 0.664103 0.254087 0.665064 0.25649 0.663141 0.256731 0.659936 0.257692 0.65032
1 0.203606 0.646795 0.200962 0.660256 0.204087 0.661538 0.223558 0.661218 0.225 0.659615 0.226202 0.647115
1 0.207692 0.620833 0.206731 0.633974 0.230048 0.634295 0.230529 0.620192
1 0.157452 0.525641 0.15625 0.53782 0.177163 0.538141 0.179087 0.525641
1 0.102163 0.504487 0.102163 0.516987 0.124519 0.510256 0.123558 0.498718
1 0.036779 0.49359 0.034135 0.504487 0.054087 0.50641 0.056971 0.494231
1 0.120913 0.444231 0.117067 0.454808 0.136779 0.458333 0.140625 0.447115
1 0.167067 0.465705 0.165144 0.477244 0.185577 0.477564 0.185817 0.466346
1 0.173558 0.409295 0.170913 0.420513 0.191827 0.419872 0.193029 0.410897
1 0.125481 0.410897 0.123077 0.421474 0.142067 0.419551 0.144471 0.408654
1 0.167548 0.351603 0.164663 0.361859 0.183413 0.361218 0.184615 0.35
1 0.180769 0.290385 0.177644 0.29968 0.195913 0.30032 0.198317 0.290705
1 0.145913 0.27532 0.142548 0.284615 0.160577 0.284615 0.1625 0.275641
1 0.126442 0.247436 0.124038 0.256731 0.106971 0.254808 0.110577 0.246154
1 0.110577 0.291026 0.106971 0.305128 0.103846 0.308013 0.096635 0.307692 0.101442 0.289744
1 0.030048 0.258974 0.025721 0.267949 0.034856 0.26859 0.042067 0.270513 0.045192 0.261859
1 0.015625 0.302564 0.011538 0.309615 0.025 0.316026 0.028606 0.307692
1 0.009856 0.340064 0.005769 0.35 0.023558 0.352244 0.026202 0.342628
1 0.073077 0.319231 0.070192 0.327885 0.089423 0.326923 0.091587 0.317308
1 0.71851 0.513782 0.720192 0.525641 0.740144 0.524359 0.738462 0.512821
1 0.715625 0.453205 0.717067 0.464744 0.736779 0.465705 0.736058 0.453846
1 0.705769 0.3875 0.705529 0.398077 0.72476 0.400641 0.724038 0.389103
1 0.660817 0.319872 0.661058 0.338141 0.650962 0.33782 0.650962 0.319551
1 0.639423 0.375321 0.638942 0.384936 0.658173 0.3875 0.658173 0.38141 0.657212 0.376603
1 0.607933 0.404487 0.608413 0.415064 0.627885 0.415064 0.626923 0.404487
1 0.619231 0.464103 0.619231 0.476282 0.639423 0.478526 0.639663 0.466346
1 0.669952 0.454808 0.672356 0.476282 0.683173 0.475641 0.680529 0.453846
1 0.644712 0.473397 0.644712 0.484295 0.665385 0.486218 0.664663 0.47468
1 0.627404 0.52532 0.627164 0.5375 0.649038 0.539103 0.648077 0.526923
1 0.587019 0.518269 0.580769 0.540064 0.592308 0.542308 0.597356 0.521795
1 0.563221 0.498397 0.563942 0.521154 0.574279 0.520833 0.573317 0.498397
1 0.542788 0.494231 0.545913 0.517308 0.555769 0.516026 0.55601 0.51218 0.552885 0.492628
1 0.602885 0.382372 0.605529 0.391346 0.608413 0.391987 0.624038 0.384615 0.620673 0.375962
1 0.59976 0.354808 0.600721 0.363462 0.614904 0.3625 0.613221 0.352885
1 0.61226 0.325 0.613702 0.332372 0.63125 0.33141 0.629808 0.322115
1 0.52524 0.401603 0.524279 0.410897 0.54399 0.413782 0.544231 0.402564
1 0.460337 0.439103 0.459375 0.449359 0.479327 0.450962 0.479327 0.439103
1 0.457212 0.414103 0.455048 0.434615 0.465385 0.435577 0.467308 0.414423
1 0.466106 0.353205 0.464904 0.371474 0.47476 0.372756 0.475962 0.353846
1 0.41226 0.326923 0.411298 0.336218 0.430288 0.33782 0.430288 0.327564
1 0.389904 0.351603 0.389663 0.3625 0.403846 0.364423 0.403846 0.352244
1 0.362981 0.323077 0.363221 0.332051 0.38125 0.330128 0.380529 0.320833
1 0.358173 0.292308 0.357692 0.30032 0.375962 0.300962 0.375962 0.292949
1 0.324038 0.363141 0.323558 0.371795 0.341587 0.371474 0.341827 0.36218
1 0.295673 0.392949 0.293029 0.401603 0.311058 0.405769 0.313221 0.395513
1 0.286779 0.450962 0.284375 0.460256 0.285096 0.461859 0.303846 0.463782 0.305529 0.453205
1 0.228606 0.528526 0.226923 0.540064 0.248077 0.540705 0.249279 0.528846
1 0.232452 0.459295 0.228365 0.480449 0.239423 0.480769 0.242548 0.459936
1 0.245913 0.416987 0.24375 0.426923 0.263942 0.429808 0.265625 0.417949
1 0.247356 0.391026 0.246154 0.401923 0.266587 0.402564 0.266587 0.390705
1 0.251442 0.372436 0.249279 0.374679 0.248317 0.382051 0.266827 0.386218 0.268269 0.374359
5 0.409135 0.352564 0.420913 0.353846 0.41899 0.3875 0.397596 0.385577 0.399038 0.365385 0.405529 0.365064 0.407933 0.360256 0.408173 0.352885
1 0.456731 0.281731 0.455288 0.290705 0.473077 0.292949 0.473798 0.283654
1 0.555769 0.394872 0.55601 0.403205 0.556731 0.405449 0.575 0.403846 0.574038 0.394231
5 0.662019 0.395192 0.663702 0.43109 0.641587 0.430769 0.640385 0.39391
5 0.682933 0.358333 0.686538 0.390385 0.692548 0.391987 0.705048 0.391667 0.704567 0.38718 0.707452 0.386859 0.703606 0.358654
5 0.721154 0.529487 0.721875 0.532051 0.738221 0.532051 0.73774 0.528205
5 0.59976 0.367628 0.6 0.370513 0.615625 0.369872 0.615385 0.367628 0.614664 0.366987
