0 0.126683 0.140064 0.169471 0.151923 0.180048 0.152244 0.18125 0.15641 0.166346 0.189423 0.11274 0.17532 0.123558 0.154167
0 0.390865 0.110897 0.446875 0.113462 0.444231 0.151923 0.386538 0.147436
0 0.628125 0.125641 0.682212 0.120192 0.690144 0.15609 0.634375 0.160256
0 0.886298 0.105128 0.940625 0.108974 0.949038 0.141026 0.896875 0.135897
1 0.038702 0.323397 0.055529 0.324038 0.051923 0.335256 0.034135 0.333974
1 0.152163 0.26859 0.170913 0.265385 0.169712 0.27532 0.14976 0.278205
1 0.09351 0.365705 0.113942 0.366346 0.107692 0.375641 0.089663 0.374679
1 0.205769 0.34968 0.216587 0.349038 0.213221 0.371795 0.202404 0.371474
1 0.304327 0.321474 0.325 0.317949 0.325 0.328205 0.304808 0.33141
1 0.302644 0.363462 0.322596 0.365705 0.320192 0.375962 0.302644 0.374038 0.29976 0.371795
1 0.379087 0.35641 0.399279 0.35609 0.4 0.366346 0.398077 0.366987 0.377404 0.366026 0.378846 0.357372
1 0.381731 0.307051 0.399519 0.309615 0.401442 0.312821 0.399279 0.319231 0.379327 0.316667
1 0.381731 0.26891 0.400962 0.269551 0.401202 0.277564 0.38125 0.277885
1 0.430529 0.269231 0.449519 0.270513 0.448798 0.279808 0.429808 0.278526
1 0.427644 0.307051 0.444712 0.314744 0.441587 0.323718 0.423558 0.316026 0.424519 0.311218
1 0.446154 0.35641 0.465385 0.355449 0.467548 0.367308 0.446635 0.367628
1 0.489183 0.366346 0.508654 0.3625 0.509615 0.372756 0.490625 0.376282
1 0.50625 0.309615 0.523798 0.308974 0.527163 0.311859 0.526442 0.31859 0.507212 0.320833
1 0.50625 0.266987 0.52476 0.267308 0.525481 0.277244 0.506731 0.276923
1 0.607933 0.268269 0.626923 0.269231 0.627404 0.277885 0.607933 0.276923
1 0.610817 0.315064 0.631971 0.314744 0.631731 0.32532 0.611298 0.325641
1 0.61875 0.359615 0.639663 0.360256 0.639904 0.370192 0.61899 0.369231
1 0.727885 0.35641 0.749519 0.353526 0.751683 0.363782 0.731731 0.367308
1 0.209856 0.436538 0.232212 0.438462 0.230769 0.449359 0.207452 0.447115
1 0.24351 0.439103 0.2625 0.439423 0.262981 0.452885 0.242548 0.451282
1 0.273798 0.433654 0.294952 0.433654 0.295192 0.445513 0.272115 0.445833
1 0.307933 0.439103 0.328606 0.438462 0.329327 0.451603 0.305769 0.450962
1 0.339663 0.435577 0.361058 0.438462 0.361298 0.445192 0.358173 0.45 0.33774 0.447756 0.339904 0.436538
1 0.375721 0.446154 0.389423 0.445192 0.395433 0.444231 0.398317 0.446154 0.398558 0.455128 0.375721 0.45609 0.375481 0.447115
1 0.236058 0.480769 0.258173 0.478846 0.257933 0.492308 0.235096 0.49391
1 0.223558 0.543269 0.247115 0.544872 0.245673 0.558013 0.221154 0.557372
1 0.271394 0.559295 0.295913 0.549359 0.298077 0.56218 0.274279 0.571795
1 0.371154 0.536859 0.394471 0.535897 0.394231 0.549038 0.370433 0.55
1 0.360337 0.48141 0.383173 0.482051 0.381971 0.49391 0.365865 0.493269 0.361538 0.491667 0.359856 0.48782
1 0.417067 0.483654 0.439423 0.483974 0.439663 0.495833 0.417308 0.496474 0.417308 0.485577
1 0.419471 0.522436 0.442308 0.522436 0.441827 0.534295 0.419712 0.534936 0.419231 0.523397
1 0.416106 0.563782 0.438942 0.561538 0.439183 0.57468 0.416106 0.576603
1 0.448558 0.5625 0.472356 0.56218 0.472115 0.575641 0.448798 0.575641
1 0.484135 0.558974 0.506971 0.559615 0.508413 0.573077 0.485337 0.572756
1 0.485577 0.519551 0.507452 0.51891 0.508894 0.53141 0.486298 0.53109
1 0.449279 0.522436 0.471394 0.521474 0.472596 0.533974 0.44976 0.534295
1 0.447356 0.482692 0.46899 0.483974 0.469231 0.495192 0.46875 0.496154 0.446875 0.495833 0.447115 0.486218
1 0.483173 0.478526 0.505048 0.480769 0.504567 0.494231 0.482212 0.490705
1 0.449519 0.445513 0.471635 0.443269 0.471875 0.454167 0.450721 0.45609
1 0.488462 0.444551 0.510096 0.444231 0.510817 0.45609 0.488942 0.455128
1 0.549038 0.445192 0.570433 0.44359 0.572356 0.454487 0.572356 0.455128 0.550721 0.457372
1 0.540385 0.490385 0.562981 0.490385 0.562019 0.503526 0.539904 0.501603
1 0.557452 0.538141 0.581971 0.539103 0.582212 0.552244 0.558173 0.551923
1 0.628365 0.535256 0.652885 0.534295 0.654327 0.548077 0.63101 0.549359
1 0.620192 0.475641 0.642548 0.474038 0.64351 0.480769 0.640865 0.486859 0.621394 0.48718
1 0.61851 0.434295 0.640385 0.433333 0.641827 0.445513 0.619712 0.447756
1 0.65 0.439423 0.673077 0.436538 0.67476 0.447115 0.652644 0.451282
1 0.655048 0.476923 0.678365 0.473397 0.68125 0.486859 0.657692 0.488141
1 0.661538 0.5125 0.680529 0.510897 0.684856 0.523397 0.664663 0.525
1 0.690144 0.513141 0.711779 0.513782 0.713221 0.525641 0.692308 0.52532
1 0.685096 0.478205 0.707933 0.477885 0.709615 0.490064 0.686538 0.489744
1 0.68101 0.442949 0.702885 0.441987 0.704327 0.453846 0.682692 0.453205 0.681971 0.448718 0.68101 0.444872
1 0.700481 0.550641 0.724038 0.548397 0.727163 0.554808 0.726202 0.560577 0.704808 0.564423 0.70024 0.551282
1 0.664663 0.552885 0.686538 0.551923 0.688221 0.566026 0.667308 0.566667
1 0.752164 0.559615 0.777163 0.55641 0.780529 0.571154 0.755529 0.575641
1 0.739664 0.49391 0.762981 0.492628 0.764663 0.503846 0.764423 0.50641 0.740865 0.50641
1 0.751923 0.458013 0.773798 0.456731 0.779327 0.464744 0.755529 0.466987
1 0.034615 0.516987 0.05649 0.51218 0.05601 0.516346 0.049519 0.525962 0.032933 0.528846
1 0.089904 0.55641 0.112981 0.555128 0.109375 0.569231 0.086298 0.569872
4 0.066587 0.573077 0.08726 0.571154 0.085817 0.58782 0.070433 0.58718 0.065385 0.58109
1 0.017788 0.561218 0.040385 0.559615 0.03774 0.574359 0.014663 0.573397
4 0.005769 0.578205 0.025962 0.577564 0.023798 0.59391 0.002644 0.59391
1 0.056971 0.668269 0.082933 0.666987 0.08125 0.681731 0.077644 0.683974 0.053846 0.684295
1 0.035096 0.745513 0.06274 0.740385 0.0625 0.755128 0.057933 0.758333 0.034856 0.7625 0.034856 0.746154
1 0.206731 0.655449 0.23101 0.66218 0.225721 0.677885 0.200481 0.670513 0.20625 0.65609
1 0.195433 0.736218 0.222596 0.738462 0.221154 0.750962 0.214904 0.755449 0.192067 0.751923
1 0.18101 0.827885 0.210577 0.825962 0.208654 0.843269 0.179808 0.846795
1 0.347115 0.839103 0.374279 0.838141 0.374279 0.856731 0.344952 0.858013
1 0.35625 0.747756 0.381731 0.745833 0.382452 0.763141 0.354808 0.765705
1 0.358654 0.671795 0.382933 0.669231 0.384375 0.684936 0.358654 0.688141
1 0.422115 0.685577 0.447115 0.686859 0.447356 0.701923 0.427885 0.700321 0.422356 0.692628
1 0.416587 0.741346 0.442548 0.7375 0.444471 0.754167 0.418269 0.758654 0.417548 0.755769
1 0.432933 0.825641 0.460817 0.822115 0.461298 0.841346 0.433654 0.84391
1 0.519231 0.817949 0.546635 0.820192 0.546635 0.825321 0.546635 0.838462 0.519231 0.83718
1 0.524038 0.739423 0.549279 0.740064 0.55024 0.756731 0.522596 0.755449
1 0.560577 0.680769 0.585817 0.679487 0.5875 0.695192 0.561779 0.695513
1 0.564664 0.738141 0.590144 0.738782 0.592548 0.755769 0.565865 0.756731
1 0.569231 0.797115 0.594471 0.796154 0.595914 0.801923 0.596154 0.814103 0.578846 0.816026 0.569471 0.813782 0.56875 0.798397
1 0.572115 0.850962 0.599279 0.855769 0.59976 0.87532 0.571154 0.869231
1 0.633654 0.852564 0.660817 0.847115 0.664183 0.867628 0.63774 0.872115 0.634135 0.858013 0.633173 0.853205
1 0.628125 0.791026 0.654808 0.790385 0.657212 0.808013 0.630529 0.809295
1 0.642067 0.733013 0.66875 0.735577 0.66875 0.754808 0.642308 0.752564
1 0.602885 0.695833 0.628846 0.696154 0.629087 0.707372 0.626683 0.710897 0.603846 0.710577 0.602404 0.700641
1 0.638462 0.684295 0.663462 0.679167 0.667788 0.695192 0.644952 0.699359 0.642308 0.695833 0.640144 0.68782
1 0.676683 0.689103 0.702163 0.686859 0.704567 0.702244 0.678606 0.704808
1 0.709135 0.691667 0.733894 0.692308 0.736058 0.705769 0.710096 0.704167 0.709135 0.701603 0.708894 0.691346
1 0.686538 0.733974 0.712981 0.733654 0.714904 0.750641 0.688221 0.750641
1 0.728365 0.733333 0.753846 0.736538 0.755769 0.753846 0.730529 0.751923
1 0.690865 0.791026 0.718029 0.788141 0.721394 0.805769 0.69399 0.807372
1 0.734615 0.789744 0.759615 0.78718 0.762019 0.789103 0.764423 0.804167 0.741106 0.806731 0.738221 0.807051 0.735337 0.795192 0.734615 0.790385
1 0.697356 0.845833 0.727163 0.845513 0.729086 0.865064 0.702885 0.867628 0.700721 0.865064 0.697356 0.848718
1 0.737019 0.848718 0.764663 0.848077 0.768269 0.867949 0.741106 0.86859 0.740144 0.86891
1 0.825962 0.841346 0.855048 0.839744 0.857692 0.859615 0.830048 0.859295
1 0.791827 0.784936 0.819712 0.783333 0.824038 0.802244 0.797115 0.804808
1 0.806731 0.729167 0.834856 0.727885 0.836779 0.744231 0.810336 0.746795
1 0.792548 0.677244 0.81875 0.675962 0.822596 0.690705 0.796875 0.691667
