0 0.492949 0.321154 0.592628 0.315144 0.608654 0.355769 0.504808 0.361779
0 0.204808 0.384135 0.253205 0.385817 0.315705 0.380048 0.325 0.423077 0.259936 0.430288 0.205128 0.433894
4 0.828526 0.380769 0.857372 0.379808 0.863141 0.391106 0.833974 0.391827
1 0.909936 0.37524 0.942628 0.374279 0.948397 0.383654 0.916026 0.384856
1 0.858013 0.307212 0.890064 0.304567 0.894231 0.3125 0.863462 0.315625
1 0.788141 0.310577 0.820192 0.307692 0.824359 0.315865 0.793269 0.31899
1 0.726923 0.322115 0.759295 0.319231 0.763141 0.327163 0.732372 0.330288
1 0.699359 0.272837 0.728205 0.272115 0.734936 0.277885 0.704167 0.28101
1 0.641026 0.290625 0.671795 0.289183 0.676603 0.295673 0.645833 0.298798
1 0.666667 0.323317 0.698718 0.321635 0.702885 0.329567 0.671474 0.33149
1 0.68109 0.387981 0.717308 0.38726 0.720513 0.397115 0.686218 0.399038
1 0.755769 0.388942 0.792308 0.38726 0.795833 0.396635 0.761218 0.399038
