0 0.399519 0.284936 0.47524 0.288782 0.476683 0.341987 0.397837 0.341667 0.399279 0.298718
0 0.740865 0.323077 0.789183 0.323077 0.789663 0.332692 0.742308 0.331731
0 0.729567 0.297756 0.801923 0.295192 0.810096 0.323718 0.81851 0.354487 0.740625 0.349038 0.734135 0.315705 0.729327 0.301282
2 0.248317 0.611859 0.312981 0.614744 0.311779 0.629808 0.245913 0.623397
4 0.298798 0.664103 0.326923 0.666026 0.322837 0.689103 0.294952 0.685256
4 0.533414 0.63141 0.559135 0.631731 0.559615 0.653205 0.534375 0.651923
1 0.411538 0.730449 0.44375 0.73141 0.443269 0.749038 0.410577 0.75
4 0.666106 0.624359 0.691587 0.628526 0.692308 0.647436 0.66875 0.64359
4 0.669231 0.646154 0.69399 0.648718 0.698317 0.669231 0.671875 0.666987
4 0.672837 0.667628 0.697596 0.670192 0.69976 0.690064 0.675 0.688782
1 0.75649 0.655449 0.785817 0.655128 0.789663 0.670513 0.759375 0.670833
