0 0.039663 0.349359 0.08149 0.352244 0.109615 0.354167 0.099038 0.390385 0.094231 0.400641 0.092308 0.400962 0.018269 0.401282 0.031971 0.364103
0 0.06274 0.290705 0.129567 0.306731 0.113221 0.343269 0.109615 0.347436 0.039663 0.339744 0.060096 0.295833
0 0.386298 0.330449 0.461538 0.333654 0.456731 0.388141 0.378125 0.390064 0.385337 0.333333
0 0.704567 0.259295 0.753125 0.26218 0.776442 0.261218 0.785096 0.318269 0.710096 0.315385 0.705769 0.278526
0 0.708173 0.320833 0.782212 0.32468 0.79375 0.38141 0.716106 0.377564 0.707692 0.326923
2 0.228606 0.51859 0.258654 0.520513 0.257212 0.530128 0.227404 0.527244
2 0.220913 0.544231 0.250962 0.546154 0.249519 0.555769 0.219712 0.552885
2 0.212019 0.565705 0.242067 0.567628 0.240625 0.576923 0.211058 0.574359
2 0.198798 0.588782 0.228846 0.590705 0.227404 0.6 0.197837 0.597436
2 0.188462 0.615385 0.21851 0.617308 0.217067 0.626603 0.1875 0.624038
2 0.166346 0.641987 0.196394 0.64391 0.194952 0.653205 0.165385 0.650641
2 0.296154 0.692628 0.329327 0.693269 0.330048 0.703526 0.295673 0.702564
2 0.294231 0.726282 0.327885 0.725641 0.328365 0.737179 0.29375 0.736218
2 0.288462 0.75641 0.322115 0.755769 0.322356 0.767308 0.287981 0.766346
2 0.28149 0.790385 0.315144 0.789744 0.315385 0.801282 0.28101 0.80032
2 0.276683 0.829487 0.310096 0.829167 0.310577 0.840385 0.276202 0.839423
1 0.447596 0.770513 0.482452 0.775 0.479327 0.795192 0.447596 0.790705
1 0.391827 0.566987 0.416106 0.566026 0.417788 0.585256 0.390385 0.585897
1 0.527163 0.603205 0.554808 0.603205 0.557692 0.621154 0.529808 0.620833
