0 0.66899 0.301603 0.674519 0.354167 0.75 0.352564 0.744952 0.319551 0.739904 0.29968
2 0.904327 0.301923 0.907692 0.314423 0.975962 0.312179 0.973558 0.298718
2 0.889423 0.251923 0.892788 0.265385 0.957692 0.26218 0.955769 0.251282
2 0.872115 0.196795 0.87524 0.209615 0.9375 0.20641 0.935817 0.197115
0 0.427644 0.288141 0.419712 0.307051 0.409135 0.339103 0.478365 0.359936 0.494231 0.30641
0 0.027163 0.298397 0.018269 0.320192 0.013221 0.335256 0.008173 0.349038 0.073077 0.344551 0.090625 0.294231
4 0.896154 0.548718 0.897837 0.565705 0.921154 0.567308 0.91875 0.550962
1 0.919231 0.551282 0.921154 0.566026 0.940385 0.567628 0.937019 0.553205
4 0.947596 0.565705 0.950962 0.583333 0.975481 0.586218 0.972596 0.567308
4 0.926683 0.602564 0.932452 0.618269 0.956971 0.619231 0.950721 0.604487
4 0.970914 0.649359 0.977404 0.668269 0.99976 0.669231 1.0 0.652885 0.997596 0.649359
4 0.935577 0.68109 0.940625 0.701282 0.967067 0.700321 0.961538 0.680128
0 0.910337 0.645192 0.92524 0.678526 0.938702 0.674038 0.924279 0.641026
4 0.796154 0.661218 0.799519 0.679487 0.824038 0.677244 0.819952 0.658333
4 0.826923 0.747115 0.829808 0.770192 0.857212 0.770192 0.854808 0.747436
4 0.754087 0.781731 0.75649 0.805128 0.783654 0.804808 0.780529 0.782051
4 0.745192 0.726603 0.747115 0.748397 0.773798 0.749359 0.770914 0.727885
4 0.687019 0.694551 0.688702 0.715385 0.714423 0.714423 0.71226 0.694551
4 0.645914 0.782051 0.646394 0.804487 0.673077 0.80609 0.672356 0.783654
4 0.602404 0.760897 0.602885 0.783333 0.629327 0.785577 0.628846 0.7625
4 0.55 0.783654 0.54976 0.80641 0.576202 0.807051 0.575962 0.784295
4 0.547596 0.726282 0.547837 0.746795 0.573317 0.747436 0.572596 0.726603
4 0.48125 0.696154 0.48101 0.716346 0.505769 0.716346 0.50601 0.696474
4 0.484135 0.751603 0.484135 0.771154 0.508894 0.772756 0.508894 0.751923
4 0.483413 0.799038 0.482212 0.819231 0.509135 0.821154 0.509375 0.799679
4 0.689904 0.767308 0.690385 0.78718 0.716586 0.78718 0.715625 0.766987
3 0.596394 0.742949 0.595914 0.754487 0.632212 0.755769 0.632212 0.745513
3 0.560336 0.767308 0.560577 0.778846 0.594471 0.778526 0.594471 0.769231
3 0.557212 0.707372 0.557212 0.717949 0.586779 0.716987 0.58726 0.708654
3 0.491587 0.680769 0.491587 0.689103 0.520433 0.686218 0.520433 0.679808
3 0.762981 0.767628 0.762981 0.778205 0.799038 0.779167 0.798317 0.769872
3 0.807933 0.732372 0.820433 0.797436 0.833173 0.794872 0.821154 0.73109
3 0.476923 0.81859 0.476683 0.825962 0.505769 0.826923 0.505769 0.821154 0.486058 0.820513 0.481731 0.819551
3 0.477885 0.770192 0.477404 0.777244 0.50601 0.778205 0.50601 0.772756 0.48774 0.772115
