0 0.072115 0.297115 0.137981 0.297756 0.136779 0.305449 0.132212 0.311859 0.123077 0.33109 0.050721 0.326603 0.063221 0.309615
0 0.336538 0.308974 0.398798 0.310256 0.396875 0.345513 0.330529 0.342308 0.334375 0.312179 0.335817 0.308013
0 0.614664 0.318269 0.670673 0.325 0.677164 0.343269 0.680529 0.359615 0.628606 0.354808 0.623317 0.353846 0.621875 0.350962
0 0.913462 0.301282 0.963702 0.302885 0.989183 0.335256 0.930529 0.333654
5 0.101923 0.558654 0.133654 0.556731 0.116106 0.614744 0.082452 0.618269
5 0.156971 0.675962 0.192548 0.676923 0.165144 0.745833 0.132452 0.744231
5 0.264423 0.565385 0.295192 0.566346 0.276683 0.633013 0.244231 0.632692
5 0.475 0.680449 0.508413 0.689103 0.492548 0.759936 0.459135 0.755449
5 0.536779 0.576603 0.563462 0.584295 0.555048 0.638462 0.527404 0.63141
5 0.630048 0.573718 0.65649 0.571795 0.669712 0.627564 0.642788 0.627564
5 0.749519 0.575 0.775481 0.582692 0.780529 0.630128 0.752164 0.623077
5 0.760336 0.444231 0.784135 0.445833 0.793269 0.486538 0.770673 0.483974
5 0.069952 0.47468 0.088702 0.432372 0.113702 0.432692 0.097596 0.480449 0.070913 0.478205
