1 0.752404 0.277244 0.754327 0.289423 0.779086 0.291346 0.777404 0.278846
2 0.934375 0.221474 0.94976 0.220192 0.985096 0.21859 0.988462 0.231731 0.939183 0.234295
2 0.909375 0.159615 0.913462 0.172756 0.93101 0.172115 0.964423 0.170833 0.959615 0.158013
2 0.843269 0.473718 0.846635 0.482051 0.877644 0.482692 0.875962 0.472436
1 0.114423 0.509615 0.108654 0.526603 0.139663 0.534936 0.142788 0.51891
1 0.177885 0.517628 0.209375 0.512821 0.208413 0.530769 0.177163 0.534615
1 0.260337 0.5125 0.25625 0.53141 0.289663 0.532692 0.290625 0.516026
1 0.295673 0.51891 0.31851 0.495513 0.328846 0.507372 0.30649 0.532692
1 0.396154 0.507692 0.426442 0.499038 0.428846 0.516987 0.398558 0.524038
1 0.468269 0.508333 0.497596 0.506731 0.498077 0.523397 0.468269 0.524359
1 0.466587 0.433974 0.494471 0.43141 0.496154 0.447756 0.467308 0.44968
1 0.53149 0.510897 0.533173 0.527244 0.56226 0.52468 0.561058 0.507372
1 0.049519 0.676603 0.082452 0.68141 0.076442 0.702885 0.04351 0.698077
1 0.05601 0.644231 0.054087 0.658013 0.091346 0.654808 0.093029 0.641346
1 0.285337 0.730449 0.320433 0.729167 0.319231 0.752564 0.282692 0.752885
1 0.218269 0.799038 0.250962 0.807692 0.247596 0.832051 0.211298 0.822436
1 0.119952 0.797756 0.156971 0.79391 0.155048 0.817628 0.117067 0.821474
4 0.371394 0.729808 0.401923 0.732051 0.399038 0.758654 0.36851 0.755128
1 0.454567 0.674679 0.48774 0.676603 0.486538 0.697436 0.453606 0.695833
1 0.64375 0.790705 0.675481 0.77468 0.683654 0.797756 0.650962 0.81218
1 0.725962 0.789103 0.761298 0.790705 0.763942 0.813141 0.727404 0.81218
1 0.811058 0.79391 0.846875 0.791667 0.852404 0.816346 0.816587 0.816987
1 0.902644 0.794872 0.935336 0.788462 0.94351 0.811218 0.909375 0.819231
